,date,title,content
0,2019/11/15,香港情勢惡化 我金融業在港總曝險重返兆元大關,香港為了反送中引渡條款，激烈的示威抗爭已經持續 5 個多月，金管會今 (15) 日公布，截至 9 月底，我國金融三業－－銀行、保險、證券對香港曝險金額達 1 兆 179.43 億元，不但再度重返兆元大關，且單月增加了 233.58 億元；對於總曝險金額提高，金管會表示，台灣金融業在香港據點營運都不受影響，且目前資金移動也都正常，金管會會持續緊盯香港情勢。香港反送中運動從 6 月上旬發起，至今仍在延燒，且衝突不斷擴大，引爆前所未見的失控鎮壓，反送中事件一再升溫，預估對香港經濟將造成一定程度衝擊，尤其，我國金融業 (銀行、保險、證券) 與香港往來密切，外界擔心我國金融在香港的曝險同步受到衝擊。金管會自 5 月開始緊盯台灣金融業在香港的曝險狀況，據金管會統計， 5 月底曝險總額為 1 兆 228.6 億元， 6 月底再增至 1 兆 282 億元， 7 月底降至 9934.96 億元， 8 月小幅提高至 9945.85 億元，9 月再度重返兆元大關、達 1 兆 179.43 億元。銀行業部分，台灣在香港的銀行共計有 19 家分行、 1 家子行、 3 家子公司與 2 家代表人辦事處。至 9 月底為止，台灣銀行業在香港曝險金額為 7310 億元，其中，授信總額為 5591 億元，投資總額為 1719 億元，都較 8 月底雙雙增加。保險業部分，至 9 月底止，台灣整體保險業在香港曝險金額為 2121 億元，占整體保險業可運用資金的 0.81 %，曝險額也較 8 月底增加 29 億元。至於證券業（包括事業投資、有價證券投資等），至 9 月底止，台灣證券期貨業在香港曝險金額為 748.43 億元，較 8 月的 718.85 億元，也增加 29.58 億元。對於香港情勢持續惡化，是否動搖其亞太金融中心地位，金管會強調，就最新回報情況，我國金融業在香港據點的營運，目前並沒有受到影響，資金移動也都正常，有時業務本就會略為波動，因此需要再觀察，如果有任何影響，金管會也都要求必須即時通報，並持續關注相關曝險變化。
1,2019/11/15,統一「愛．Sharing」南北同步揭幕 羅智先談景氣：現在看不懂,統一 () 集團「愛．Sharing」聖誕系列主題活動今年邁入第 5 年，今年以美國拉斯維加斯為主題城市，統一董事長羅智先與統一美麗事業董事長高秀玲一同出席點燈。對於 2019 年統一集團營運，羅智先表示，「平安就好」。但羅智先被問及對於 2020 年的景氣，羅智先則表示，現在看不懂，所以就不看，把自己的事情做好就好。對於統一超 () 開設第 3 家無人商店的進度，羅智先在揭幕之後接受訪問時指出，時間目前還未定，主要是因為地點不好找，而且這要賠很多錢，所以不能找加盟店，只能直營，羅智先說，新的無人店不一定能在年底前開出，也沒有時間表。羅智先也說，統一超商目前對於進行開設無人商店的基本架構、元素都在，只要找到合適地點就會開。統一企業集團的「愛．Sharing」活動，5 年來到訪人次超過上千萬人次，今年統一時代百貨也是台北市信義區首家點燈的百貨，統一企業今年斥資上 1000 萬元，在統一時代百貨台北店與高雄店都舉辦「愛．Sharing」活動。同時，統一並依主題行銷模式開發出星巴克等飲料、食品、日用商品、禮品等大量週邊商品同步上市行銷。
2,2019/11/15,扶植「5+2」新創產業 金管會擬開放保險業放款業務,為配合政府政策扶植「5+2」新創重點產業，金管會研擬開放保險業辦理外國中央政府、經濟合作發展組織（OECD）公布的官方輸出信用保證機構提供保證或保險的放款業務，並可以採事後查核方式辦理。金管會近期將依據「保險業資金辦理專案運用公共及社會福利事業投資管理辦法」第 2 條第 6 款規定發布相關令釋，保險業擔任聯合貸款案的參加行，除了目前已得辦理外國中央政府所設立信用保證機構提供保證的放款業務之外，新增經外國中央政府、OECD 公布的官方輸出信用保證機構提供保證或保險的放款業務，並可以採事後查核方式辦理。金管會保險局表示，保險業辦理上述這些放款業務應符合 4 項條件，首先是放款對象申請放款的用途，須用於投資綠能科技、亞洲矽谷、生技醫藥、國防產業、智慧機械、新農業及循環經濟等「5+2」新創重點產業。第二，保險業應評估該外國中央政府財政狀況或該信用保證機構財務狀況，是否足以償付所擔保的債務，並應依國家地區別或機構別分別訂定對其風險承擔的限額，以落實風險控管作業。第三，具正式保證或保險文件，在債務人不履行債務時，對該外國中央政府或該信用保證機構，可直接請求履行保證或保險責任。第四，在所擔保的貸款全數清償前，該外國中央政府或該信用保證機構保證或保險責任應為「無條件」且「不可撤銷」。
3,2019/11/15,◆投信連續3日賣超個股,投信連續 3 日賣超個股1. 投信連續賣超 3 日的股票(2392) 世芯 - KY、(2377) 台積電、(2892) 國巨、(2337) 科嘉 - KY、(1477) 聯發科2. 投信連續賣超 2 日的股票(2377) 微星、(2408) 南亞科、(1477) 聚陽、(1215) 卜蜂、(2633) 台灣高鐵3. 投信當日 (15) 賣超的股票(2458) 義隆、(2633) 台灣高鐵、(1477) 聚陽、(1504) 東元、(4968) 立積
4,2019/11/15,◆投信連續3日買超個股,投信連續 3 日買超個股1. 投信連續買超 3 日的股票(2448) 晶電、(3231) 緯創、(2368) 金像電、(3037) 欣興、(3702A) 大聯大甲特2. 投信連續買超 2 日的股票(2448) 晶電、(3231) 緯創、(2368) 金像電、(3037) 欣興、(2383) 台光電3. 投信當日 (15) 買超的股票(3231) 緯創、(2448) 晶電、(2368) 金像電、(6251) 定穎、(6278) 台表科
5,2019/11/15,◆外資連續5日賣超個股,外資連續 5 日賣超個股1. 外資連續賣超 5 日的股票(3481) 群創、(2409) 友達、(00637L) 元大滬深 300 正 2、(6116) 彩晶、(2834) 臺企銀2. 外資連續賣超 4 日的股票(3481) 群創、(2409) 友達、(2884) 玉山金、(2888) 新光金、(00632R) 元大台灣 50 反 13. 外資連續賣超 3 日的股票(3481) 群創、(2409) 友達、(3037) 欣興、(00637L) 元大滬深 300 正 2、(00632R) 元大台灣 50 反 14. 外資連續賣超 2 日的股票(3481) 群創、(00632R) 元大台灣 50 反 1、(2409) 友達、(00637L) 元大滬深 300 正 2、(2449) 京元電子5. 外資當日 (15) 賣超的股票(00637L) 元大滬深 300 正 2、(2448) 晶電、(3481) 群創、(2303) 聯電、(2376) 技嘉
6,2019/11/15,◆外資連續5日買超個股,外資連續 5 日買超個股1. 外資連續買超 5 日的股票(2317) 鴻海、(2891) 中信金、(2313) 華通、(4938) 和碩、(3231) 緯創2. 外資連續買超 4 日的股票(2317) 鴻海、(2891) 中信金、(4938) 和碩、(2313) 華通、(3231) 緯創3. 外資連續買超 3 日的股票(2317) 鴻海、(2891) 中信金、(3231) 緯創、(4938) 和碩、(2890) 永豐金4. 外資連續買超 2 日的股票(2317) 鴻海、(00672L) 元大 S&P 原油正 2、(3231) 緯創、(2891) 中信金、(2890) 永豐金5. 外資當日 (15) 買超的股票(2317) 鴻海、(3231) 緯創、(2371) 大同、(2890) 永豐金、(2891) 中信金
7,2019/11/15,可成明年上半年毛利率回升至30% 法人目標價上看345元,法人今 (15) 日出具報告指出，金屬機殼大廠可成 () 營運擁三亮點，包括明年營運成本下降、汽車事業提供長期動能、5G 機殼事業推升產品均價與毛利率，綜效發揮下，法人估可成明年上半年毛利率將回升至 30%，故調升目標價至 345 元。法人認為，可成庫存水位已逐漸恢復正常，且明年因今年資本支出減少，折舊費用將下滑，有效降低明年營運成本，汽車事業則因生命週期較長，業績較 3C 產品穩定，可望提供可成中長期的營運動能，惟初期營收貢獻有限。法人表示，5G 是可成明年成長的主力，由於天線數量增加，需提供更佳的散熱需求，機殼複雜度隨之提高，銷售單價看增，且明年上半年 iPhone SE 2 問世，將支撐可成明年上半年營運，同時，法人預計，可成 2020 與 2021 年的手機出貨量皆較今年增加，在銷售單價、出貨量成長下，營收可望大幅成長。整體而言，可成在庫存順利去化、產能利用率持穩，且生產良率改善下，毛利率回升速度可望較市場預期快，此外，2020 年的折舊費用減少，加上新產品重新定價，也有助提高毛利率，法人估，今年第 4 季、明年毛利率分別為 27%、33.3%，維持買進評等，目標價上看 345 元。
8,2019/11/15,郭台銘加碼買鴻海滿周年 10月未增持 已連4月未買股,鴻海 () 創辦人郭台銘從去年 11 月開始加碼鴻海至今滿 1 年，不過，根據證交所今 (15) 日公布的資料顯示，郭台銘 10 月並未再加碼，連 4 月未加碼，持股張數停留在 133.79 萬張。郭台銘從去年 11 月到今年 6 月連續 8 個月，加碼鴻海共 4.05 萬張，推升持股由 129.75 萬張提升至 133.79 萬張，持股比重 9.65%。郭台銘先前曾公開表示，鴻海已經轉型轉得很好，但市值那麼低，自己加碼買進是作示範，讓外資跟進買。郭台銘先前在感恩之旅台中場時對表示，2020 給大家失望了，後會有期，也被外界解讀挑戰 2024 年戰總統大位，對此，郭台銘幕僚、永齡基金會執行長劉宥彤今日接受廣播節目訪問時也鬆口透露「有考慮」，對參選的立場不排斥，2024 年什麼都有可能，但現在談這個還太遙遠。
9,2019/11/15,11檔櫃買股票 11/19起改列全額交割股,櫃買中心表示，上櫃公司共有 11 檔股票分別因淨值偏低，或遭會計師拒絕簽核背書，自 19 日起將改列全額交割；和進與典範因股價恢復，改恢復普通交割股。另外，永利聯合則因未依規定申報第三季財報，19 日起將暫停交易。櫃買中心表示，包括泰谷、德宏、沛亨與通訊 - KY 等 4 家公司，第三季財報顯示淨值低於股本二分之一，依規定改列全額交割；至於勝昱除了淨值不到股本的二分之一，加上被會計師認定其經營能力有重大不確定，同樣改列為全額交割股。金利每股淨值雖未低於股本二分之一，但由於會計師認定其經營能力有重大不確定性，依規定同樣列為全額交割股。泰偉、亞獅康 - KY 第 3 季每股淨值低於股本十分之三，因此除繼續列全額交割股外，19 日起將新增分盤方式交易。凱鈺第三季每股淨值雖已高於股本二分之一，但因淨值仍未較前期增加，因此繼續被列入全額交割股，但取消分盤交易。
10,2019/11/15,紫光再招大將 坂本幸雄出任集團副總裁,中國半導體大廠紫光集團今 (15) 日宣布，前爾必達社長坂本幸雄 (Yukio Sakamoto) 將出任集團副總裁兼日本分公司 CEO，並希望藉由世界級的人才，增加公司的創新實力，為營運挹注新動能。董事長兼 CEO 趙偉國指出，對於以創新驅動快速發展的紫光集團來說，人才建設尤為重要，坂本幸雄將增加集團的創新實力，有助發展全球策略，也希望在全球各地的分公司，可充分利用當地人才，服務當地客戶，貢獻當地市場發展。坂本幸雄表示，紫光集團近年來發展迅速，加上形成的產業優勢，是可以大展身手的舞台，將利用自己過往專業領域的經驗，結合紫光的發展戰略，全力拓展日本市場，並力助紫光往全球化發展。坂本幸雄在 DRAM 領域從業逾 30 年，曾任日本德州儀器副社長、神户製鋼電子信息科半導體部門總監理、聯日半導體社長兼代表董事，及爾必達存儲社長、代表董事兼 CEO。紫光近期積極發展 DRAM 產業，也深知人才、硬體設體皆是重點，因此紫光祭出高薪向全球 DRAM 人才招手，台灣大廠南亞科先前已有多名研發人員西進，大將也已延攬南亞科 () 前總經理高啟全、聯電 () 前副董事長孫世偉，硬體方面，則在重慶新建 12 吋廠，朝向半導體自主化前進。
11,2019/11/15,女力崛起 中小企業女性當家5年增6.5萬家,主計處今 (15) 日發布國情統計通報，據經濟部統計，近年來我國中小企業家數逐年增加，去年共計 146.6 萬家，年增 2%，較 2013 年底成長 1 成；以負責人性別來看，去年中小企業女性當家有 54.8 萬家，5 年來共增加 6.5 萬家，人數雖不如男性，但已逐年提升。根據統計，2018 年中小企業家數共計 146.6 萬家，年增 2%、2.8 萬家，較 2013 年底成長 1 成、13.5 萬家，占企業總數比重達 97.6%，各年變動不大。隨著近年女力崛起，我國女性負責人企業占比達 36.8%，共計 54.8 萬家，較 2013 年增加 6.5 萬家。以各行業觀察，女性占比仍以住宿及餐飲業 46.6% 居冠，教育服務業、其他服務業分居 2、3 名，顯示出女性在這些領域越來越能獨當一面，與男性負責人的比例幾乎呈現均分天下的態勢。相反的，在礦業及土石採取業、農林漁牧業、營造業等行業仍舊是男性的天下，女性負責人占比不到 3 成，除了女性從業人數較少外，也顯示出在傳統職場環境中，即使工作能力出類拔萃，要想晉升大當家的位置仍相當不容易。另外，與 2013 年底相比，女性負責人占比成長幅度最大的，以醫療保健及社會工作服務業增加 13.4 個百分點最多，教育服務業成長 6.0 個百分點次之；另外，有 6 個行業別呈現減少，其中以藝術、娛樂及休閒服務業減 2.1 個百分點最大。
12,2019/11/15,新台幣強升 健和興10月稅前盈餘腰斬 前10月稅前EPS 3.12元,健和興 () 今 (15) 日公告 10 月自結，雖然受惠華為加速佈建 5G 基站，本業獲利持續成長，但強升侵蝕獲利，10 月稅前盈餘 2565.6 萬元，月減 52%、年減 65.7%，每股稅前盈餘約 0.16 元，累計前 10 月每股稅前盈餘約 3.13 元。健和興 10 月營收 3.16 億元，月增 0.9%、年增 1.5%；營業利益 5974.5 萬元，月增 6.3%、年增 7.2%；營益率 18.93%、月增 0.98 個百分點、年增 1 個百分點；稅前盈餘 2565.6 萬元，月減 52%、年減 65.7%，每股稅前盈餘約 0.16 元。健和興累計前 10 月營收 28.84 億元，年減 1.5%、營業利益 4.66 億元，年減 4.3%、營益率 16.17%，年減 0.46 個百分點、稅前盈餘 4.87 億元，年減 23.2%，每股稅前盈餘約 3.13 元。健和興表示，10 月受惠 5G 設備大客戶加速佈建基站，推升營收獲利動能延續，不過，由於 10 月升值，導致業外認列外幣評價未實踐損失逾 3400 萬元，干擾獲利表現。不過，法人依舊看好健和興明年持續受惠華為 5G 基地台及車用相關應用持續發酵，營收及獲利將顯著成長，預估全年營收上看 42 億元，毛利率在產品組合轉佳下，也可望回到去年 33% 的水準。
13,2019/11/15,股價回溫 台企銀明年擬辦公募現增強化資本結構,台企銀 () 今 (15) 日舉行第 3 季線上法說，台企銀代理總經理張志堅透露，儘管目前資本適足率符合法定標準，但比起同業仍然偏低，不排除明 (2020) 年啟動公募現增，充實資本結構。台企銀為擴大業務動能，今年辦理私募現增，資金規模約 50 億元全由國發基金認購，根據台企銀揭露財報，截至今年第 3 季，資本適足率 (BIS)12.94%、第一類資本適足率 (Tier1)9.65%，普通股權益 8.41%，全都符合法定標準。張志堅表示，儘管資本適足率合乎法定標準，但比起同業仍偏低，考量未來業務發展空間，除常態性盈餘轉增資，明年也不排除辦理公募現增，至於價格與增資規模將視屆時市況而定。台企銀過去一直都有現增計畫，但礙於股價偏低而作罷，近兩年因積極調整體質奏效，帶動獲利明顯成長同時拉抬股價重回票面價之上，今年 6 月辦理私募現增時就有小股東反映，希望銀行辦理公募現增，讓小股東參與分享銀行經營成功果實。另外，法人也關注台企銀明年股利政策，張志堅對此回應，銀行今年配發 0.8 元股利，其中 0.5 元為股票股利、0.3 元為現金股息，考量明年仍有資本擴充需求，明年仍將以股票股利為主，實際金額要等明年董事會定奪。台企銀今年前 3 季稅後純益 54.1 億元，較去年同期年減 9.27%，每股稅後純益 (EPS)0.8 元，張志堅說，今年前 3 季獲利衰退主要受華映與潤寅兩大授信案有關，但主要核心業務表現仍相當穩定。張志堅說，華映與潤寅授信案的備抵呆帳全都提列完畢，合計兩案共提列 23 議員，至於東貝光電與寶德能源授信，目前兩家公司繳息還款正常。
14,2019/11/15,德微Q4持平上季 全年營收拚新高,二極體廠德微 () 今 (15) 日表示，第 4 季營運估持平上季，整體營運可望較去年微幅成長，不過展望明年，因尚無爆發性新應用，仍中性看待營運，德微前 10 月合併營收 12.87 億元，年增 2.88%，法人估，德微第 4 季營收可望站穩 4 億元，助攻全年營收創高，年增約 3%，達 15 億元。展望明年，德微指出，電子產業變化幅度大，也無爆發性高成長應用，下游客戶拉貨力道成長趨緩，隨著通訊世代轉往 5G 與 WiFi 6，終端裝置會需要更多二極體，以因應伴隨高速傳輸的電流，但因目前終端裝置尚未問世，整體消費市況待觀察，因此目前中性看待。法人認為，隨著 5G、WiFi 6 等高傳輸特性，電流負載需求提高，有助二極體高階產品出貨暢旺，整體產業也積極備戰，相互結盟合作，如台半 () 與聯電 ()、朋程 () 與中美晶 ()、敦南 () 與達爾，也讓市場關注二極體後續市況。德微第 3 季合併營收 4.09 億元，季增 4.34%，年減 4.44%，毛利率 19.86%，季減 1.88 個百分點，年減 0.15 個百分點，營益率 8.86%，季減 1.02 個百分點，年減 1.7 個百分點，稅後純益 0.3 億元，與上季持平，年減 16.67%。德微前 3 季合併營收 11.51 億元，年增 3.69%，毛利率 20%，年增 1.1 個百分點，營益率 8.44%，年減 1.3 個百分點，稅後純益 0.79 億元，年減 11.76%，稅後純益 1.77 元。
15,2019/11/15,東元攜手新東陽打造餐盤回收機器人 桃機率先啟用,東元 () 今 (15) 日宣布，攜手新東陽開發全台首個客製化餐盤回收機器人 Enviro，將先在桃園機場一航廈美食街啟用，陸續再將機器人導入關西、西湖等休息站。東元表示，回收餐盤專用機器人的特色在於，機身是五層回收餐盤層架，可滿足收取餐盤數量最大化，內建光學雷達掃瞄和 6 顆超音波感測器，可智慧避障，此外，採用 AI 自主導航，最高速度可達 1.1m/s、載重 40kg，每次充滿電可連續工作 8 小時以上，電池則採用可抽換式鋰電池。新東陽向東元採購 12 台機器人，其中 2 台在桃園機場一航廈美食街使用，另外 10 台則陸續導入國道三號關西、西湖、清水及南投等休息服務區。法人表示，東元的機器人，過去導入摩斯漢堡 15 間門市，除餐飲業外，未來也將與保全、醫療業合作，市場則將拓展至中國、東南亞等地，估明年機器人接單量將大幅成長，未來業績上看億元。
16,2019/11/15,〈兆勁法說〉明年網通營收續強 VCSEL光通訊晶片進入收成年,兆勁 () 今 (15) 日召開法說會，董事長紀政孝指出，明年除了網通事業營收可望來到 20 億元外，VCSEL 晶片、記憶體等新事業也可望下半年開始陸續發酵，明年將是收成年。兆勁網通事業部協理賈漢榮指出，明年網通代工客戶中，營收比重最大的德國客戶將持續導入新機種，而工業及 LTE WiFi 路由器客戶擴大至衛星基地台應用，加上新增美國與以色列醫療器材無線通訊客戶，明年第 1 季開始量產。新品研發方面，賈漢榮透露，將瞄準住會家庭與智慧社區需求，開發智慧插座與 APP 智慧平台系統，預估也會從明年第 2 季貢獻，明年光是網通的營收，就望達 20 億元。除網通外，紀政孝透露，新事業也可望陸續發酵，其中，最看好 25G 的 VCSEL 光通訊晶片，預計明年第 3 季通過認證後，可望開始出貨，鎖定電信設備商、電信運營商、網路服務業者資料中心三大應用。紀政孝指出，去年是打呆年，今年則是投資年，現在成果逐漸顯現，預計明年將迎來收成年，營運可望重返獲利軌道。
17,2019/11/15,三大法人合計買超48億元 外資連25日加碼鴻海,台股今 (15) 日在權值三王領軍、中小型股表現下，終場上漲 75.18 點，收 11525.6 點，但周線收黑終止連 4 紅，外資今買超 42.59 億元，投信、自營商也分別買超 3.79、1.89 億元，三大法人合計共買超 48.26 億元，其中，國慶連假後，外資已連 25 買超鴻海，合計買超 62.1 萬張。期貨部分，外資今日減碼多單 3152 口，多單未平倉口數降為 45324 口，投信則減碼 440 口空單，空單未平倉口數來到 20019 口，自營商減碼 1015 口空單，合計空單未平倉口數 611 口。觀察法人操作，鴻海近期成為外資主要買超對象，外資今大買 18014 張，連 25 買，等於自 10 月國慶連假後，天天加碼鴻海，另外，外資也關注金融個股，今買超永豐金、中信金逾 7000 張。外資今日買超前十名，鴻海 18014 張居冠、緯創 10798 張、大同 9519 張、永豐金 9221 張、中信金 7487 張、可成 6807 張、台泥 6039 張、友達 5070 張，燿華、瀚宇博則分別為 4449、3789 張。外資今日賣超前十名，晶電遭賣 10115 張、群創 9593 張、聯電 9370 張、技嘉 5568 張、寶成 5415 張、東元 5007 張，其他依序為冠軍、台表科、台達電、南茂。投信前十大買超標的，緯創 3000 張居冠、晶電 2192 張、金像電 1965 張、定穎 1000 張，其他依序為台表科、台積電、世芯 - KY、英業達、和碩、聯亞。投信賣超前十大標的，義隆 831 張、中美晶 729 張、東元 600 張，其他依序為立積、聚陽、超眾、智原、卜蜂、全新、矽創。法人表示，美中貿易協商續往正向發展，惟國際情勢如香港等地仍充滿不確定性，但國際資金政策持續寬鬆，有助資金行情延續，指數短線將在區間震盪整理，而資金續往具基本面題材的中小型股，建議投資人可留意相關個股表現。
18,2019/11/15,〈智冠小金雞衝獲利〉轉投資事業陸續轉盈 明年營運成長可期,遊戲大廠智冠 () 兩大轉投資事業，遊戲研發子公司中華網龍、金融科技事業子公司藍新科技，分別於去年與今年第 3 季轉盈，帶動今年前 3 季稅後純益年增 8 成，且明年將推出旗下 IP 大作《黃易 M》，加上金融科技事業穩定獲利，法人看好，智冠明年整體營運可望優於今年。智冠旗下數位遊戲事業群子公司中華網龍 () 去年第 3 季在手遊《吞食天地 M》表現亮眼帶動下，營運單季轉盈，順利重回獲利軌道，也讓智冠轉投資虧損因此縮減。而金融科技事業群子公司藍新科技，今年第 3 季在線上代收付規模穩健成長下，也達成單季轉盈，智冠耕耘多年的金融科技事業，總算將開始為集團挹注獲利動能，明年在交易規模持續成長下，營運也將穩定獲利。受惠兩大轉投資事業轉盈，智冠業外轉投資壓力大幅減輕，也因此帶動今年第 3 季稅後純益年增 1.25 倍，前 3 季稅後純益年增幅也達 8 成，每股純益 3.65 元，寫下近 7 年來同期新高的好成績。展望明年，智冠集團董事長王俊博表示，網龍去年推出的《吞食天地 M》、今年推出的《戀愛盒子 M》，都是端遊手遊化的經典力作，但都屬小型 IP 遊戲，明年農曆年前後可望推出《黃易 M》，將是智冠旗下的大型 IP 力作，看好將明顯推升營運表現。除網龍外，智冠集團旗下遊戲代理事業遊戲新幹線，一直以來均維持小幅獲利表現，不過，王俊博看好，明年有新手遊、端遊加入代理，獲利表現可望較往年增溫，營運可期。法人看好，在旗下轉投資事業陸續轉盈，且穩定獲利之下，智冠明年整體營運可望優於今年。
19,2019/11/15,〈兆勁法說〉Q4獲利估略增 全年虧損目標收斂至1500-1800萬元,兆勁 () 第 3 季單季轉盈，董事長紀政孝今 (15) 日指出，第 4 季在營收持穩下，獲利可望較第 3 季略增，全年虧損估可收斂至 1500-1800 萬元。兆勁今日召開法說會，紀政孝指出，去年到今年初都還在打呆，導致上半年依舊虧損，不過下半年開始，每月營收穩定，第 3 季更季轉盈，預計第 4 季也可望保持獲利，目標全年虧損收斂至 1500-1800 萬元。兆勁網通事業部協理賈漢榮指出，受惠既有訂單規模擴大，加上新訂單挹注下，預計 11-12 月營收可達 3 億元，全年營收估超過 15 億元，年增 25%，兆勁前 10 月營收 12.43 億元，年增 29.8%。兆勁第 3 季稅後純益 1596 萬元，每股純益 0.16 元，較前季、去年同期轉虧為盈，前 3 季虧損收斂至 3827 萬元，每股虧損 0.38 元。兆勁今日也發表新品「福柏智能管家系統」，搶智慧家居市場商機，根據 IDC 預估，物聯網明年市場規模將達 1.29 兆美元，且未來物聯網裝置數量更將超越智慧型手機，紀政孝也看好，5G 跟物聯網應用，可望為營運帶來新一波的營運動能。
20,2019/11/15,新北就博會起薪上看45K VR求職體驗成亮點,新北市政府明 (16) 日將舉行今年最後一場大型徵才，現場邀請包括台玻 ()、敬鵬 ()、廣運 () 及王品 () 等上市櫃公司，提供逾 3000 個工作機會，其中科技製造業起薪上看 45K，此外，還結合了 VR 求職體驗及 AR 虛擬面試等新科技，成本場就業博覽會最大亮點。新北市勞工局長陳瑞嘉表示，為協助媒合企業與求職者，今年已辦理逾 350 場徵才活動，明日徵才共邀請 70 家廠商參與，其中不乏知名上市上櫃公司，提供超過 3000 個工作機會。本次就博會旅宿餐飲業占總職缺數 37%、電子科技製造業約 3 成、批發零售業為 15%、一般服務業及其他產業則占 18%。待遇方面，科技製造業如廣運機械薪資約 41K 至 45K，桓達科技起薪為 40K，台玻工業助工師及化工人員起薪約 38K；餐飲業如王品集團見習襄理薪資為 29K 至 33K。陳瑞嘉表示，本場就博會最大亮點就是結合「VR 科技虛擬實境求職體驗」及「AR 虛擬面試系統」，藉由體驗定點 360 度企業環景，讓民眾更能了解不同企業工作環境及職務；透過 AR 虛擬面試系統仿造企業面試虛擬情境，將有助於提升面試前準備。
21,2019/11/15,〈麗豐-KY法說〉看好中國醫美市場 年底前新設6家醫美診所,麗豐 - KY() 看好醫美市場，近年積極從美容生活跨足醫美品牌及再生醫學領域，總經理楊奇志今 (15) 日表示，今年底前將設立 6 家醫美通路，分別在北京、上海、南京等地設立 4 家醫美診所，上海及南京則設立全科診所。據統計，2017-2022 年中國醫美市場年複合成長率達 20.1%，2022 年產值則上看 4810 億元，其中消費族群以 30 歲以上女性為主，占整體市場逾 8 成，總監胡安榕表示，男性也開始做醫美，相較女性有更高支付意願，市場前景看好。麗豐成立醫美品牌「雅樸麗德」，胡安榕表示，將既有的美容通路跨入醫學美容，醫美通路今年底前都會完成，最終目標是提升銷售，除已開幕的北京門市外，12 月將在上海成立 2 家、南京 1 家醫美診所。另上海與南京各設立一間全科診所，業務則是結合醫美、健檢管理等項目，也會針對亞健康族群提供基因檢測服務。至於再生醫學領域方面，胡安榕指出，目前與中國同濟大學共同研發抗衰老、再生醫學等項目，近期也將設立再生醫研究院及 GMP 認證的實驗室，未來也成果也將導入醫美領域。
22,2019/11/15,〈智冠小金雞衝獲利〉金融科技事業明年獲利 交易規模上看550億元 未來考慮IPO,智冠科技 () 旗下藍新金融科技集團今 (15) 日首度參展台灣冬季連鎖加盟展，展出「ezAIO 簡單收」智慧支付多元收款整合平台，智冠集團財管中心總經理暨簡單行動支付總經理鍾興博指出，明年藍新金融科技交易規模可望上看 550 億元，全年可望穩定獲利，並持續調整財務體質，2 至 3 年後可能考慮 IPO。目前智冠集團旗下藍新金融科技主要營運包括線上與線下服務，線上服務以「藍新金流」為服務品牌，提供電子帳單代收、線上捐款等雲端金流業務；線下服務則為簡單行動支付業務，以「ezPay 簡單付」與「ezAIO 簡單收」切入市場，前者提供生活繳費、繳稅等服務，後者則提供智慧支付多元收款整合平台。鍾興博指出，藍新金融科技去年交易量為 350 億元，今年前 3 季在線上代收業務穩定成長下，交易規模已達到 320 至 330 億元，也帶動第 3 季營運小幅獲利，脫離虧損態勢，全年目標 450 億元可望順利達成，明年交易規模可望坐穩 500 億元，並有機會上看 550 億元，而線上線下總交易量盼能破千億元。「ezAIO 簡單收」為一機整合市場上主流支付工具，可串聯包含信用卡、國際三大 Pay、電子票證、行動支付掃碼，也支援支付寶、微信支付等跨境支付收款，除能單機使用，還能與 POS 系統進行串接，快速為商店導入多元收款能力。藍新金融科技線下「ezAIO 簡單收」服務，今年 9 月已獲全聯福利中心超市約 1000 家據點採用，盼能擴大至其他連鎖場域，鍾興博表示，明年目標為連鎖與非連鎖據點，採用的店家數要達到 2000 家，3 年內達 5000 家，終極目標為 1 萬家。關於藍新金融科技未來是否會走入資本市場，鍾興博說，目前正持續調整財務體質，若體質健全，未來 2 至 3 年後可能考慮 IPO。
23,2019/11/15,首利、茂林-KY等5檔個股 下週二起改列全額交割股,證交所今 (15) 日宣布，包括首利、誠創、茂林 - KY、力特與新世紀等 5 檔股票分別因股價淨值偏低、或遭會計師拒絕背書簽核，自下周二起 (19 日) 改列全額交割股，至於奕智博則因第 3 季財報難產，19 日起將停止交易，瑞利則採分盤集合競價交易。適逢財報揭露高峰期，部分上市公司因淨值偏低或是財報遭會計師出具保留意見，遭證交所列為全額交割股。首利與誠創因淨值不到股本一半，茂林 - KY 則因無法取得轉投資企業 - 頎茂光電前三季財報，被簽核會計師出具保留結論，兩家公司首次被列全額交割股。力特則遭會計師質疑，其經營能力存有重大不確定因素而改列全額交割股；新世紀光電儘管淨值已恢復至股本的十分之三，下周二起將取消分盤集合競價交易，但仍被列為全額交割股。瑞利因近期財報顯示其淨值低於股本十分之三，因此下周二起將除持續列為全額交割股，也須採分盤集合競價交易方式。
24,2019/11/15,南茂董座鄭世杰資產配置考量 轉讓6000張持股  ,封測廠南茂 () 今(15)日公告，董事長鄭世杰今日向主管機關申報，預計將 6000 張持股，占南茂股本比重 0.83%，轉讓予其 100% 持有之浩祥投資公司，鄭世杰表示，持股轉讓純粹是資產配置，持股數量與比重不變。鄭世杰指出，轉讓股份並不是將其股份出售給第三人或減少持股，完成持股轉讓後，直接與間接透過浩祥投資持有南茂股權沒有任何改變。鄭世杰表示，今年公司穩健體質與營收、獲利表現，對南茂長期業務發展、營運成長與獲利能力，仍深具信心。據證券交易法規定，鄭世杰向主管機關提出申請後，預計 11 月 15 日申報主管機關 3 日，將其持有本公司上開股份，轉讓予浩祥投資。鄭世杰目前持有南茂 1.21 萬張持股，占南茂已發行股數約 1.67%，浩祥投資公司目前持有南茂 244 張持股，並已向主管機關申報是鄭世杰的間接持股。
25,2019/11/15,〈麗豐-KY法說〉營運可望逐季成長 本季每股純益維持4元以上,麗豐 - KY() 今 (15) 日召開法說會，展望未來，總經理楊奇志表示，旗下四大事業體穩定發展，其中克麗緹娜美容通路持續擴展新門市，電商平台已達損益兩平，持股 30% 的美甲美睫加盟店第 3 季單季轉盈，法人預期，麗豐整體營運可望逐季成長，本季每股純益可維持 4 元，明年營收則可望雙位數成長。總監胡安榕表示，至今年 9 月底止，克麗緹娜美容通路共有 4824 家門市，中國有 4488 家、台灣有 308 家、越南及香港共 28 家，儘管中國經濟趨緩，但克麗緹娜屬於高階品牌，衝擊較低，未來會朝二、三線城市招商，目標明年再展 400-500 家門市。財務長葉建志指出，克麗緹娜將佈局東南亞市場，除已展店的越南，將進軍馬來西亞、印尼等地，並設立分公司及訓練中心。楊奇志指出，克麗緹娜除臉部保養外，未來將專攻身體護膚產品，預計未來會推出 2 項新品，雖然營收貢獻還不大，目標要占整體營收比重 3 成，法人估，若身體護膚營收占比有 10%，約可貢獻 5 億元營收。美甲美睫加盟店截至 10 月底，共有 410 家店，葉建志表示，麗豐現持股 30% 股權，希望透過美甲美睫加盟店，讓更多年輕族群導入克麗緹娜，效益逐步顯現，第 3 季已開始獲獲利。麗豐 10 月營收 4.41 億元，月減 17.29%、年增 7.26%；累計前 10 月營收 41.62 億元，年增 14.02%；第 3 季稅後純益 3.43 億元，年增 9.8%，每股純益 4.31 元； 累計前 3 季稅後純益 10.55 億元，年增 17.4%，每股純益 13.27 元。
26,2019/11/15,夜市抵用券回收破百萬張 東大門夜市近20萬張全台之冠,經濟部配合擴大秋冬國旅方案，加碼推出夜市抵用券刺激消費，短短不到 2 個月已回收超過百萬張，並完成撥款，估可帶動全台 1.5 億元商機，尤其是東部、南部，旅宿及消費效益更加可觀，其中，花蓮東大門夜市回收近 20 萬張，穩居全台夜市之冠。經濟部表示，今年 9 月中推出夜市券後反應熱烈，截至 11 月 14 日，全台已回收 116 萬張，分別為北區 19.8 萬、中區 21 萬、南區 35.2 萬、東區及外島 40 萬，預估帶動 1.5 億元商機，尤其在東部及南部等重點區域，更創造可觀的旅遊住宿及消費效益。經濟部指出，目前全台夜市抵用券回收，以花蓮東大門夜市 19.6 萬張最多，穩居全台夜市第一。東大門夜市四大區管委會主委一致表示，夜市券的發放助益非常大，讓原本 9 月過後的消費淡季，突然不分平假日的帶來一波波旅客，讓攤商業績成長 3-4 成，夜市券政策確實提振了買氣。經濟部表示，夜市抵用券除可協助提升夜市知名度，更可帶來觀光人潮，拉高消費效益，同時也提醒自由行旅客，要把握夜市券最後 1 個多月的使用時間。
27,2019/11/15,參與公職人員選舉 張善政辭宏碁、華邦電獨董,品牌大廠宏碁 () 今 (15) 日公告，獨立董事張善政因參與公職人員選舉，故自 11 月 16 日起辭職獨立董事及審計委員會成員一職，另外，張善政也同時辭去華邦電 () 獨立董事、審計委員會、薪資報酬委員會職位。宏碁指出，張善政雖自 11 月 16 日起辭去獨立董事，但公司仍有其他 3 名獨立董事擔任審計委員會成員，足以執行相關法定職務，且本屆董事任期至 2020 年 6 月，任期屆滿後將進行全面改選，因此將不進行補選。張善政曾任行政院長，為台灣首位無黨籍行政院長，今年 8 月宣布擔任國民黨總統候選人韓國瑜的國政顧問團總召後，11 月 11 日更宣布正式宣布擔任國民黨副總統候選人，投入 2020 總統大選。
28,2019/11/15,富邦VIX連14日溢價逾30% 小心被打入全額交割股,逼近歷史低點的富邦 VIX()，最近因為股價走低吸引龐大買盤湧入，已連續 14 個交易日溢價幅度超過 30%，換句話說，投資人從台股買進該 ETF，會比淨值的合理價格高出 3 成，在連續溢價下，要小心富邦 VIX 被打入全額交割股的機率升高。富邦 VIX 今 (15) 日再跌 2.16%，股價收在 4.52 元，距離歷史低點 4.51 元只有一步之遙，不少投資人過去有買在富邦 VIX 低點而大賺的經驗，使得 ETF 買氣逆勢活躍，溢價幅度竄高。據富邦投信官網數據顯示，富邦 VIX 的溢價幅度從 11/2 起至今日，已連續 14 個交易日超過 30%，代表投資人從台股買進的價格，比淨值的合理價值高出 3 成；儘管富邦投信、主管機關均強調 ETF 買賣前應留意折溢價，還是擋不了買盤。若從籌碼面來看，截至昨日，外資已經連 4 賣，自營商避險轉為買超 945 張，融資連減 10 日，融資餘額水位降到 67.8 萬張，雖然比起歷史低點時的融資水位 71.6 萬張，已較為低水位，但是投資人還是不可不慎。富邦投信表示，富邦 VIX 目前溢價率已逾 30%，投資人應特別注意溢價過大所產生的價格波動風險務必審慎評估價格的合理性，避免蒙受損失。富邦投信進一步強調，富邦 VIX ETF 主要投資之標的為波動率期貨，在過去歷史資料中多存在正價差現象，除了轉倉時面臨正轉倉成本外，基金淨資產價值也將因價差收斂產生損失，因此長期持有此 ETF 可能產生極大的損失，此 ETF 不適合以追求長期投資為投資目標的投資人，投資人交易前，應充分瞭解此 ETF 的風險及特性。由於富邦 VIX 在今年 7 月 22 日至 8 月 2 日的 10 個交易日間，因為連續高溢價而被打入全額交割股，當時，連續高溢價也只有 10%、最高達 15%，目前富邦 VIX 已連續超過 30% 的高溢價，雖然證交所截至今日還未對富邦 VIX 變更交易，但是仍要慎防富邦 VIX 恐被打入全額交割股，並且注意具槓桿特質的 ETF 有高度波動問題，不宜過度追價。
29,2019/11/15,中國急拉貨 太陽能單晶電池價格上漲 創近1個月高點,Energy Trend 出具報告指出，本周太陽能單晶、多晶電池價格漲跌互見，多晶電池因中國需求不穩，與小廠家拋貨求現影響，市場報價紊亂，跌幅達 7.41%，特高效單晶電池則受惠中國內部小量急單拉貨，價格持穩並轉正，小漲 1.02%，創下近 1 個月高點。Energy Trend 表示，本周太陽能電池、模組因產品類別及區域需求不同，價格出現漲跌互見，而多晶矽晶圓需求不穩，整體產能利用率不到 4 成，處低水位，反觀單晶矽晶圓供需相當穩定，價格得以持穩。中國市場方面，多晶電池下跌 7.41%，單晶、高效單晶電池皆持穩上周，特高效單晶電池則小漲 1.02%；海外市場方面，多晶、單晶、高效單晶電池接持穩上周，特高效單晶電池則小跌 0.8%。展望未來，中國需求若持續提升，將有助太陽能市場在年底前回溫，加上對海外市場穩定出貨，對明年市況會是一個好預兆。
30,2019/11/15,【日盛投顧】重回5日線之上,◆盤勢分析1. 周五台股在 2330 台積電與 3008 大立光帶動下，晨間以平高盤開出後震盪走低，但盤中傳出美國與大陸接近達成第一階段貿易協定，再度緩步上揚，終場收在 11525.60 點，上漲 75.18 點，漲幅 0.66%。2. 技術面與籌碼面(1) 均線：指數收紅 K 棒，重新站回 5 日線之上(2) 量能：成交量微縮 1307.88 億元，後續上漲宜量出。(3) 技術指標：技術指標日 KD 交叉，MACD 柱狀體零軸之下走低。(4) 法人籌碼：三大法人 + 48.26 億元，外資 + 42.59 億元、投信 + 3.79 億元、自營 1.89 億元。3.OTC 指數開高後震盪上揚，收盤上漲 0.68%，收長小紅 K 棒，表現仍相對加權疲弱。目前短線的支撐為季線 141.64 點，上方壓力下移到月線 144.23 點。蘋概、季報佳個股來勁1. 蘋概股：2330 台積電再傳華為力邀到中國設廠，市場利多解讀，股價站上 5 日高；2474 可成最壞情況已過，4Q19 毛利率將回升到逾 30%，股價震盪走高。2. 鴻海集團：2317 鴻海短線漲多高檔震盪，集團 3682 亞太電、8011 台通、2314 台揚、2328 廣宇連續上漲，趨勢擴延至 6456GIS-KY、6414 樺漢。3. 面板：3481 群創回台投資 701 億元，決定擺脫面板產能競賽，發展 AI 智能智造自動化，股價漲幅超過 3%，帶動 2409 友達周五盤中挑戰季線。4. 季報優異：3037 欣興 3Q19 獲利年增 28.5%，創下近 8 年同期新高。6538 倉和 3Q19 營收與獲利同創上櫃來新高。2371 大同賣地進補、轉投資有成。季報優異個股，整體股價表現佳。5. 操作建議：目前台股整理多日後首度拉升，預期指數將在 10 日線與月線區間震盪。個股操作若連續爆量，而上漲無力則建議可適度拔檔。5G、半導體、IC 設計、資產內需等族群長期趨勢佳，如拉回不破支撐，可酌量布局。
31,2019/11/15,德宏每股淨值跌破5元 19日起打入全額交割股,受到通用型玻纖布供過於求，且價格競爭激烈，玻纖布廠德宏工業 () 連虧 4 季，至第 3 季底止，每股淨值僅 4.3 元，公司指出，德宏股票將在 11 月 19 日起變更交易方法，改列全額交割。德宏因市場競爭加劇，已連虧 4 季，今年前 3 季營收 8.67 億元，毛利率為 -13.64%，較去年同期 14.01% 由正轉負，稅後虧損 2.81 億元，也較去年同期盈轉虧，每股虧損 1.62 元，至第 3 季底止，每股淨值 4.3 元，已低於 5 元，將自 11 月 19 日起遭打入全額交割股。德宏及富喬 () 今年第 3 季都呈現單季虧損，富喬單季稅後虧損 9309 萬元，每股虧損 0.22 元，德宏單季虧損 1.06 億元，每股單季虧損 0.61 元。德宏董事會已決議，縮減楊梅廠營運規模並將辦理私募，預計發行 8000 張，以每股 4.88 元發行。德宏對新投入的複合材料瓦斯桶市場前景需求仍看好，但是目前處於市場推廣初期，對第 3 季營收貢獻不大；此外，德宏在江西九江投資的玻纖紗廠，規劃年產 3 萬噸玻纖紗，若順利，九江玻纖窯將在 2020 年底點火生產。
32,2019/11/15,101商場前三季業績超標 估Q4更好,在實體百貨成長不易和陸客來台明顯縮減之際，台北 101 逆勢成長，101 商場事業處營運長朱麗文今 (15) 日指出，今年周年慶檔期表現很好，業績超標，就前三季來看，入館人潮年增幅高達 10%、會員業績和交易比數也都呈現雙位數成長，隨著耶誕購物節和跨年活動陸續登場，預計第四季會更好。朱麗文指出，由於周慶期間與去年不同，以平均每日業績來看，較去年同期成長 10%，主要是因高端客群購買精品和珠寶不手軟，並不受景氣衝擊。另一方面，由於今年 101 主要行銷策略是全館可跨品牌刷聯名卡獲 2% 的高回饋，有效拉高客單價，並帶動會員消費成長超過 10%、交易比數成長也超過 10%，前三季入館人潮年增約百萬人，而提袋率也達 50%，在百貨商場中，表現可說是超級前段班。朱麗文說，儘管陸客來台限縮，不過國人來客大幅成長，再加上日韓以及東南亞等地旅客持續增加，陸客減少對 101 影響有限，101 去年入館人次共約 1400 萬人，今年前三季已成長 10%，也就是增加約百萬人次。而 101 購物中心看準耶誕購物商機，周年慶後，宣布再度祭出高回饋折扣季活動，每筆消費最高回饋可達 10%，全力衝刺第四季業績，預計將再推升新一波精品銷售熱潮。展望明年，朱麗文表示，與各櫃位合約到期前較無調整的計畫，明年主要是優化公共區域空間。
33,2019/11/15,沈榮津：台商回台步調趨平穩 下周可望突破7000億大關,經濟部長沈榮津今 (15) 日出席活動表示，美中貿易摩擦未有太大轉變，廠商回台投資仍是常態，但步調將轉趨穩定，目前累計投資金額達 6971 億元，下周可望突破 7000 億元，後續還有 10-20 件投資案待審，年底以 8000 億元為目標，將積極協助台商回台。沈榮津表示，任何事情剛開始都比較熱，依目前來看，台商回台投資目前轉趨平穩，但他強調，美中關稅仍在，加上外在環境沒有太大改變，預期台商移轉生產基地的動作將成為常態，目前待審查投資案仍有 10-20 件，投資速度轉趨平穩。面對廠商回台最擔心的五缺問題，沈榮津強調，土地方面，目前多數廠商是將過去閒置的廠房活化再利用，他也指示台糖每年釋出彰化以南土地各 200 公頃土地，由經濟部工業局開發，採只租不售模式，預期 2 年內完成開發。電力問題，沈榮津表示，今年下半年以來備轉容量率皆維持在 10%，約 400 萬瓩，等於 4 部大型核能機組處於備機狀態，強調台灣並不缺電，而半導體未來加碼投資 2.6 兆元所需用電也已經完成盤點。沈榮津表示，期盼產業界趁此時做好升級轉型，中小企業朝生產數位化努力，大企業則往智慧化生產邁進，減少對大量勞工的依賴。截至目前，台商回台投資方案至今已累計吸引 153 家響應，總投資金額達 6971 億元，預估可創造 5.6 萬個本國就業機會。
34,2019/11/15,台股盤後－權值、中小型股衝鋒 重回11500點 周線仍終止連4紅,美中談判傳進入最終階段，激勵亞股重拾漲勢，台股今 (15) 日在權值三王領軍、中小型股表現下，終場台股指數上漲 75.18 點，收在 11525.6 點，重回 11500 點大關，成交量 1302 億元，惟周線仍收黑，終止連 4 紅。觀察權值股今日表現，權值三王今力守盤上，帶動大盤重回 11500 點，台積電站回 5、10 日均線，漲逾 1%，鴻海站回 90 元大關，大立光同樣力守盤上，力撐 4500 元。盤面上強勢指標，世芯 - KY 第 3 季財報亮眼，第 4 季營運可望續強，今亮燈攻上漲停，續創歷史新高，帶動 IC 設計族群表現強勁，原相漲逾 9%，鈺太、信驊、昂寶 - KY、聯發科、瑞昱皆在盤上。PCB 族群中，金像電漲逾半根停板，柏承、泰鼎 - KY、定穎、瀚宇博、南電、欣興同樣表現不俗，另一方面，面板大廠群創通過台商回台計畫，將加碼投資台灣 701 億元，今股價漲逾 3%，也帶動友達、彩晶力守盤上。盤面上以水泥、造紙、電機機械等族群表現最為強勁，鋼鐵、玻璃陶瓷等類股則在盤下震盪整理。法人表示，美中貿易協商續往正向發展，惟國際情勢如香港等地仍充滿不確定性，但國際資金政策持續寬鬆，有助資金行情延續，指數短線將在區間震盪整理，而資金續往具基本面題材的中小型股，建議投資人可留意相關個股表現。
35,2019/11/15,【群益投顧】中美貿易談判利多消息挹注， 大盤創近三交易日新高,"今日亞洲盤傳出， 大陸解除對美國禽肉的限制， 美國豬肉等將可以直接輸往中國大陸； 白宮經濟顧問柯德洛（ Larry Kudlow） 今天也表示， 美中已到最後階段，更接近達成貿易協議。中、美貿易談判有機會獲得進展的消息挹注下， 包括台股以及亞洲盤上半場的美股指數期貨電子盤， 皆呈現強漲態勢。今日盤面以面板股與 NB 代工股等， 表現相對強勢。今日媒體報導， 鴻海集團的面板股群創 (3481) 將回台投資 701 億元， 成台商回流最大宗， 且決定擺脫面板產能競賽，擴大 AI 智能智造自動化、提升前瞻技術研發能量來迎戰。從今日蘋概股的表現態勢與近期高價電子股 ""爭后位"" 等盤面發展來看， 階段操作，基期與籌碼是選股考量的要點。此外，年底前後集團作帳，亦為選股可以注意的方向。高價電子比價爭霸，折射出的要點之一為，階段買盤風險意識轉升，導致資金往籌碼相對乾淨、散戶籌碼著墨少的方向移動。蘋果金屬機殼廠供應商可成 (2474) 昨(14)日舉辦法說會， 董事長洪水樹表示， 可成營運「最壞的時期已經過去」，預期本季業績將持續較第 3 季成長，訂單能見度已看到明年初；今年確實是非常挑戰的一年，所幸目前庫存已消化差不多，加上今年客戶新機狀況不錯，因此下半年起已大幅改善， 本季還會持續走升。洪水樹的談話，顯示蘋果新機訂單的挹注仍可期。不過從周五蘋果供應鏈股價表現觀察，零組件廠多數股價表現偏弱，只有連接器股良維，與散熱股的奇鋐，PCB 股景碩、欣興、燿華等表現相對強勢。折射出雖然 PCB、散熱族群波段漲幅相當大，資金仍持續在 5G 概念題材找機會的態勢，但也反映階段盤勢有缺乏題材挹注的窘況。操作上逐強順勢操作時，面對股價漲多，亦應謹慎觀察後續籌碼變化。相對而言，蘋果代工廠則為盤面相對強勢的族群，而這一族群權值重，因此也引領今日早盤指數一度上漲逾百點；而相關代工廠當中，除了 8 月以來起漲，10、11 月大漲的和碩逆勢走跌外，皆為上漲走勢，其中期基期相對較低的 NB 代工廠英業達、緯創表現最為強勢，顯示基期輪動，亦為影響階段股價強弱的重要因素。鴻海旗下工業電腦廠樺漢 (6414) 為今日盤面最強勢的中大型股；樺漢在周四法說會中表示，預估第 4 季在品牌業務帶動下， 單季營收季增 7-9%， 毛利率及營益率則估持平上季。不算有太大亮點的預期，但從周四呈現鴻海集團漲小不漲大(週四鴻海跌， 但亞太電、建漢等子公司大漲)， 周五又有子公司樺漢、群創等強漲的脈絡做觀察，結構指向年底前後集團作帳的氛圍，也是階段選股可以留意思維的方向。電子：樺漢 (6414) 、大同 (2371) 、原相 (3227)、可成 (2474)非電子：美時 (1795)、康友 - KY(6452)、為升 (2231)、亞泥 (1102)本文係研究員對大盤之看法， 僅供參考， 不做進出依據"
36,2019/11/15,【運達投顧】下週輪動即將啟動,"◆盤勢分析台股今天跳空大漲，多頭是否有機會延續到下週期貨結算？這裡要從國際股市的結構與台股技術面來做研判，重點分析如下：1. 川普的高級經濟顧問柯德洛昨天表示，與北京進行了非常具建設性的討論，美國正接近與中國達成一項貿易協議。這與川普前兩天說的雷同，美中「已接近」達成重要的第一階段貿易協議，但如果雙方未能達成協議，準備加強對中國施壓，將對中國輸美商品「大幅」調高關稅。美股近日都維持小幅漲跌市場都在等待最後答案，目前訊息美中貿易協議的時間點約在 12 月中旬附近，是否如柯德洛說近期就可能達成協議。是否有提早的機會？目前仍無法證實；聯準會主席鮑爾在昨天的聽證會中提到，美國經濟持續擴張，只要經濟情況維持在目前走勢，未來聯準會就不可能進行降息，以此來看美元短時間要走弱的空間不大，美國無論是股市或匯市都是維持整理，因此全球股市是否還有續強的空間這一點就要看亞股可否走出補漲。2. 這一週來亞洲最大的變數應該在香港爭民主，習近平則威嚇：止暴制亂，港股在本週已經大跌超過千點，也使得陸港股都是跌破月線但都沒有跌破 10 月份的前低，反到是韓股近期不只創 9 月前高也創 6 月高點，這幾天守穩月線後還有續強的機會，台股與日股都創今年新高近日走勢雷同都是漲多後稍有整理都守穩月線，香港的動亂目前也看不出有緩和的跡象，所以亞股要走補漲的指標落在韓股，若韓股可以再創新高而陸股也沒有跌破前低，預計台股就有機會被帶動往上。3. 昨天我們提示這兩天台股的表現，將是決定短線台股是攻還是繼續整理的重要時刻，今天收週線由於到昨天台股的走勢已經將上週長紅 K 線都吃掉了但成交量萎縮，所以今天若是可以留出下影線也代表週線並沒有走弱，正好今天台股出現上漲，也如預期的出現下影線，讓台股原本由維持整理的情況化解掉，在日線上也正好突破 5 日線突破 11/12 高點 11520 點，這在短線上預告了短多有機會延續到下週，且下週三的期貨結算仍有拉高的機會。近日多單雖然縮減到 4.8 萬口，但摩台未平倉還有 24.7 萬口，可見外資並未在此轉空，若下週量價配合得宜，這波多頭還有機會延續到月底的摩台結算，所以台股在技術面上並未走弱，且短多還有表態的機會。4. 上市櫃公司第三季財報 14 日出爐，電子股受惠中美貿易戰提前拉貨及轉單效應，金控股則有現金股利入帳以及投資收益，稅後盈餘合計達 6,194 億餘元，為歷史單季第四高，不過很多個股早就反應基本面的利多，所以在操作上仍要提防追高的風險。當台股下週開始走出多頭，那麼將會開始出現新的輪漲股，預計仍是低位階股接棒補漲的機會大，可靜待下週的進場機會。※以上內容由蕭春源分析師 整理提供，投資人於投資前請審慎評估，遵守紀律，嚴設停利停損。"
37,2019/11/15,明年7奈米發酵力道強 世芯-KY估營收將再成長,ASIC 廠世芯 - KY() 今 (15) 日表示，AI、HPC(高效能運算) 應用需求明朗，世芯明年 NRE(委託設計)、ASIC 將持續成長，其中，NRE 受惠先進製程推進，明年 7 奈米將開始發酵，且其設計單價明顯高於 16 奈米，有助營收、獲利表現，ASIC 方面，預計中國 CPU 仍會是營收成長的主力。世芯表示，第 4 季主要受惠中國 CPU 需求提升，ASIC 動能明顯較上季升溫，是營收成長的主因，營收比重也將攀升至 5 成，不過因上季 NRE 營收比重約 6 成，營收板塊消長下，本季毛利率將下滑。展望明年，世芯指出，今年 NRE 以 16 奈米為主，明年隨著先進製程開始發酵，客戶採用 7 奈米的比例高，且因 7 奈米的設計單價明顯高於 16 奈米，將為營運帶來正面助益，ASIC 方面，則預計中國 CPU 仍是扮演營收成長的主要動能。世芯第 3 季合併營收 9.1 億元，季增 5.2%，年增 4.42%，毛利率 46.36%，季增 6.68 個百分點，年增 4.52 個百分點，營益率 11.81%，季增 3.82 個百分點，年減 0.39 個百分點，稅後純益 1.16 億元，季增 52.63%，年增 24.73%，每股稅後純益 1.93 元。世芯前 3 季合併營收 28.92 億元，年增 8.89%，毛利率 39.49%，年減 5.19 個百分點，營益率 10.05%，年減 5.55 個百分點，稅後純益 2.92 億元，年減 10.43%，每股稅後純益 4.86 元。
38,2019/11/15,傳郭台銘有意再戰下屆總統 郭辦：2024什麼都有可能,鴻海集團 () 創辦人郭台銘攜手台灣民眾黨、親民黨，力拚明年國會席次，外傳郭台銘有意 2024 再戰總統大位，對此，郭辦今 (15) 日表示，郭台銘對參選的立場就是不排斥，2024 什麼都有可能，但現在談這個還太遙遠。日前舉辦感恩之旅時，郭台銘公開向粉絲們說後會有期，外界猜測郭仍有意角逐總統大位。郭辦發言人蔡沁瑜表示，郭對參選的立場是不排斥，2024 什麼都有可能，他每天都在練身體，但距離 2024 還太遙遠，現在說太滿不好，眼下還是希望國會的第三勢力能夠匯集出來。郭台銘幕僚劉宥彤、蔡沁瑜今天接受廣播專訪，外界也關注郭柯宋之間如何合作？劉宥彤指出，就像鴻海代工，三方合作都有默契，且互動真誠。劉宥彤表示，宋楚瑜宣布參選總統前，情況比較明朗後，親民黨才來談國會合作，郭、宋兩人有見面，但不是為了不分區立委的布局，而郭陣營與親民黨接觸後也有向民眾黨說明，三方之間都有默契。至於郭台銘整合小黨後，政治如何分配？劉宥彤回應，要先把餅做大，第三勢力才會出頭，若不夠能量突破，就無法與藍綠抗衡，因此，現階段不要談分配，要有企業開創的想法。
39,2019/11/15,露天雙11買氣熱 中小賣家業績成長100%,網家 () 旗下 C2C 網路交易平台露天拍賣雙 11 活動昨 (14) 日落幕，露天今 (15) 日公布最新統計，全檔期中小型賣家業績平均成長 100%，更有賣家業績暴增 5-10 倍，打破歷年記錄，以南部發貨量體最大，台南市更成全台最大發貨地。露天統計，不少賣家此次檔期業績表現相當亮麗，生活居家類「購物寓」完售 2 倍備貨量，小型家電賣家「嘟嘟屋」雙 11 當天訂單超過 1200 張，販售小型生活雜貨的「DA 量販店」接到買家不斷加單達 4 萬元，而玩具賣家「合川玩具」活動平均每日湧入近百張訂單，新手賣家「派睿小舖」在此創下的業績則是其他平台的 1.5 倍。露天市集總經理曾薰儀表示，雙 11 對於露天而言，不僅僅是自身創造多少營業額和銷售多少商品，最重要的是無論大小型賣家都能在此平台創造亮麗業績，今年設計多元的行銷工具與活動，賣家可自行搭配包含彩票收集、分價折扣碼與免運方案，吸引上萬個賣家參與。露天進一步統計，今年雙 11 站上台灣賣家熱銷排行前五名商品類別分別是玩具公仔、生活居家、電腦電子周邊、交通工具和男裝配件類，其中，生活居家類最熱銷的是飯店用的可拋棄式牙刷組，銷量暴增 13 倍，而電腦周邊和交通類業績分別成長超過 4.5 倍，以小米 wifi 分享器、按壓式電線接連器、機車後照鏡手機支架較熱銷，狂銷數千件。
40,2019/11/15,健身機大客戶明年推新品 力山主力供應營運受惠,力山 () 健身機事業受惠大客戶營運動能強勁，今年以來營收規模持續擴增，傳出大客戶將在明年推出新品，有助切入更廣大的家用型運動消費市場，需求持續看增，力山營運也可望受惠。力山今年以來受惠產能提升，加上工具機、健身機兩大事業客戶需求同步成長，營收規模持續擴增，前 10 月營收年增 55%，獲利方面，今年前 3 季受惠業外處分收益挹注，每股純益 6 元，單就本業獲利來看，每股純益達 2.07 元，大幅優於去年同期的 0.84 元。今年健身機市場呈現爆發性成長，力山健身機營收占，也從去年 61% 提升至 69%，成長幅度大幅優於工具機，動能來自大客戶健身新創公司 Peloton，在家用市場需求熱絡推升下，健身器材需求持續增溫；力山為 Peloton 飛輪最大供應商、及跑步機唯一供應商。Peloton 產品內容包括銷售跑步機、飛輪，且健身器材內建大螢幕，提供月費 39 美元線上健身課程，用戶能在家看課程、做運動，甚至可透過雲端參與多人連線健身體驗，被市場定位為健身界的「蘋果」(硬體)、「Netflix」(軟體訂閱)。雖然 Peloton 的跑步機與飛輪等健身器材售價昂貴，一台跑步機要價 12 萬元、飛輪則是 6 萬元，但健身器材銷售超過 57.7 萬台，截至今年 6 月底為止，用戶數已突破 140 萬人，今年使用雲端健身課程的付費訂戶已達 51.5 萬人，較前一年的 24.6 萬人倍增，且用戶黏著性高，訂閱會員 12 個月續約率高達 95%。據外媒報導，Peloton 預計明年推出新划船機與更便宜的跑步機，由於現有跑步機與飛輪售價相對昂貴，著眼高端消費市場，而在新產品推出後，將有助切入更廣大的消費者市場，持續推升需求動能，力山身為其最大供應商，也將同步受惠。力山明年健身機營收將維持雙位數成長，工具機業務也受惠貿易戰轉單挹注，雙引擎將持續成長，加上新品陸續推出，看好明年營收續揚；法人估，力山明年全年營收將維持雙位數成長，將是連續第 4 年營收雙位數成長。
41,2019/11/15,華映員工集結大同總部抗議 籲公司妥善處理欠薪問題,大同 () 集團子公司華映向法院聲請破產，華映工會指出，截至目前為止，至少 1900 位員工未拿到 8 月以來合計 3 個月薪資，今 (15) 日工會更號召逾 650 名員工集結至大同總部靜坐抗議，呼籲大同公司應善盡企業責任、妥善處理。華映工會理事長理事長蘇國哲表示，華映爆發財務危機向法院申請破產，全體近 3600 位同仁無辜受害、遭大量解雇面臨失業，目前有近 1900 位員工遭欠薪達 3 個月，合計金額約 2.9 億元現金，若公司再不發出欠薪，不排除發動大規模抗爭。蘇國哲指出，大同集團持股華映約 40% 股權，且董監事皆由大同集團派任，因此大同管理高層責無旁貸，呼籲大同應妥善處理華映問題。蘇國哲進一步表示，大同集團擁有龐大土地資產，今年第 3 季旗下尚志每股配發現金股利 590.84 元，因此相信大同集團是有實力自籌資金兌現承諾，並善盡企業責任，呼籲華映問題不應由政府進行墊償代付，且讓全民買單。工會今也代表所有員工向大同董事長林郭文豔呼籲，盼兌現先前給予的承諾，相信唯有誠信，才能讓大同集團成為永續企業，對華映員工而言，只希望得到應得的薪資及資遣費，讓事情圓滿落幕。華映去年爆發財務危機，股票因淨值轉負在今年 5 月下市，9 月 18 日也正式向法院聲請宣告破產，10 月 1 日向主管機關提出大量解僱計畫，而勞資雙方也在 10 月 23 日經勞動部及桃園市政府協調，達成勞資協議，根據法定規定匯入資遣費為 12 月 30 日，華映近期也擬召開股臨會，討論處分楊梅廠及龍潭廠，將資金優先償還積欠員工工資。
42,2019/11/15,外資四理由看好樺漢 點名為工業電腦首選 目標價最高295元,美系外資出具報告，看好樺漢 () 在鴻海集團工業互聯網 (IIoT) 發展計劃中具獨特地位、可使用鴻海集團資源、旗下 S&T/Kontron 展望佳、成長潛力具吸引力等四大因素，預期是工業電腦產業首選，維持增加持有評等，目標價則上調 9% 至 295 元。美系外資指出，樺漢先前因併購產生無形資產攤銷，發行可轉債、增資等稀釋每股純益等，影響獲利，導致過去 18 個月股價表現不佳，不過，美系外資看好，樺漢獲利衰退的情況即將結束。美系外資認為，鴻海集團正在進行智能製造轉型，隨著將業務模式從精密製造 (OEM) 過渡到智能製造，工業富聯 (FII) 將定位在工業互聯網的雲端、樺漢則專注在邊緣運算，具獨特地位。美系外資指出，樺漢旗下的 S&T/Kontron 在物聯網需求、智能電表以及嵌入式產品需求成長、美國跟亞洲市場持續擴大版圖、以及可能發動併購等因素帶動下，2023 年營收將翻倍成長，年複合成長率達 15%。此外，樺漢也可透過鴻海集團採購資源及生產能力降低成本、加上產品組合改善、規模經濟提升、有助提升 S&T/Kontron 及自身獲利。 美系外資認為，隨著 IIoT 開發需求成長，樺漢的營收成長將優於預期，獲利率也將成長，加上明後年海外產能轉移也將推動設備需求，將樺漢列為工業電腦產業首選，維持增加持有評等，目標價由 270 上調 9% 至 295 元。
43,2019/11/15,豆府展店之外添新營運動能 切入零食、禮盒版圖,連鎖韓式料理集團豆府 () 今 (15) 日宣布，旗下最大韓式品牌涓豆腐與樂事 LAYS 合作，藉此打入零食市場，同時，豆府董事長吳柏勳表示，已陸續在門市推出伴手禮商品，將再開拓禮盒新產品線，再加上近期代理多個新品牌，展店無虞，業績動能持續升溫。吳柏勳表示，此次與全台最大洋芋片品牌樂事 LAYS 聯名，不僅打入零食市場，也可望進一步拓展品牌知名度，並為營運添新成長動能。除聯名款洋芋片外，涓豆腐全台門市已銷售伴手禮商品，豆府說明，看好接下來年節送禮商機升溫，將以禮盒新品切入。除了推升既有店的成長，豆府仍維持展店步伐，9-10 月共開出 5 家新店，截至目前全台已達 42 家據點。其中，全新代理的越南河粉品牌飛機河粉自 10 月 17 日開出首店後，創下單日銷售超過 600 碗的佳績，11 月 21 日將在台北 101 購物中心再展店 1 家；而旗下店數最多的涓豆腐，將於 12 月上旬於開出第 19 家據點。此外，豆府最新與連續 2 年拿下米其林必比登的泰式炒河粉品牌 BAAN PHADTHAI 正式簽約，藉此快速擴展非韓料理的營運版圖。豆府第三季單季稅後純益 3971 萬元，年增 16.83%，每股純益 2.07 元，創同期新高，也是 7 個季度來高點，累計前三季稅後純益 9917 萬元，年增 16.67%，每股純益達 5.24 元。
44,2019/11/15,華映員工上街抗議 大同：全力協助償還債務,華映爆發財務危機、積欠員工薪資，華映工會今 (15) 日前往大同總部抗議，大同 () 發出聲明表示深感遺憾，並在法令允許範圍內持續全力協助，目前華映正處分資產中，強調會處分資產來償還債務。華映去年底爆發財務危機，至今資遣超過 3600 名員工，自 8 月開始未領到薪資，華映工會今日共有逾 600 人走上街頭，呼籲母公司大同出面處理華映債務。大同表示，華映不敵市場壓力，停止營運、欠員工薪資，深感遺憾也對華映員工處境表示同情，另大同是華映股東，依法為債權人，在法令允許的範圍內，會持續盡全力協助。勞動部與桃園市府要求大同以企業社會責任，被積欠工資可由墊償基金付給工資債務，大同對此表示，華映過去皆有依法提繳墊償基金，目前正處分資產中，若資產順利處分，可償還華映對員工的債務，不過資產處分需要時間，若未依時間處理，內部會討論先由墊償基金代付，後由華映償還，大同強調，華映有決心與能力處分資產以償還。
45,2019/11/15,台股盤中－蘋概三王領漲 中小型股回神 力守11500大關,美中談判今 (15) 日傳喜訊，白宮經濟顧問庫德洛表示，美中貿易協談已接近終點，激勵亞股重拾漲勢，台股隨著財報季結束，資金開始回流表現績優的中小型股，今日開盤不久，即躍回 11500 大關，蘋概三王漲幅一致，IC 設計、PCB 族群強勢表態，股后競爭同樣激烈，預估今日成交量 1300 億元。蘋概三王今日走勢一致，台積電站回 5 日線，續往 10 日線靠攏，鴻海則在 90 元附近遊走，大立光持續在盤上震盪，三王皆小漲表態，其餘權值股如金融類股也有不錯表現，華南金、玉山金、新光金上漲逾 1%，永豐金、元大金也有近 1% 漲幅。台股盤中今見三千金，再掀股后爭奪戰，矽力 - KY 今日盤中最高來到 1005 元，精測最高則來到 1010 元，不過，兩者隨後皆失守千元大關，矽力 - KY 跌幅逾 2%，精測則上漲近 2%，另外，隨著股后競爭激烈，高價股比價效應顯現，信驊強漲近半根漲停板，譜瑞 - KY、和泰車也有逾 1% 漲幅。隨著矽力 - KY 躍居股后，IC 設計今日再現慶祝行情，世芯 - KY 第 3 季財報亮眼，第 4 季營運再續強，今日亮燈漲停，續創歷史新高，同為 ASIC 廠的創意，今日漲幅近 3%，聯發科、義隆電、同欣電也有 3% 以上的漲幅，值得留意的是，立積、揚智跌幅皆逾 1%，聯詠則跌近 3%。PCB 族群今日表現同樣強勁，欣興表現最亮眼，漲幅近 4%，瀚宇博、南電漲幅達 2%，定穎、耀華、聯茂也有逾 1% 的漲幅，至於臻鼎 - KY 則因外資降評，股價持續下探，跌幅逾 1%。整體而言，美中貿易戰發展雖有疑慮，但持續往正向發展，且國際資金政策持續寬鬆，有助資金行情延續，指數也可望在區間震盪，也有助中小型股表現，不過，若指數失守月線，須提防獲利了結。
46,2019/11/15,裕隆Q3虧損創單季最多 股價跌至9個月低點,裕隆 () 由於提列納智捷車型減損以及新店裕隆城變更計畫損失，第三季單季虧損擴大至 15.7 億元，每股虧損 1.05 元，創單季虧損最多，累計前三季虧損 25.07 億元，每股虧損 1.7 元，衝擊今日股價再度走弱，最低見 18.35 元，創 9 個月來低點。裕隆第三季合併營收 215.75 億元，年增 6.68%，不過，毛利率較去年同期下滑 4.97 個百分點，營業利益率也轉負為 - 1.3%，年減 5.06 個百分點，再加上業外認列損失多達 16.39 億元，加重虧損壓力。裕隆說明，此次是提列台灣納智捷的車型減損，再加上新店裕隆城投入資本化在變更計畫後，提列損失。新店裕隆城商業區於 2017 年第二季動工，目前連續壁工程及基樁工程已完工，現進行 1 樓版施作，不過，住宅區規劃已喊卡，就連商業區中的住宅都將重新規劃。至於納智捷，裕隆已表態，未來重大投資會放緩，減緩新車型的開發速度，藉此降低成本，同時，將部份產能釋出接單，已接獲 Muse 法國電動物流車訂單並開啟相關合作業務，也取得義大利重機品牌 ADIV 機車代工訂單。裕隆強調，正積極進行價值鏈策略轉型，以全面開放態度爭取多元客戶和海內外訂單，提升專業代工服務。
47,2019/11/15,華宏Q3獲利近5年來新高 Q4營運維持高檔 股價直奔漲停,華宏 () 第 3 季在光電材料產線增加及新品訂單成長挹注下，稅後純益與每股純益同創近 5 年來新高，展望第 4 季，華宏看好年底年節拉貨需求帶動下，高階電視和電競顯示器等終端消費產品需求強勁，預期營運將維持高檔，今 (15) 日股價早盤開高走高，一度強攻漲停價位。華宏指出，客戶分布台灣、中國及日本等面板業者，今年也成功打入韓系客戶供應鏈，對整體訂單貢獻度有所提升，第 3 季在產品組合多元、光電產品、新品訂單帶動下，整體營運及獲利優於預期。展望第 4 季，華宏表示，光學材料第 3 季出貨量年增雙位數，預期包含偏光片、貼合膜及廣色域光學膜等新品銷售動能可望延續至第 4 季，在旺季需求、產品組合優化策略發酵下，營運可望維持高檔。華宏第 3 季營收 25.99 億元，季增 3.46%、年增 22.58 %，毛利率 12.97%，季增 3.48 個百分點、年減 0.61 個百分點，營益率 5.07%，季增 3.92 個百分點、年增 1.42 個百分點；稅後純益 1.01 億元，季增 219.09%、年增 55.56%，為近 5 季單季新高，每股純益 1.01 元。華宏累計前 3 季營收 72 億元，年增 26%，毛利率 10.91%，年減 0.25 個百分點，營益率 2.55%，年增 1.83 個百分點，稅後純益 1.39 億元，年減 2.3%，每股純益 1.41 元。華宏 10 月合併營收 9.15 億元，月減 0.46%、年增 33.82%，累計今年前 10 月合併營收約 81.11 億元，年增 26.83%，華宏也預計於 11 月 11 日至明年 1 月 10 日買回庫藏股，兩個月內買回 2000 張，買回區間價格在 20-35 元。
48,2019/11/15,Q3晶圓代工大爆發 今年半導體產值可望再創高,今年景氣遭遇貿易戰干擾，經濟部今（15）日公布統計，我國積體電路業產值連 6 年創高後，前 2 季呈現負成長，但第 3 季起各大品牌陸續推出消費性電子新品，以及 5G 布建加速，帶動半導體高階製程需求強勁，台積電 () 穩居晶圓代工龍頭寶座，全球市占率逾 5 成，可望持續帶動積體電路業全年產值再創新高。根據 TrendForce 統計，今年第 3 季全球晶圓代工廠營收排名，台積電市占率達 50.5%，穩居全球龍頭寶座，聯電 ()、世界先進 ()、力積電亦名列全球晶圓代工前十大廠商，我國晶圓代工市占率合計達 59.8%，較第 1 季的 58.5% 及第 2 季的 59.4% 呈現逐季提升。根據經濟部統計，我國積體電路業產值 2014 年首度突破兆元，並連續 6 年創新高，但今年第 1 季由於智慧手機銷售疲弱，加上採礦熱潮消退，產值年減 10.8%，第 2 季因終端電子產品需求仍弱，續呈年減 3.1%。不過，第 3 季起各大品牌陸續推出消費性電子新品，以及 5G 基礎建設加速布建，帶動半導體高階製程需求強勁，扭轉今年前 2 季負成長態勢，年增 5.1%，累計今年前 3 季產值則年減 2.8%。經濟部指出，晶圓代工產值約占積體電路業 83%，DRAM 則約占 1 成。儘管晶圓代工上半年受景氣不佳影響而生產下滑，惟第 3 季重拾動能，年成長 12.1%；DRAM 及快閃記憶體今年則受價格滑落影響，前 9 月產值分別年減 19.3% 及 21.1%。經濟部表示，由於晶圓代工為積體電路業最主要的貢獻來源，今年下半年在我國晶圓代工恢復強勁成長下，可望彌補記憶體的減產空缺，仍有機會帶動積體電路業全年產值再創新高。
49,2019/11/15,沖壓件廠轉型中 安力-KY前3季每股賺2.54元居冠,在產業重心及生產區位移轉下，沖壓件廠紛紛尋求往高階產品如汽車、5G 應用區塊移動中，前 3 季財報中，安力 - KY () 每股純益 2.54 元居冠，鉅祥 () 每股純益則以 1.44 元居次。鉅祥今年前 3 季稅後純益 2.67 億元，年增 33.4%，每股純益為 1.44 元，為沖壓件廠中少數獲利成長的個股。安力 -KY 前 3 季營收 10.57 億元，毛利率為 31.11%，年減 1.14 個百分點，稅後純益 1.11 億元，年減 12.47%，每股純益 2.54 元。安力 - KY 去年起，在散熱產品壓鑄及沖壓件產品外，積極進行市場多元布局，並鎖定中國內需市場，包含民生、5G 光纖、伺服器、電動車等領域，成果可望在今年第 4 季起顯現。安力 - KY 的新產品深耕中國民生內需市場，與重慶當地大企業開發天然氣產品，產能方面重慶廠二廠工程已完工，預計第 4 季生產線產能開出後，2020 年起可逐步貢獻營收。安力 - KY 開發車用部分，在汽車內構件及電控類相關應用產品已有進展，目前汽車中控面板相關產品開始出貨，汽車電裝馬達內構件及其他電控類應用，今年第 4 季也會小量出貨，為佈局車用產線及整體長遠營運考量，安力湖州擴廠計畫持續進行，2020 年產能開出後車用產品線應為該公司中、長期推升獲利的關鍵。而鉅祥今年前 3 季出貨結構來看，3C 電子產品應用已降至 56%，看好包括車載、工業控制等應用市場等穩定成長，並朝汽車用光學鏡頭進行開發之中，最快在明年出貨中國大陸市場，並鎖定 Tier 2 及 Tier 3 汽車電子廠。至於錩新 () 則因生產重心由中國大陸移往越南過程中，前 3 季獲利衰退，稅後純益 3669 萬元，每股純益 0.46 元；錩新除開發汽車零組件市場之外，並將由原來的揚聲器零組件朝模組組裝發展。
50,2019/11/15,藥華藥原發性血小板增生症新藥 中國啟動三期臨床,藥華藥 () 今 (15) 日宣布，治療原發性血小板增生症 (ET) 新藥 P1101，獲中國國家藥品監督管理局核准通過三期臨床試驗計畫，預計 2-3 完成試驗，另美國也啟動三期人體試驗，法人看好，美國、歐洲地區的 ET 病人數逾 40 萬人，藥證到手後，將有助營運增溫。藥華藥公告，新藥 Ropeginterferon alfa-2b(P1101)，治療原發性血小板增生症，三期臨床試驗計畫已獲中國國家藥品監督管理局核准通過，並同意執行臨床試驗及未來新藥查驗登記，預計 2-3 年完成，惟實際時程將依執行進度調整。藥華藥表示，除中國將可進行臨床試驗外，也已啟動美國三期人體臨床試驗，尤其美國 FDA 過去 20 多年來未批准 ET 新藥上市，目前 ET 適應症中，唯一被 FDA 核准的是 1997 年上市的安閣靈 (Agrylin)。其他新藥進度方面，藥華藥指出，P1101 治療真性紅血球增生症 (PV)，已在日本進行二期臨床試驗及申請新藥查驗登記，預計 2 年內完成。藥華藥表示，日本約有 2 萬名 PV 患者，經醫院確診的病患達 1.4 萬人，其中有接受藥物治療的患者 1.2 萬人，約占確診病例數 86.4%，占罹病數 60.5%。法人看好，ET 與 PV 的競爭藥品少、利潤高，待藥華藥陸續取得藥證、銷售後，估新藥可貢獻逾 20 億元營收，營運有機會轉盈。
51,2019/11/15,欣興成長超預期 外資認錯調升評等至「買進」 目標價60元,蘋果 PCB 供應鏈欣興 () 第 3 季稅後純益衝上 12.61 億元，創 32 季以來新高，每股純益 0.87 元，欣興出貨結構朝有利方向發展，美系外資也認錯調整評等，今 (15) 日最新報告調升欣興評等，由「賣出」翻升為「買進」，目標價升為 60 元。欣興今年前 3 季稅後純益 21.8 億元，年增 1.28 倍，每股純益為 1.5 元。美系外資指出，欣興在有利的出貨結構推升下，今年第 3 季每股純益達 0.87 元，超越原預期 0.8 元，同時，ABF 載板市場仍具產能優勢，且 2020 年在全球 HDI PCB 供應缺口仍在之下，欣興營收 39% 的 HDI 板訂單及類載板訂單，成長動能強勁。美系外資報告調升欣興評等由「賣出」翻升為「買進」，目標價由 33.5 元調升為 60 元。欣興第 3 季營收 229.49 億元，創新高，毛利率為 15.36%，季增 2.16 個百分點，年增 1.26 個百分點，稅後純益 12.61 億元，創 32 季來新高，單季每股純益 0.87 元。欣興前 3 季營收為 599.63 億元，毛利率 13.48%，年增 3.92 個百分點，稅後純益 21.8 億元，年增 1.28 倍，每股純益為 1.5 元。
52,2019/11/15,台灣人壽啟動2大增員計畫 今年目標1300人,中信金 () 旗下台灣人壽已成為金控第二大引擎，為了持續衝刺，台灣人壽宣布啟動「二代接班傳承」與「業務菁英招募」兩項增員計劃，今 (2019) 年增員目標為 1300 人。台灣人壽目前業務人員人數約 7600 人，為了增員，該公司首先啟動「二代接班傳承計劃」，要加入的第二代須具備備三項條件，包括一、在公司服務滿三年以上年資，對業務組織運作與商品服務須瞭若指掌；二、完成公司制定的接班訓練課程，提升自我壽險專業及管理技能；三、本身已晉升至主管職，並且跟父母僅能為一階之差，才具接棒資格，目前合格年輕二代有 120 位。為了協助業務員的第二代子女提升專業能力，並加速了解企業文化，目前台灣人壽內部並啟動「希望工程宣示營」，由總經理莊中慶親自督軍開班授課。而「業務菁英招募」部分，因為壽險公會公布今年業務員登錄統計數字顯示，30 歲以下新登錄人數比例已超過 6 成，並成為業務員主力，因此，台灣人壽瞄準 20 至 29 歲的年輕人加入「業務菁英招募計劃」。台灣人壽表示，該公司將協助透過差異化個人培訓，提供新進業務同仁專屬數位工具，也享有領先業界視訊教學平台「TOP Channel 台壽新聞台」，透過電腦、手機就可即時學習包括：行銷應用、客戶服務、商品知識、國際財經、公司新訊等新訊，就算沒有工作經驗但對未來充滿憧憬的新鮮人，也有機會成為業務菁英。
53,2019/11/15,投資達人選股術大公開　一招買股獲利翻倍賺,台股萬點行情燒不停，許多投資人至今卻仍望股興嘆。為了幫投資人賺到滿滿獲利，「優分析」股市策略平台利用多位重量級理財達人的選股策略，直接開發出一套投資工具，一招就讓投資人仿效達人挑出績優股，獲利翻倍賺。優分析 9 日舉辦一場「從數據應用到台股實戰　一次到位」的基本面投資高峰會，會中邀請張皓傑、陳喬泓、股魚、王志鈞及丁彥鈞等五位重量級理財達人，親自對投資人解說基本面投資的最新趨勢及選股邏輯，吸引逾百位民眾到場取經。存股工程師股魚現身分享不看盤就能穩定獲利的秘訣時表示，他專挑沒有題材性且獲利穩定的個股投資，好處是雜音少，股價比較能反映財務面的價值性，這套操作方法適合沒時間盯盤的上班族運用 。股魚說，過去他都用券商的看盤軟體挑股票，後來優分析依據他的選股邏輯開發出「策略包」軟體後，每支個股都以分數呈現，讓投資人直接看分數就能貼近他的選股方式，省時又便利。善長獲利倍數的千萬獲利算股達人陳喬泓表示，他的專長在挑選中小型成長股，方法是利用本益比低於 15 倍、股東權益報酬率 15％以上等 6 大指標篩選股票，只要找到公司未來獲利具成長性，且股價被低估的個股就買進持有。陳喬泓說，成長股相較於權證、期貨或選擇權商品，風險易於控制，獲利又比單純的存股高，是資金不多的投資人很好的獲利方式。這套複雜的選股法則，現在也被優分析量身打造，投資人可以直接從台股 1700 檔個股中，挑出成長潛力股。買營建股從沒賠過的會計師丁彥鈞指出，他買營建股主要是挑選以銷售預售屋、未來半年到一年有建案完工的建商為主，看的指標是財報的「合約負債」。因為預售屋賣的愈好，合約負債金額就會愈高，之後營收也會跟著成長。不過，一般人看到負債就害怕，所以合約負債變高時，建商股價往往會下跌，此時就可進場撿便宜。由於他的選股指標都被優分析預先設定，投資人只要輸入建商名稱，就能一目了然，不懂財報也能輕鬆買賣營建股。優分析營運長陳朝翔表示，優分析是一種利用基本面數據的投資工具，為了建構投資專家的選股模式，優分析與知名的投資達人合作，將達人的買股策略內建於程式，使用者只要輸入選股指標或股票代號，就能依照達人的選股邏輯，自己挑「優質股」，宛如投資顧問如影隨形，連股神巴菲特的選股方式，都能直接套用。程序上，優分析會先定義投資達人的判斷指標，再藉由數據量化建構財報評分，找出股票的真實價值。優分析也會依照達人的指標，給每支個股一個樂觀、合理、悲觀的價位區間，讓投資人更容易判斷進出場時機，不用盲目的聽信沒有基本面根據的明牌。此外，優分析每個月還會邀請投資達人，面對面傳授投資技巧，投資人只要加入優分析官網和粉絲團，馬上可以參加相關課程。以成本換算，扣掉優惠折扣每天不到 20 元，就能把達人帶著走，理財從此變得輕而易舉。點我
54,2019/11/15,空方拖字訣 消耗多頭戰力? 月線保衛進入關鍵期,雖然外資未出現連續賣超，昨日又轉買超台股 43 億元，不過匯率續貶，外資仍持續調節淨多單單部位，讓台股大盤昨日全場都被壓抑在 11500 點之下。多空近日的 11500 點關卡角力，空方似乎使出「拖」字訣，消耗多頭戰力，月線保衛戰也將進入關鍵期。關鍵點位為 11413、11448 與 11483 點。11500 點關卡最後的護城河為 11483 點，多方如欲反攻，必須守穩，才有機會再戰 11517 點，多頭才可重掌短線控盤權，最好能一鼓作氣站回 11559 點。但如多方未能擺脫空方糾纏，需留意 11448 與 11413 點能否挺住，如 11413 點未能守住，則進入 11400 關卡與月線攻防保衛戰，11393 不宜失守，否則需提防停損賣壓湧現，空方氣焰升高。台股盤面表現，電子三王同步回軟，讓指數難有表現，不過在指數維持區間震盪之際，股后搶卡千金寶座的爭霸戰，則是相當精彩。這也顯示只要指數能持續維持區間震盪，在第 3 季財報公布結束後，中小型股將有機會各自表現。不過前提是，大盤務必得撐住月線之上。如大盤未能挺住月線，短線停損賣壓湧現，中小型股也得提防被拖累。外資近日在淨多單出現調節動作，未平倉水位降至 5 萬口以下，下周三 11 月結算日前，需同步留意匯率表現。如匯率續貶，外資淨多單水位再降，出現多單持續獲利下車動作，則對 11 月的多方優勢地位，也將造成威脅。而今日盤面，除了電子三王之外，可留意 5G 相關族群是否獲得買盤接力，另外遭到外資持續調節的面板族群，今日盤後群創將召開法說會，是否能在法說會後，讓外資賣壓減緩，則是盤面高低基期族群調整的觀察指標。(訊息僅供參考，請勿作為買賣股票之依據)
55,2019/11/15,【新光證券】盤前分析,◆盤勢分析美中貿易談判前景不明，亞幣漲多拉回，回貶，不利台股資金動能，令 14 日台股開高走低，蘋概三巨頭帶頭降溫，類股跌多漲少，僅少數財報表現亮眼股逆勢撐盤，使得大盤連跌二日，終場收在 11450.42 點，跌 17.41 點或 0.15%，成交額 1322.13 億元。 OTC 指數收在 142.4 點，跌 0.7 點或 0.49%，成交額 294.21 億元。14 日台股日線連二黑，日量增加逾 13%，KD 指標交叉往下開口擴大，近期可能持續盤整。籌碼方面，自營商結束連二買；投信及外資轉賣為買。美中貿易協議陷入僵局，若未能達成貿易協議，耶誕節前可能調高關稅，所幸川普身陷彈劾調查，貿易協議仍有一線生機，且多數大型企業財報表現仍佳，外資已回心轉意，只要權值股表現不要太離譜，台股仍有機會重返五日均線，選股方面，可留意低本益比股波段操作。
56,2019/11/15,【日盛投顧】盤前分析,"◆盤勢分析1. 美股漲多後窄福波動，收盤四大指數收盤漲跌互見，僅有標普再創波段新高，整體漲跌幅度介於 - 0.30~+0.08%。其中，美光、AMD 漲幅超過 1% 表現最佳，APPLE 下跌 0.67%、台積電 ADR 下跌 0.76%，思科因財報表現不佳，重挫 7.33%。2. 周四中美貿易再傳雜訊，亞洲股市表現不一。台股晨間小高盤開出後震盪向下，一度回測 11400 點整數附近，所幸尾盤在權值股回穩，跌幅逐漸收斂，終場收在 11450.42 點，下跌 17.41 點，跌幅 0.15%。3. 加權技術面與籌碼面：(1) 均線：指數收小黑 K 棒，是創高後拉回整理第六天。(2) 量能：尾盤拉升放量，後續上漲宜量出。(3) 技術指標：技術指標日 KD 高檔向下，MACD 柱狀體零軸之下走低。(4) 法人籌碼：三大法人 + 37.44 億元，外資 + 43.02 億元、投信 + 1.91 億元、自營 - 7.5 億元。4.OTC 指數開高後走低，收盤下跌 0.49%，收長黑 K 棒，表現仍相對加權疲弱。目前短線的支撐為季線 141.55 點，上方壓力下移到月線 144.2 點。5. 蘋概股：APPLE 股價創新高，加上推出新款 MACBOOK PRO，相關的供應鏈鍵盤 2387 精元、5215 科嘉 - KY、4938 茂林 - KY 股價走高，組裝廠 2382 廣達逆勢上漲。6. 鴻海集團：2317 鴻海 3Q19 財報三率三升，且積極布局電動車、數位醫療、機器人，強化發展 AI、半導體、5G/6G，但因短線漲多開高震盪，但 3062 建漢、8011 台通、2314 台揚、3682 亞太電表現佳。7.LED：Mini LED 應用面擴大，在 2020 年終端產品滲透率將大幅提升，且傳出新款 MACBOOK 採用，2448 晶電強勢漲停，帶動 2393 億光、3698 隆達轉強。8. 季報優異：6282 康舒處分東莞出售土地之收入，前三季 EPS 達 2.85 元，股價走勢強勁。2357 華碩 3Q19 獲利年增 69%，超越市場預期，激勵股價強漲逾 6%，衝上 4 個月來高價；5469 瀚宇博 3Q19 獲利季增 1.7 倍，EPS 2.96 元創新高，股價盤中上漲超過 2%。9. 操作建議：目前台股連續拉回整理多日，預期在月線附近應獲得較有利支撐。個股操作若連續爆量，而上漲無力則建議可適度拔檔。5G、半導體、IC 設計、資產內需等族群長期趨勢佳，如拉回不破支撐，可酌量布局。10. 寶成前三季營收獲利 雙創新高：9904 寶成工業 14 日公布今年前三季財報表現搶眼！今年前三季合併營收 2,341.27 億元、年增 9.1％，創歷史新高，受惠於製鞋、通路營運效益及業外轉投資收益聯袂增加，稅後淨利 113.42 億元、年增 33.9％，創歷史新高，EPS3.85 元，高於去年同期 2.88 元。11.CMOS 影像感測器需求強 同欣電業績喊衝：陶瓷基板及光學元件封裝廠 6271 同欣電 14 日舉行法說會，對外釋出未來展望。同欣電指出，CMOS 影像感測器（CIS）第四季起就可望感受到需求逐步成長，2020 年需求將更加強勁，可望成為推動業績衝刺的主要動能。對於第四季動能，從各產品線來看，CMOS 影像感測器、高頻無線通訊模組將可望成長，混合積體電路將比第三季持平或小幅增長，陶瓷基板將會比三季衰退。"
57,2019/11/15,台股盤前－指數月線支撐 價量背離上攻壓力重,台股昨 (15) 日開高震盪走低，最低至 11424.77 點，終場下跌 17.41 點，收在 11450.42 點，成交量約 1311.08 億元，5 日線得而復失，法人指出，外資賣超一天後回頭轉買，不過隨著跌破月線支撐，外資操作轉趨保守，指數估短線將在月線整理。美股受房地產與材料類股跑贏大盤，週四上漲 2.59 點，或 0.08%，收 3096.63 點，再刷歷史新高紀錄；指數下跌 3.08 點，或 0.04%，收 8479.02 點；美股下跌 1.63 點，或 0.01%，收 27781.96 點；指數下跌 5.27  點，或 0.30%，收 1727.59 點。市場消息方面，上市櫃前 3 季財報公布，台積電稅後純益 1010.7 億元坐穩獲利王寶座、鴻海蟬聯現金王、大立光每股純益 150.41 元續居 EPS 王，力旺毛利率高達 100% 續為毛利王、敬鵬前 3 季稅後純益 4.77 億元，年增 602 倍，拿下獲利成長王。面板大廠群創通過台商回台投資案，將投資超過 701 億元，擴大台灣 AI 自動化產線，金額是台面板廠之冠，群創表示，瞄準自動化產線比重提高、移回整機產線、擴大 IPS 技術等 3 大方向，預期 5 年之內效益將逐步浮現。全球伺服器大廠美超微電腦 (Supermicro) 也將加碼投資約 200 億元，新建高階伺服器研發製造中心與軟體開發園區，及增加自動化系統組裝生產線等。機殼大廠可成董事長洪水樹表示，最壞的情況已經過去，第 4 季手機需求強勁，估營收可優於去年同期與上季，攀上今年營運高峰，動能可延續至明年第 1 季，且隨著 5G 手機逐步發酵，毛利率盼可朝 3 字頭邁進。法人表示，美中貿易戰協議進入最後階段，香港不安情勢升溫，市場多空角力拉扯，台股因個股基本面與財報加持，指數在月線支撐，但價量背離，短線上檔壓力重。
58,2019/11/15,盤前財經大事搶先讀2019年11月15日,日本 9 月工業生產美國 10 月零售銷售法說會：光磊、兆勁、美隆電、臺企銀、東科 - KY新股掛牌：意德士瑞士信貸週四 (14 日) 發布的一份最新報告顯示，儘管特斯拉在美國電動市佔近八成，目前仍保持業界龍頭的地位，但該機構預期，特斯拉仰賴 Model 3 稱霸的時日已然不多，其股價恐下探 40%。《彭博社》週五 (15 日) 報導， 中國阿里巴巴聯合創始人兼前董事長馬雲認為，美中兩國若不小心，貿易戰或將持續開打 20 年，他還提到，阿里巴巴赴港上市是為了討好北京，同時規避貿易戰的風險。投資台灣事務所昨 (14) 日宣布，面板大廠群創 () 將投資超過 701 億元移回產線，群創表示，將在苗栗竹科、南科擴大 AI 智能智造自動化、提升技術研發能量，瞄準自動化產線比重提高、移回整機產線、擴大 IPS 技術等 3 大方向，預期 5 年之內效益將逐步浮現。外資昨 (14) 日點名，隨著中國積極去美化，加上德儀調整營運策略，雙利多驅動下，電源管理 IC 廠矽力 - KY() 明年營運動能強，挑戰賺進 3 個股本，外資目標價上看 1085 元，股價今日走揚，收最高 1015 元，成為首家破千元的 IC 設計廠，同時登上台股股后寶座。金管會昨 (14) 日宣布，為強化公司治理，上市櫃公司只要出現近 3 年度個別或個體財報曾出現虧損、公司治理評鑑不佳、非主管全時員工平均薪資低於 50 萬元，只要符合其中一項，除須個別揭露董監事的酬金，明 (2020) 年的年報也要全面揭露。
59,2019/11/15,◆外資連續5日買超個股,外資連續 5 日買超個股1. 外資連續買超 5 日的股票(2317) 鴻海、(4938) 和碩、(2891) 中信金、(2313) 華通、(3231) 緯創2. 外資連續買超 4 日的股票(2317) 鴻海、(2313) 華通、(4938) 和碩、(2891) 中信金、(00672L) 元大 S&P 原油正 23. 外資連續買超 3 日的股票(2317) 鴻海、(2891) 中信金、(4938) 和碩、(2313) 華通、(00672L) 元大 S&P 原油正 24. 外資連續買超 2 日的股票(2317) 鴻海、(2891) 中信金、(4938) 和碩、(3231) 緯創、(2448) 晶電5. 外資當日 (14) 買超的股票(2317) 鴻海、(00672L) 元大 S&P 原油正 2、(2448) 晶電、(2382) 廣達、(2327) 國巨
60,2019/11/15,◆外資連續5日賣超個股,外資連續 5 日賣超個股1. 外資連續賣超 5 日的股票(3481) 群創、(2409) 友達、(00637L) 元大滬深 300 正 2、(6116) 彩晶、(2834) 臺企銀2. 外資連續賣超 4 日的股票(3481) 群創、(2409) 友達、(00637L) 元大滬深 300 正 2、(6116) 彩晶、(2834) 臺企銀3. 外資連續賣超 3 日的股票(3481) 群創、(2409) 友達、(2888) 新光金、(2884) 玉山金、(2885) 元大金4. 外資連續賣超 2 日的股票(3481) 群創、(2409) 友達、(3037) 欣興、(2408) 南亞科、(2888) 新光金5. 外資當日 (14) 賣超的股票(3481) 群創、(2409) 友達、(00632R) 元大台灣 50 反 1、(2408) 南亞科、(2888) 新光金
61,2019/11/15,◆投信連續3日買超個股,投信連續 3 日買超個股1. 投信連續買超 3 日的股票(2448) 晶電、(3037) 欣興、(3706) 神達、(2313) 華通、(3702A) 大聯大甲特2. 投信連續買超 2 日的股票(2448) 晶電、(3037) 欣興、(3702A) 大聯大甲特、(2313) 華通、(3231) 緯創3. 投信當日 (14) 買超的股票(2448) 晶電、(3037) 欣興、(2317) 鴻海、(2383) 台光電、(5215) 科嘉 - KY
62,2019/11/15,◆投信連續3日賣超個股,投信連續 3 日賣超個股1. 投信連續賣超 3 日的股票(2392) 國巨、(2377) 金像電、(2892) 大成、(3481) 台郡、(2105) 建準2. 投信連續賣超 2 日的股票(2392) 正崴、(2377) 微星、(2408) 南亞科、(2892) 第一金、(2337) 旺宏3. 投信當日 (14) 賣超的股票(2377) 微星、(2408) 南亞科、(2312) 金寶、(2392) 正崴、(2337) 旺宏
63,2019/11/15,【鉅亨-盤前掃瞄】技術面,1.5 日均線 11489.09 點，10 日均線 11530.55 點，20 日均線 11409.25 點。2.6 日 RSI 為 23.94，12 日 RSI 為 57.76。3.20 日乖離率為 0.36。
64,2019/11/15,【鉅亨-盤前掃瞄】基本面,1.14 日交易日以 30.582 兌 1 美元作收，收盤貶 7.9 分，成交值為 10.24 億美元。2. 集中市場 14 日外資買超 43.0 億元，投信買超 1.9 億元，自營商賣超 7.4 億元。3. 集中市場 14 日融資餘額較前 1 日減少 9.50 億元，成為 1408.46 億元，融券餘額較前 1 日增加 5496 張，成為 850449 張。
65,2019/11/15,企業投資意願回溫 銀行積極搶作小額信貸,企業投資意願回溫，銀行積極搶做小額聯貸業務，彰銀與台企銀今 (14) 日分別與日盛國際租賃、義力營造簽訂聯貸合約，作為企業中長期營運資金。彰銀今天與日盛國際租賃簽訂 3 年期、36 億元聯貸案，本聯貸案由彰銀、合庫銀、台灣企業與瑞穗銀行，參貸銀行包括兆豐銀行、土地銀行、上海商銀、高雄銀行、新光銀行、大慶票券及合庫票券公司等 7 家金融機構。日盛租賃主要以提供各式車輛分期與租賃為主，近年除持續深耕臺灣重車及營建機具市場外，並多元化拓展金融周邊業務服務，提供企業客戶更多選項之營運融資管道，業務版圖延伸至中國，分別在中國大陸蘇州、上海、東莞、寧波等地設有營業據點，整體大中華事業版圖已逐步成形。彰銀表示，日盛租賃聯貸案原本預計籌資 30 億元，但在各參貸銀行熱烈回應超額認購下，最後以 36 億元拍板，顯示銀行團對日盛國際租賃公司的支持與肯定。台企銀統籌主辦義力營造 28 億元聯貸案，為期 5 年 6 個月，資金用途主要是支應辦理「彰化濱海工業區鹿港西三區委託開發、租售及管理計畫」所需相關資金及開發履約保證金保證函所需。該聯貸案由台企銀擔任聯貸統籌主辦銀行，台中商業銀行、農業金庫、彰銀、台銀、彰銀、合庫等共同參與。
66,2019/11/14,永豐餘「獎」不完 榮獲六大肯定,永豐餘 () 善盡企業社會責任有口皆碑「獎」不完！一周內連獲「績優綠色服務暨環保標章業者」、「國家品牌玉山獎」、「臺灣金印獎」、「臺北市績優健康職場」與「幸福企業大賞」五項大獎，並通過教育部「108 年度運動企業認證」，肯定永豐餘在環境保護、產品品質與創新及員工關懷等不同面向之努力。永豐餘長期支持綠色消費與環保標章制度，是國內首家獲得環保標章的企業，持續申請已超過 20 年，獲環保署「108 年績優綠色服務暨環保標章業者」表揚。在永豐餘工業用紙廠，大量採購與使用超過 95% 的再生回收紙製作紙板與瓦楞紙箱，延續碳的儲存時間與使用價值，在當今社會可說是扮演著重要的清道夫角色。除此之外，各個廠區最大化水的使用次數、最小化水的使用噸數，生產 1 噸的紙消耗水量為 6 噸，讓水資源不斷地循環使用。同時，新屋廠還將製程排放水中的有機物，以微生物轉換成沼氣（甲烷）發電，打造全台最大沼氣發電系統，推動能源循環再下一城，展現造紙產業實踐循環經濟的用心與行動力。永豐餘消費品旗下擁有五月花、柔情與得意三大暢銷家庭用紙品牌，以及橘子工坊、植淨美兩大熱賣潔品品牌，安心好用的高品質早已深植人心，今年更獲得國家肯定。「國家品牌玉山獎」是全國最具公信力和指標性的優質傑出企業評選，堪稱國家等級的品牌奧斯卡獎。永豐餘消費品實業以「五月花厚棒衛生紙」、「橘子工坊洗衣精全系列」與「橘油泡泡食器清潔」，一舉贏得三項最佳產品獎，展現優質產品實力。由經濟部工業局舉辦，素有商品包裝界金馬獎之稱的「台灣金印獎」，永豐餘每年都不缺席，為提升設計水準及印刷科技而揮創意。今年永豐餘工業用紙桃園廠，再以精緻的茶葉包裝禮盒，獲得第十三屆台灣金印獎包裝紙箱類首獎。不只有產品力，永豐餘還特別關心員工的「安全」與「健康」，由內而外、從上而下，為員工營造如家般的溫暖與安定環境。打造有感且幸福的健康職場環境，也讓永豐餘消費品實業獲得台北市政府表揚為「臺北市績優健康職場」；永豐餘工業用紙在 1111 人力銀行票選活動中，經網友肯定為「幸福企業大賞」；清水廠則因推動職場運動習慣有成，由教育部認證表揚為「108 年度運動企業」。創立於 1924 年的永豐餘，站穩台灣已 95 個年頭。永豐餘的發展史與台灣的歷史、社會同行，而能穩紮穩打一路走來，依靠地就是員工的支持與打拼。永豐餘設有職工福利委員會，提供完備的員工福利，給予員工食、衣、住、行、育、樂等各方面的適當照顧。同時更定期同時關心員工健康，除了提供員工優於勞基法的健康檢查之外，更透過追蹤健康檢查的結果替員工身體把關，根據員工健康警訊統計資料發起各式活動鼓勵員工參加，甚至協助員工挑選適合的運動類型，量身打造屬於個人運動處方，鼓勵每位職工透過運動，改善現代文明病或慢性病 (如心血管疾病)，無論減重班、戒菸班、戒檳班都成果斐然。為體貼女性員工，公司與廠區分別設有專業哺乳室，並有孕婦專屬的粉紅色停車位。2015 年，永豐餘重塑安全至上的工作文化，設立職安衛管理平台，持續推廣工安理念；2016 年，永豐餘工業用紙新屋廠大手筆整修員工宿舍，提供星級飯店的設施與環境；2018 年，永豐餘啟動制服專案，踏遍每間工廠、徵詢過員工意見，再經大家票選表決，從版型、設計、細節到材質，讓制服全面換裝。新制服新風貌，不僅實用好穿更有溫度，背後注入的其實是公司願意傾聽與感念每一位勞心工作者的辛勞及回饋。永豐餘已經走過 90，在邁向 100 歲的路上，對環境、對產品品質及對員工「永續」的付出，也是永豐餘達成永續經營的理念。
67,2019/11/14,中租搶重型卡車融資大餅 卡車幫APP串接生態圈,中租控股 () 積極推動數位轉型，今年 6 月新推出的「卡車幫」APP 串接車貸、油品優惠與週邊耗材等融資優惠，同時串聯企業與車主提供媒合服務，透過生態圈串聯做大車貸市場的餅，目前參與人數共約 2000 人。看好重型卡車融資市場的開發潛力，中租針對卡車與週邊產業鏈推出「卡車幫」，將融資範圍從卡車車貸延伸至輪胎買賣、融資，以及影響營運成本的油價優惠，並進一步提供車主與企業媒合服務，以全面觸及的方式切入卡車市場。中租表示，目前卡車融資市占率約 20%，每年融資餘額平均約 350 億元，中租與合迪合計融資餘額約 100 億元占比約 25%，市占比率超越裕融租賃，而卡車幫 APP 上線以來，目前累積會員數約 170 名、參與人數更高達 2000 名。中租控股今天舉行數位轉型說明會，董事長陳鳳龍表示，中租數位轉型朝「數位優化」、「數位科學運用」與「數位產品」三面向發展，透過數位優化改善管理及作業流程，從行動記錄，瞭解業務人員日常作業，掌握整體營運，陸續也增加通訊、存貨等數位管理；而流程數位化，已引進流程機器人及語音機器人，支援客服、會計、人資等作業，提升工作效率與品質。陳鳳龍指出，中租運用數據科學，發展另類徵信，從觀察社群數位足跡資訊，建立風險控管模型、強化徵審系統，更準確地判斷客戶信用情況。同時，因為數位平台的運用、累積的數位數據，也有助於開拓客戶來源，進一步發掘全新的市場，全面性地服務客戶。中租「數位產品」平台，因應不同客群、市場定位，除了將現有產品做得更好，創造出新產品平台與業務服務機會，串連更完整的企、消金產品，精進另類徵信的成效，也會將適合的數位平台及產品複製至海外市場。中租自 2017 年起陸續推出的「數位企金進件平台」、「5871 中租設備網」與「應收帳款融資平台－支票通」，是針對中小企業主、二手設備商等，提供設備租賃分期、應收帳款等服務，從申請、徵信到簽約等業務流程數位化，並協助客戶在短時間內獲得資金需求。
68,2019/11/14,金管會強化公司治理設3防線 若不合格董監酬勞要全都露,金管會今 (14) 日宣布，為強化公司治理，上市櫃公司只要出現近 3 年度個別或個體財報曾出現虧損、公司治理評鑑不佳、非主管全時員工平均薪資低於 50 萬元，只要符合其中一項，除須個別揭露董監事的酬金，明 (2020) 年的年報也要全面揭露。為強化公司治理運作情形的資訊揭露，促進董事、監察人及高階經理人酬金資訊透明化及合理訂定，以及提升非財務性資訊的揭露品質，金管會預告「公開發行公司年報應行記載事項準則」及「公司募集發行有價證券公開說明書應行記載事項準則」部分條文修正草案。首先，強化公司治理運作情形的揭露，明定公司董事長與總經理或相當等級者（最高經理人）為同一人、互為配偶或一親等親屬時，應揭露原因，並說明合理性、必要性及未來改善措施。根據證期局統計，目前有 666 家上市櫃公司董總座是同一人或互為配偶。而為了促進董事、監察人與高階經理人酬金資訊透明化及合理訂定，將採彙總配合級距揭露酬金的酬金級距表，從現行的 8 個級距修正為 10 個級距。同時，若出現最近 3 年度個體或個別財務報告曾出現稅後虧損者、上市上櫃公司的公司治理評鑑排名最後 20% 者，或上市上櫃公司非主管全時員工平均薪資低於低於 50 萬元，只要符合其中一項，也應揭露個別董事及監察人的酬金情形，光是最後一個「低薪」公司就達 159 家。金管會也參酌了美國等國家的個別揭露高階經理人酬金方式，增訂如果最近 3 年度個體或個別財務報告曾出現稅後虧損者，或上市上櫃公司之公司治理評鑑排名最後 20% 者，應個別揭露「公司前五位酬金最高的主管」。金管會還規範，公司應揭露獨立董事酬金給付政策，並依所擔負的職責等因素，敘明其酬金的關聯。金管會進一步表示，公司應揭露董事、監察人與高階經理人領取來自母公司的酬金。證期局表示，子公司或轉投資公司都會有母公司派任的董事，因此從前都是只能在母公司年報上才能看到子公司的董事酬勞，未來是集團全面都要接露，意味著子公司年報也要公布。最後為提升非財務性資訊的揭露品質，要求上市櫃公司強化會計師公費資訊揭露，將現行年報規定應揭露審計公費減少金額等資訊的比率，由 15% 調降為 10%。
69,2019/11/14,宏達電HTC Desire 19s亮相 營運添動能,宏達電 HTC() 今 (14) 日發表中階新機 HTC Desire 19s，主打性價比、窄邊大螢幕、3850mAh 電池及超廣角三鏡頭，售價 5990 元，法人預期，新機可望為第 4 季營運添新動能。HTC Desire 19s 提供 32GB 版本，顏色則有「雅仕黑」與「自在藍」兩種選擇，規格方面，採 6.2 吋螢幕及超高螢幕佔比，用 3850mAh 超大容量高效率電池。鏡頭部分，HTC Desire 19s 配有超廣角、夜拍大光圈 3 顆主鏡頭相機，其中主相機搭配高階 HDR，低光源或背光環境下，能補亮畫面，另也搭載高速快門和快速對焦功能，此外，前置鏡頭則為 1600 萬畫素。
70,2019/11/14,聯發科子公司處分匯頂股票 進帳68.51億元,IC 設計大廠聯發科 () 今 (14) 日公告，子公司匯發國際 (香港) 過去半年內共處分匯頂 911.72 萬股，總交易金額約 15.58 億元，匯率以 1 元兌換 4.369 元計算，折合約 68.51 億元；聯發科表示，此交易對獲利沒有任何影響。匯發國際 (香港) 先前計畫，自 5 月 27 日至 11 月 22 日，處分匯頂普通股 913.3 萬股，預計交易金額約 11.6 億元，匯率以 1 元兌換 4.606 元計算，折合約 53.46 億元。不過實際上，匯發國際 (香港) 自 5 月 27 日至 11 月 13 日，共處分匯頂普通股 911.72 萬股，處分數量低於先前計畫，總交易金額約 15.58 億元，約約 68.51 億元，較先前計畫多出 15.05 億元。聯發科表示，此次處分對稅後純益及每股純益無影響。
71,2019/11/14,避行員收取雙重佣金 未來授信、存匯人員不可賣2種保單,金管會今 (14) 日表示，為簡化保險經紀人及保險代理人簽署作業、提升對消費者權益的保障，避免銀行行員存在勸誘客戶透過貸款或保險單借款再購買保險商品，藉以收取辦理授信與銷售保險商品的雙重佣酬，未來銀行的授信、存匯行員不可以銷售投資型保單及具解約金的保險商品並收取佣酬。金管會公布「保險經紀人管理規則」及「保險代理人管理規則」部分條文修正草案，為健全銀行銷售保險商品的行為，避免銀行行員存在勸誘客戶透過貸款或保險單借款再購買保險商品，藉以收取辦理授信與銷售保險商品的雙重佣酬，明定銀行不得授權辦理授信或存匯業務的行員，銷售投資型保單及具解約金的保險商品，並收取佣酬，如果違反，最重罰 10 到 300 萬元不等的罰鍰。但是不包括保險期間在三年以下的傷害保險及房貸壽險，另外因為存在可能自己投保或幫家人投保疑慮，因此如果是賣給直系血親或是配偶與該人員關係密切且沒有領取雙重佣酬動機，也在許可範圍之中。另外，為簡化受保經代公司及銀行所任用的保險經紀人及保險代理人的簽署作業，金管會表示，將現行須於送件前完成逐單簽署的作法，修正為得於保險人簽發保單前，確認有關文件已依保經代公司及銀行內部檢核規則完成檢核作業，並留存相關軌跡及佐證資料的簽署作業方式。鑒於金融消費者如果以貸款、定存解約利息免打折或保險單借款等方式購買保險商品，將暴露於更高的財務風險中，因此增訂銀行應建立檢核該等客戶與其往來交易的財務資訊，具一致性的機制，並應指派非銷售部門人員進行電話訪問。因應實際經營業務需求，將現行須先申請成立保險經紀人公司、始得再申請經營再保險經紀業務的規定，修正為可以單獨申請經營再保險經紀業務，或同時經營保險經紀業務及再保險經紀業務。此外，為提升再保險安排相關作業的透明度，及強化再保險經紀業務的市場紀律，明定經紀人公司應保存完整的再保險契約文件，並交付原保險人，另將現行保險經紀人公司經營再保險經紀業務自律規範部分內容，納入法規規範。
72,2019/11/14,〈群創回台投資〉力抗產業逆風 台面板雙虎積極投資台灣 尋突圍機會,因應美中貿易戰、產業競爭，面板大廠群創 () 今通過台商回台投資案，將投資超過 701 億元，擴大台灣 AI 自動化產線，金額是台面板廠之冠，而不只群創加碼投資，面板大廠友達 ()、彩晶 () 也先後申請台商回台投資金額達 407 億元、79.1 億元，各家積極回台，要在逆風不斷的面板業中，尋找突圍機會。友達 7 月申請台商回台，規劃砸 407 億元擴建桃園、台中現有廠房，導入高階智慧化產線，生產電競顯示器、大尺寸面板等高附加價值產品，也在台灣首度建立高階車用面板產線，將提供台灣製造的面板模組，預計招募超過 600 位人才。友達未來也預計將以智慧製造、技術創新和場域應用等三大方向，提高台灣生產比重，並擴大技術研發、人才培育與專利布局。彩晶同樣為避開貿易戰衝擊，今年 6 月申請台商回台投資 79.1 億元，將在台南建置模組生產線。面板業今年受價格衝擊、產業競爭、市況不佳等因素影響，難逃虧損命運，但各廠積極調整營運體質，發展新事業力抗產業逆風，也積極控制成本、移轉產線降低風險等，市場也預期， 2021 年整體面板市況將可復甦，廠商新事業效益也可望在 3-5 年浮現。截至目前，台商回台投資方案至今已累計吸引 153 家響應，總投資金額達 6971 億元，預估可創造 5.6 萬個本國就業機會，經濟部沈榮津日前也表示，因應全球貿易局勢變化，經濟部今年以來提出 3 大方案協助台商回台投資，後面待審案件仍有近超過千億元的投資金額，預期年底前有機會突破 8000 億元大關。
73,2019/11/14,雙引擎加持 矽力搶當新千金 登股后寶座,外資今 (14) 日點名，隨著中國積極去美化，加上德儀調整營運策略，雙利多驅動下，電源管理 IC 廠矽力 - KY() 明年營運動能強，挑戰賺進 3 個股本，外資目標價上看 1085 元，股價今日走揚，收最高 1015 元，成為首家破千元的 IC 設計廠，同時登上台股股后寶座。矽力近期漲勢不斷，本周沿 5 日線上攻，近 4 個交易日漲幅已達 15%，今日開高走高，收最高 1015 元，創歷史新高，並超過前任股后精測 970 元，榮登股后寶座。今日籌碼面來看，3 大法人皆站買方，合計買超 161 張，其中，外資買超最積極，達 146 張。外資指出，德儀近期調整營運策略，但因資源有限，將放棄中小型客戶，此將提供矽力切入中國市場的機會，外資估，矽力明年在中國電源管理 IC 的市占可達 3.1%。隨著中國去美化成定局，台 IC 設計廠動能看俏，同為受惠股的致新 ()、立積 () 今日也皆有 1% 以上的漲幅。
74,2019/11/14,◆投信連續3日賣超個股,投信連續 3 日賣超個股1. 投信連續賣超 3 日的股票(2392) 國巨、(2377) 金像電、(2892) 大成、(3481) 台郡、(2105) 建準2. 投信連續賣超 2 日的股票(2392) 正崴、(2377) 微星、(2408) 南亞科、(2892) 第一金、(2337) 旺宏3. 投信當日 (14) 賣超的股票(2377) 微星、(2408) 南亞科、(2312) 金寶、(2392) 正崴、(2337) 旺宏
75,2019/11/14,◆投信連續3日買超個股,投信連續 3 日買超個股1. 投信連續買超 3 日的股票(2448) 晶電、(3037) 欣興、(3706) 神達、(2313) 華通、(3702A) 大聯大甲特2. 投信連續買超 2 日的股票(2448) 晶電、(3037) 欣興、(3702A) 大聯大甲特、(2313) 華通、(3231) 緯創3. 投信當日 (14) 買超的股票(2448) 晶電、(3037) 欣興、(2317) 鴻海、(2383) 台光電、(5215) 科嘉 - KY
76,2019/11/14,◆外資連續5日賣超個股,外資連續 5 日賣超個股1. 外資連續賣超 5 日的股票(3481) 群創、(2409) 友達、(00637L) 元大滬深 300 正 2、(6116) 彩晶、(2834) 臺企銀2. 外資連續賣超 4 日的股票(3481) 群創、(2409) 友達、(00637L) 元大滬深 300 正 2、(6116) 彩晶、(2834) 臺企銀3. 外資連續賣超 3 日的股票(3481) 群創、(2409) 友達、(2888) 新光金、(2884) 玉山金、(2885) 元大金4. 外資連續賣超 2 日的股票(3481) 群創、(2409) 友達、(3037) 欣興、(2408) 南亞科、(2888) 新光金5. 外資當日 (14) 賣超的股票(3481) 群創、(2409) 友達、(00632R) 元大台灣 50 反 1、(2408) 南亞科、(2888) 新光金
77,2019/11/14,◆外資連續5日買超個股,外資連續 5 日買超個股1. 外資連續買超 5 日的股票(2317) 鴻海、(4938) 和碩、(2891) 中信金、(2313) 華通、(3231) 緯創2. 外資連續買超 4 日的股票(2317) 鴻海、(2313) 華通、(4938) 和碩、(2891) 中信金、(00672L) 元大 S&P 原油正 23. 外資連續買超 3 日的股票(2317) 鴻海、(2891) 中信金、(4938) 和碩、(2313) 華通、(00672L) 元大 S&P 原油正 24. 外資連續買超 2 日的股票(2317) 鴻海、(2891) 中信金、(4938) 和碩、(3231) 緯創、(2448) 晶電5. 外資當日 (14) 買超的股票(2317) 鴻海、(00672L) 元大 S&P 原油正 2、(2448) 晶電、(2382) 廣達、(2327) 國巨
78,2019/11/14,鴻海車用布鎖定三領域 看好商機10年內蓬勃發展,鴻海 () 董事長劉揚偉宣示推動集團轉型升級，其中之一鎖定電動車產業，產品長 (CPO) 蕭才祐今 (14) 日也指出，集團與業界龍頭於智能座艙、電動車與自動駕駛等相關技術深入合作，預計相關商機 10 年內會蓬勃發展。劉揚偉法說會上指出，將投入電動車、智慧醫療、機器人 3 大產業領域，力拚轉型升級，蕭才祐今 (14) 日就出席「智慧車與車聯網技術趨勢論壇」發表對電動車及自駕車應用的看法，展現鴻海的企圖心。蕭才祐表示，雖然自動駕駛技術在未來數十年內，可能還無法做到無所不在，因為這需要環境跟法規配合才行，但有條件的無人駕駛是可以做的到，物流業應估將是首要應用產業。蕭才祐進一步指出，電動車與自動駕駛在 10 年內會蓬勃發展，傳統車廠與科技業者加速攜手合作，汽車電子市場規模超乎目前想像，數個兆元產業就此成形，將超過量體龐大的智慧手機市場。據了解，目前鴻海集團已與業界龍頭於智能座艙、電動車與自動駕駛等相關技術有深入合作，同時也是全球知名電動車大廠零件供應商之一，透過 5G、AI、loT 等三大科技應用，強化智慧交通布局。波士頓諮詢公司評估，2020 年車內娛樂、車用電子和 ADAS 市場將達到 1500 億美元；2030 年自動駕駛市場規模可望達 8000 億美元，自動駕駛技術所引發的產業效應，可望讓全球汽車電子市場在未來幾年保持高速增長。蕭才祐表示，電動化是開啟自動駕駛的第一步，而自駕車科技整合涵蓋範疇非常廣，兼具機械、車輛、電子、電機、資訊、通訊等科技應用；5G、AI、loT 三大科技是支撐自動駕駛的「支柱」。
79,2019/11/14,國泰世紀產險犯6大缺失 遭罰360萬元、2項糾正,金管會今 (14) 日表示，國泰世紀產險因為違反 6 項法令規定，包括辦理 2000 多張強制車險保單續保時，沒有依業務費率出單，竟多收了通路佣金費用達 15 萬元，加上其他 5 項缺失，依保險法及強制汽車責任保險法規定，核處罰鍰共計 360 萬元，及 2 項糾正。金管會表示，國泰世紀產險辦理強制汽車責任保險直接業務續保作業，未以直接業務的費率出單，導致 2000 多張保單多收保險費，一共多收 15 萬元，儘管溢收的保費已退回，但不符法令規定，因此挨罰 120 萬元。第二，辦理中華郵政房貸客戶的住宅火災及地震基本保險續保作業，沒有建立要保人續保意願的確認方式，或沒有取得具足資證明要保人投保意願的相關證明文件，金管會開罰 60 萬元。第三，辦理中小保額商業火災保險續保作業時，有前後年度以不同建築等級費率計算，另辦理商業火災保險 (含天災險) 核保作業，有對應列為核保技術調整加費項目的附加條款，未納入費率評估，這部分處以 120 萬元罰鍰。第四，辦理強制汽車責任保險空白保險證的控管，有業務員於離職時未繳回已領用的空白保險證、領用申請書的領用人或收繳保管人欄位未簽章、領用申請書的領用人與系統所載領用人不一致，不利控管，因此挨罰 60 萬元。第五，辦理形式審查拒賠案件通知作業，有寄發保戶的信函內容未敘明拒賠案件依據之法令或契約條款之情事，有欠妥適。第六，辦理防制洗錢及打擊資恐交易的監控作業，因系統設定有誤，致未能有效篩檢及確認可疑交易等缺失。金管會表示，第五、六項缺失皆有礙公司健全經營之虞，因此予以 2 項糾正。
80,2019/11/14,〈群創回台投資〉斥700億元強化三大方向 預期5年內見效益,投資台灣事務所今 (14) 日宣布，面板大廠群創 () 將投資超過 701 億元移回產線，群創表示，將在苗栗竹科、南科擴大 AI 智能智造自動化、提升技術研發能量，瞄準自動化產線比重提高、移回整機產線、擴大 IPS 技術等 3 大方向，預期 5 年之內效益將逐步浮現。群創表示，因應美中貿易戰，將擴大台南 ZERO TOUCH 關燈工廠自動化產線投資，規劃將自動化產能覆蓋率從先階段的 58% 提升到 70%，另一方面，也將把中國佛山的電視整機組裝產線移回台灣南科，並改採全自動化生產，目前台灣整機產線為半自動化、半人工。另一方面，群創指出，台灣擁有完整 IT 供應鏈，未來將以高階技術提升價值、發展差異化，擴大在台灣的 IPS(廣視角顯示技術)、超窄邊框、高對比以及電競面板高刷新率等技術產能投資 ，並投入巨大尺寸、mini LED、車用曲面異型、智慧家庭等高附加價值產品研發。群創表示，台商回台方案為 3 年計畫，將規劃逐步投資，預期 5 年之內效益就會逐漸浮現。而群創今年受整體面板價格、產業競爭影響，第 3 季虧損擴大創近 3 年半來新低，今年以來虧損逾百億，展望第 4 季，群創表示，大尺寸面板價格回溫、整機出貨進入高峰，第 4 季營運將逐月好轉，但全年虧損恐難避免。
81,2019/11/14,朝野有共識也沒用 汽車零組件關稅調降本會期三讀機率低,汽車零組件關稅調降本會期完成三讀難度頗高，財政部長蘇建榮今 (14) 日表示，財政部已與政委交換過意見，但最後仍需由行政院定奪，政院預計兩週後召開協調會。蘇建榮今天以系友身分出席「台北大學經濟論壇」，針對調降汽車零組件關稅，他表示，該案預計兩週後召開協調會，最後仍需由政院定奪，他也坦言，本會期屬於預算會期，主要以預算協商為主，因此法案在審查上時間較為緊迫。面對進口車大軍壓境，為搶救國產車市場，包括民進黨立委江永昌、趙天麟、國民黨立委費鴻泰等人均提案調降汽車關鍵零組件關稅，儘管朝野立場一致，但由於立法院本會期即將在 12 月中休會，加上本會期仍有預算案需協商審查，研判本會期三讀機率不大。為保留我國研發生產自主空間，我國自 2002 年起針對成車的汽車引擎課徵 17.5% 關稅，與進口車關稅稅率相同，也因此拉高國產車生產成本，面對進口車大軍壓境，車輛公會日前向政府喊話，爭取調降關鍵零組件關稅，提高國產車競爭力。根據經濟部的稅式支出報告，擬將 9 項關鍵零組件關稅稅率從現行的 5%~17.5% 調降為免稅到 10%，估算稅損約 13.26 億元，但營業稅與營所稅收入約 13.28 億元，仍有 0.02 億元稅收，財政部原則上也同意經濟部的稅式支出報告。由於本會期到 12 月中旬結束，加上目前主要以審查協商明年度預算為主，如果由財政部提案修正，再送交立院審查恐怕趕不及在本會期完成三讀，考量立委提案與經濟部版本相差不大，因此若由立委提案，或有機會在本會期完成三讀。
82,2019/11/14,大同認列土地處分利益 前3季虧轉盈 EPS 0.44元,大同 () 今 (14) 日公布第 3 季財報，受惠旗下尚志資產土地處分利益，獲利虧轉盈，稅後純益 23.75 億元，較上季、去年同期轉盈，每股純益 1.03 元；累計前 3 季稅後純益 10.04 億元，較去年同期轉盈，每股純益 0.44 元。大同第 3 季營收 83.49 億元，季增 2.9%、年減 47%；毛利率 4.41%，較上季、去年同期轉盈；營利率 - 24.59%，虧損與去年同期相當；稅後純益 23.75 億元，較上季、去年同期轉盈，每股純益 1.03 元。大同累計前 3 季營收 245.7 億元，年減 49%；毛利率 - 1.76%，較去年同期盈轉虧；營利率 - 28.74%，虧損較去年同期增加；稅後純益 10.04 億元，較去年同期轉盈，每股純益 0.44 元。大同表示，由於綠能與華映今年初開始減產，導致營收下滑，獲利則受惠旗下尚志資產處分土城及復北土地，認列處分利益，帶動整體獲利轉盈。展望後市，大同指出，尚志資產的大同莊園將陸續交屋外，本業 ICT 及電表等在本季陸續交貨，年終尾牙旺季將帶動家電產品銷量，太陽能案場建置也依計畫進行，營運可望緩步回溫。大同今年第 2 季認列華映鉅額資產減損，導致違反聯貸授信合約條款，大同表示，經向聯貸銀行團申請豁免後，10 月 18 日已獲銀行團同意，並恢復原授信條件及授信期間，第 4 季各項財務比率有望回升。
83,2019/11/14,根留台灣再報喜 美超微加碼投資200億元,根留台灣投資方案又出現大咖，投資台灣事務所今（14）日宣布，全球伺服器大廠美超微電腦（Supermicro）（SMCI-US）將加碼投資約 200 億元，新建高階伺服器研發製造中心與軟體開發園區，及增加自動化系統組裝生產線等。經濟部指出，美超微是台灣人在矽谷創業成功的典範，挾全球高階伺服器出貨量第 3 大的成就，2009 年返鄉在桃園八德設立美超微科技園區後，持續深耕在台投資。今年 4 月美超微亞太科技園區舉行二期擴廠動土典禮，總統蔡英文親自出席，當時指出將投資 100 億元，隨著 5G、AI、物 / 互聯網、大數據等雲端應用爆炸性成長，對高階伺服器與儲存設備需求更加殷切，投資台灣事務所代理營運長何坤松今日進一步指出，美超微將擴大投資 200 億元。美超微將新建構高階伺服器研發製造中心與軟體開發園區、擴大倉儲及物流中心、增加自動化系統組裝生產線，同時還要招募約 1700 名創新研發及相關專業人才，為下一代高階運算、儲存與高密度的雲端運算提供完整解決方案，更可帶動技術整合的群聚效應。投資台灣事務所今日也通過另一家晨州塑膠工業帶回 16 億元的投資案，為了因應轉單需求，將在台中外埔新建廠房與智慧自動化產線，擴大 IC 承載盤產能。截至目前，根留台灣投資方案已累計有 20 家企業響應，總金額達 494 億元，預估可創造近 3500 個就業機會。
84,2019/11/14,富邦人壽為增員 非法取得人力銀行求職者個資 遭罰480萬元,金管會今 (14) 日表示，富邦金 () 旗下富邦人壽為了增員，不當透過人力銀行，涉嫌非法取得求職者資料，民眾申訴後事件才爆發，有 2 萬多筆個資已被使用，加上其他多項違反保險相關法令情事，金管會依保險法核處富邦人壽罰鍰 480 萬元。金管會於去 (2018) 年對富邦人壽辦理一般業務檢查時，發現有業務單位在人力銀行假裝是其他公司名義，拿到已隱藏保險增員的履歷求職者名單，涉嫌非法取得求職者資料，相關事件從 2016 年到 2018 年都有發生，且富邦人壽多個通訊處都有類似情形，被竊取的求職者資料達 2 萬多筆，涉及範圍包括 1111 人力銀行以及 104 人力銀行。金管會指出，對於富邦人壽有業務單位透過不當人力仲介管道，涉嫌非法取得求職者履歷資料，雖然富邦人壽有針對人力招攬作業建立相關內部作業規範，後續也對該案關係人員查核以及宣導，但是並沒有深入針對該案件查核，且也沒有其他積極主動查核作業，導致衍生後續重大爭議案件，控管措施沒有有效發揮功效，因此罰 180 萬元。另外，金管會也發現，富邦人壽在辦理房貸款徵信作業時，雖然授信審核揭示用途為「購買房屋或修繕房屋」，但實際上，所貸的資金有購買大額躉繳保險商品者，並沒有確認所貸金額實際用途，以及對以貸款方式購買投資型保單的案件，有核保但是沒有詳盡評估妥適性與風險，另外，還有部分要保文件並沒有詳細記載負債金額、也就是該次貸款金額，並不利於核保作業正確性以及風險評估，因此罰鍰 120 萬元。其他違反保險相關法令，還包括辦理法人保單變更作業沒有建立妥適的檢核措施、法人投保業務沒有留存充分佐證文件以及詳細查核紀錄等等，分別開罰 60 萬元。其餘針對投資性不動產的風險控管作業、行動投保作業的控管措施、利害關係人交易對象的建檔作業、理賠作業、網路投保的核保作業、不動產投資地上權開發的分析評估作業、辦理客戶職業建檔作業及新契約電訪作業等缺失事項，共計核處 8 項糾正。
85,2019/11/14,〈可成法說〉5G、車用新品加持 明年營運有撐,金屬機殼大廠可成 () 今 (14) 日舉辦線上法說會，董事長洪水樹表示，車用新產品將在明年上半年開始出貨，5G 相關產品的機殼，也因製造難度變高，銷售單價、毛利率同步看增，法人指出，可成明年將受惠 5G、車用新品挹注，加上原先 4G 手機、筆電、平板業務，明年營運有撐。洪水樹指出，車用的機殼以外觀為主，材質是金屬，複合材質則會較晚發酵，預計將與電子產品結合，與現在既有業務相近，可快速切入，可成已有不止 1 個客戶，預計明年上半年開始出貨。洪水樹表示，車用產品已打進品牌廠與一線供應商，看好未來疊加效果，預計 1 個車種訂單至少可延續 5 年之久，隨著客戶增加，導入車款數量提升，將有助可成長期營運。5G 布局方面，洪水樹認為，5G 手機的天線數量，較 4G 明顯增加，會影響機構件更破碎化，複雜度較高，其中，Sub 6 較接近 4G 現有產品，較易克服機構件破碎化阻礙，毫米波則因天線數量比 Sub 6 更多，對金屬也更敏感，難度將再提升。至於可成未來 3-5 年的動能，洪水樹指出，正持續尋找新機會，也坦言，好的機會、好的產品沒有這麼多，未來幾年會更積極投資，並專注現有技術平台，持續發展更高附加價值的產品。
86,2019/11/14,〈華為新品發表〉總座：將視台灣5G建設速度 調整產品銷售策略,台灣 5G 將在明年中商轉，華為技術台灣總代理訊崴技術總經理雍海今 (14) 日表示，華為首款 5G 摺疊機 Mate X 明 (15) 日將在中國開賣，至於是否引進台灣，將視台灣 5G 網路建置速度而定，目前沒有明確時間表，不過可確定的是，已針對 5G 終端商品進行布局。中國明日將開賣華為首款 5G 摺疊手機 Mate X，是否引進台灣，雍海對此指出，沒有明確時間表，未來若引進 5G 手機，將依照 5G 網路布建速度調整。雍海表示，台灣 5G 明年可望開台，由於系統商還需時間建置網路、基地台等，而華為產品線豐富，已提早布局 5G 終端產品，未來將尋找合適的代理商再做規劃。另 NCC 要求華為，有標註「中國台灣」的手機需回復原有標示，NCC 也將進行產品認證，雍海對此指出，以訊崴技術的立場，將盡速解決此問題，並進一步與總部討論。
87,2019/11/14,〈樺漢法說〉系統整合業務訂單創高 明年營收增5-9% 雙率也成長,鴻海 () 旗下工業電腦廠樺漢 () 今 (14) 日召開線上法說，董事長朱復銓表示，全年營收估年增 5-9%、毛利率及盈益率也會比今年微幅成長，其中系統整合業務 (SI) 受惠半導體產業回溫，在手訂單達歷史新高，能見度看至明年 6 月。朱復銓表示，明年世界整體經濟將持續受到美中貿易戰爭的影響，成長將放緩，但系統整合業務受惠半導體產業回溫，目前在手訂單衝上歷史新高，估計明年營收將成長 5-9%。此外，看好系統整合市場，樺漢昨日董事會也通過，投資智能零售解決方案提供商威霸科技，樺漢透露，除有助提升產品垂直整合能力外，目前更已獲大廠訂單，未來有機會與系統整合事業群合作，創造更大商機。至於品牌業務，朱復銓認為，動能將來自智能工廠及軌道交通業務；至於代工業務則受惠智慧家居、網路安全設備需求推升動能，預計明年整體營收估年增 5-9%，毛利率及營益率也可望持續優化。而有法人關注美中貿易戰的影響，朱復銓指出，今年底美中貿易戰影響已經降至 4-5%，未來持續將銷美產品調整至台灣、墨西哥等非中國地區生產，預計到明年影響將下降至 3% 以下。
88,2019/11/14,產創條例減稅優惠誘因奏效 7年內抵減稅額成長2.1倍,為鼓勵企業投入研發促進產業升級，政府自 2010 年實施產業創新條例，給予企業投資研發費用稅額抵減，根據財政部統計，從 2012 年到 2018 年期間抵減稅額逐年攀升，7 年間增加 2.1 倍，顯示租稅優惠誘因確實能提高企業創新動能。財政部統計處今 (14) 日發布統計通報，產創條例上路後，企業投資研發抵減稅額逐年成長，2012 年抵減稅額 57 億元，2016 年抵減稅額突破百億達 112 億元，2018 年抵減稅額更攀升至 177 億元。統計處表示，2018 年核定的研發支出與抵減稅額分別為 1632 億元、177 億元，較 2012 年分別增加 1099 億元、120 億元，兩者增幅均為 2.1 倍；如以產業類別來看，主要以製造業抵減稅額居冠，占比約 84% 到 93%。進一步細分產業族群可發現，主要高度集中在電子零組件、電腦、電子產品與光學製品業，4 大產業合計比重占製造業高達 9 成以上。如以縣市別觀察，半導體重鎮的新竹縣市占比居冠，每年合計占比平均約落在在 44% 以上。
89,2019/11/14,誠品敦南店明年5/31謝幕 24小時書店另覓落腳處,誠品生活 () 今 (14) 日宣布，誠品敦南店將於明年 5 月 31 日謝幕，24 小時書店也將另覓新址，讓閱讀不打烊，不過，誠品生活還未對外公布下一個 24 小時書店落腳處。誠品生活敦南店創立於 1989 年，是誠品最具指標性、也是全球首家 24 小時書店，但由於明年租約到期，敦南店將於 5 月底謝幕，對於下一個 24 小時書店落腳處，雖還未公布，但誠品生活董事長吳旻潔先前曾表示，誠品 24 小時書店將不會有斷點，新的書店也將可接替敦南誠品在誠品書店的定位。今年適逢誠品 30 週年，也是誠品生活首度跨出華人社會展店，位於東京的新據點「誠品生活日本橋」，已於 9 月下旬開幕，持續為營收挹注新動能，不過，由於日本地區語言與文化與華人社會不同，誠品生活下個日本拓點計畫，會在新店開展後觀望 1 至 2 年，視其情況再做評估。在日本橋店加入後，誠品生活目前據點增加至 50 個，其中包括台灣 44 家、香港 3 家、中國 2 家、日本 1 家。中國市場方面，誠品生活 2013 年前受邀進駐上海中心拓點後，與房東溝通懸而未決，始終無法開店，正交由仲裁單位仲裁中，且已與 2 家重要地產開發商洽談，若確定能開業，也得需要 3 至 5 年時間醞釀。東南亞市場也有多家業者邀約中。
90,2019/11/14,三大製鞋廠前3季每股純益排名 豐泰奪冠 鈺齊排第二,製鞋業鈺齊國際 ()、豐泰 () 第 3 季營收同創新高，激勵獲利同步揚升，同族群寶成 () 今 (14) 日公布財報，也有正向表現，前 3 季稅後純益 113.42 億元，年增 33.9%，每股純益 3.85 元，綜合三家來看，豐泰前 3 季每股純益 6.71 元，位居製鞋廠之冠，鈺齊每股純益 5.65 元，排名第二。寶成第 3 季營收 766.43 億元，毛利率 24.85%，季減 0.64 個百分點，年 0.66 個百分點，稅後純益 43.9 億元，季增 8.84%，年增 21.82%，單季每股純益為 1.49 元。寶成今年前 3 季營收 2341.27 億元，毛利率為 25.35%，年減 0.13 個百分點，稅後純益 113.42 億元，年增 33.9%，每股純益為 3.85 元。寶成指出，今年前 3 季合併營收年增 9.1%，以營運部門別而言，受惠成品鞋出貨雙數增加，加上平均售價提升，鞋類製造業務穩健增長，為前 3 季合併營收主要來源，占營收比重 58.8%；運動用品零售及品牌代理業務則在銷售網絡持續擴大與同店銷售增長的帶動下，成長幅度強勁，合併營收比重增至 40.9%；其他業務則無重大變動，營收比重維持 0.3%。寶成前 3 季毛利率下滑 0.13 個百分點，主要是受鞋類製造業務的產品型體愈趨複雜，同時為配合品牌客戶採購策略，持續進行產能調整。在主要業外收益部分，寶成前 3 季認列潤成投控投資收益 67.21 億元，較去年同期增加 24.74 億元；潤成投控由寶成持股 20%，潤成投控主要是投資南山人壽。
91,2019/11/14,〈華為新品發表〉Mate 30 Pro僅華為門市上架 總座：不追求高銷量,華為今 (14) 日宣布，Mate 30 Pro 將於 11 月 23 日起在台上市，不過受到美中貿易戰影響，內建不預裝 Google 服務 (GMS)，由自家行動服務 HMS(HUAWEI MobileService) 取代，僅在華為門市上架，對於是否影響買氣，華為技術台灣總代理訊崴技術總經理雍海表示，不追求高銷量，而將專注提供服務給華為粉絲。華為今年 5 月受美國禁售令後，Mate 30 系列手機並未預裝 Google 行動服務，而是採用華為自行開發的行動服務 HMS，雍海指出，HMS 是新產品，台灣用戶不太熟悉需要先試水溫，在銷售時會與銷售者講解 GMS 與 HMS 的差異，確保消費者使用 HMS 的滿意度。雍海表示，Mate 30 系列在香港、馬來西亞、中國的銷售表現不俗，而台灣部分，Mate 30 Pro 僅在華為通路銷售，不會與台灣電信商合作，不追求高銷售量，只追求消費者的滿意度，也祭出一系列優惠活動，如舊換新機半價優惠、周邊產品折扣等。規格方面，HUAWEI Mate 30 Pro 搭載自 7 奈米製程麒麟 990 系列晶片、 6.53 吋 OLED 超曲面螢幕，支援 40W 有線快充、27W 無線充電，4500mAh 電池，並共有 4 顆後置鏡頭，包括 4000 萬畫素超感光鏡頭、4000 萬畫素電影鏡頭、800 萬畫素長焦鏡頭及 3D ToF 感測鏡頭。華為 Mate 30 台廠供應鏈包括晶圓代工龍頭台積電 ()、面板驅動 IC 聯詠 ()、鏡頭廠大立光 ()、PCB 廠華通 () 與晶技 () 等。
92,2019/11/14,精英前3季每股仍虧0.08元 全年力拚獲利,精英 () 今 (14) 日公布第 3 季財報，稅後純益 1.68 億元，由上季虧轉盈，年增 293.34%，為近 10 季新高，每股純益 0.3 元，累計前 3 季每股仍虧損 0.08 元，精英表示，前 3 季虧損，是受第 2 季認列子員工經濟補償金影響，但本業已虧轉盈，全年將力拚維持獲利。精英第 3 季營收 71.29 億元，季減 7.34%、年減 23.08 %，毛利率 12.69%，季增 0.77 個百分點、年增 3.91 個百分點，營益率 3.48%，由上季虧轉盈、年增 2.29 個百分點；稅後純益 1.68 億元，由上季虧轉盈，年增 293.34%，為近 10 季新高，每股純益 0.3 元。精英累計前 3 季營收 210.97 億元，年減 10.6%，毛利率 10.7%，年增 3.07 個百分點，營益率 -1.08%，稅後虧損 4671 萬元，虧損收斂，每股仍虧損 0.08 元。精英表示，今年受貿易戰影響，積極調整產品組合、管控成本，第 2 季本業已轉虧為盈，但第 2 季認列興英科技員工補償金影響，整體營運仍呈現虧損，第 3 季虧損持續收斂，全年力拚營運仍可維持獲利。精英於 2017 年與卓越集團簽訂股權交易合約，擬定於今年將子公司興英科技進行分立作業，將人員及設備移轉至興英數位科技 (深圳)，並給予興英科技員工經濟補償金約 1.19 億元 (約 5.18 億元)。展望第 4 季，精英表示，客戶需求逐步回溫，但仍受貿易戰、匯率等不確定性因素影響，但預期今年教育筆電仍維持不錯的需求，出貨仍維持先前年增 3 成以上的目標。精英 10 月合併營收 22.56 億元，月減 10.01%、年減 16%，累計今年前 10 月合併營收達 235.75 億元，年減 10.51%。
93,2019/11/14,外資回頭轉買 期現貨再度不同調 三大法人共買超37.43億元,台股今 (14) 日開高震盪走低，下跌 17.41 點，收在 11450.42 點，成交量約 1311.08 億元，5 日線得而復失。三大法人方面，外資回頭轉買、買超 43.02 億元，投信買超 1.91 億元，自營商賣超 7.5 億元，共買超 37.43 億元。惟外資期現貨操作仍保守，期貨持續減碼多單 1452 口。部分，外資多單未平倉口數降至 48476 口；投信則回補空單 894 口，空單未平倉口數降至 20459 口；自營商增持空單 332 口，空單未平倉口數增至 1142 口。外資今日買超集中電子股，除買超鴻海、晶電上萬張外，買超上千張電子股包括廣達、國巨、和碩、緯創、聯電、華通、燿華、億光、南茂、康舒、華碩、華新科、建準、神達、正崴、力成；除元大 S&P 原油正 2 獲外資大買上萬張外，元大滬深 300 正 2、富邦上証正 2、群益深証中小等陸股 ETF，也獲外資青睞。外資買超最多則是鴻海、大買 40614 張，第 2 名元大 S&P 原油正 2、買超 21500 張，第 3 名晶電、買超 14513 張，第 4 至 10 名依序為廣達、國巨、中信金、和碩、緯創、聯電與華通。外資賣超方面，賣超最多為群創、遭大賣 17917 張，第 2 名為友達、賣超 16885 張，第 3 名為元大台灣 50 反 1、賣超 9544 張，第 4 至 10 名依序為南亞科、新光金、臺企銀、京元電子、元大金、玉山金與嘉聯益。國泰證期分析師蔡明翰指出，昨與今日連續貶值，跌破月線支撐，資金派對確定結束，後續外資操作可能轉趨保守，台股還是有一定壓力存在，短線指數雖在月線獲一定支撐，但近期下跌有量、反彈量縮，顯示價量背離，短線很難有強勢表現，估將在月線附近震盪整理。
94,2019/11/14,〈可成法說〉洪水樹看最壞情況已過 Q4將攀今年最高 動能延至明年首季,金屬機殼大廠可成 () 今 (14) 日舉辦線上法說會，董事長洪水樹表示，最壞的情況已經過去，第 4 季手機需求強勁，估營收可優於去年同期與上季，攀上今年營運高峰，動能可延續至明年第 1 季。洪水樹指出，去年手機預估量可觀，但後來銷量不振，導致可成累積不少高成本存貨，加上產能利用率偏低，是今年表現不佳的主因，但第 4 季因需求明朗，預計將持續成長，且動能延續至明年第 1 季，法人看好，可成第 4 季營收將創下 7 季來新高，明年第 1 季也可望不淡。值得注意的是，今年 iPhone 規格小幅升級，市場價格競爭激烈，可成銷售單價也較去年下滑，若第 4 季營收要超越去年同期，稼動率、出貨量皆需較去年提升，也顯現 iPhone 需求強勁。此外，可成今年資本支出也較去年謹慎，至第 3 季為止，約 31 億元，較去年整年 110 億元，明顯縮小許多，可成表示，是因現有產能充足，未來 1-2 年內將不會有大幅的資本支出，。可成第 3 季合併營收 278.17 億元，去年第 4 季合併營收 291.65 億元。
95,2019/11/14,麗清連二季虧損 全年獲利恐創上市來最低,車燈大廠麗清 () 今 (14) 日公布第三季財報，呈現連二季虧損，單季稅後純損 804 萬元，較去年同期純益 4500 萬元盈轉虧，每股虧損 0.11 元，累計今年前三季稅後虧損 451 萬元，也較去年同期純益 1.33 億元盈轉虧，每股虧損 0.06 元，法人指出，全年獲利恐創 2016 年上市以來最低。麗清前三季合併營收 30.36 億元，年減 4%，不過，由於一次性認列部份存貨損失、武漢廠和上海新廠建置初期投入相關成本費用攤提金額較大、學習曲線成本及研發費用增加等，使營業利益僅 1726 萬元，年減 88%，營益率僅 0.57%。同時，麗清認列非本業造成的 CB 提前贖回利息費用 1500 萬元、因增資員工認股產生酬勞成本 500 萬元，以及借款利息費用增加至 4000 萬元等，也導致虧損。就整體市況來看，麗清指出，今年中國車市表現不如預期，主要客戶備貨力道強度，所幸，新車應用 LED 車燈滲透率提升的趨勢明確，汽車部門仍保持良好的業務接單環境。展望第四季，麗清認為，隨著中國國六政策和限購令放寬實行、以及汽車產業傳統旺季帶動，有機會刺激消費者購車的需求穩步回升，LED 車燈模組出貨增加可期。另外，麗清 11 月 12 日的董事會已決議通過回台興建桃園觀音廠房計劃案，將生產汽車智能車燈相關零組件產品，最快於明年開始試量產，未來隨著產能規模逐步放大，為營運添新一波成長動能。
96,2019/11/14,922家上市公司完成Q3財報 僅奕智博一家難產遲交,證交所今 (14) 日公告，922 家上市公司第 3 季財報已經如期完成申報公告，至於奕智博 () 則因財報尚未完成無法如期申報。證交所表示，第 3 季財報依規定應於今年 11 月 14 日前完成申報並公告，包括上市與第一上市 (KY 股) 等 922 家公司都已申報完畢；至於金控股第 3 季財報可延後至 29 日申報。
97,2019/11/14,〈樺漢法說〉Q4品牌業務動能強 營收估季增7-9% 雙率則持平,鴻海 () 旗下工業電腦廠樺漢 () 今 (14) 日召開線上法說會，董事長朱復銓預估，第 4 季在品牌業務帶動下，單季營收估季增 7-9%，毛利率及營益率則估持平上季，約達 24% 及 4.3%。朱復銓指出，第 4 季三大業務來看，品牌業務表現很強勁，動能來自工業互聯網、能源等相關需求，預計第 4 季品牌業務營收將季增 14-16%，尤其正向看待歐洲市場展望。系統整合 (SI) 業務方面，隨著半導體產業逐步回溫，預計第 4 季營收季增 1-3%；而代工業務也在智慧零售、網路安全設備需求支撐下，預計季增 1-3%，預估整體第 4 季營收季增 7-9%。獲利率方面，朱復銓預估，毛利率將持平 24%、營業費用率將壓在 20% 以下，營益率則估持平 4% 左右。以樺漢目前業務占比來看，S&T Kontron 為主的品牌業務占 47%、系統整合的帆宣占 29%、瑞祺電、沅聖 OEM/ODM 代工業務則占 24%。樺漢第 3 季受惠品牌及代工業務營收及毛利回升，第 3 季營收 206 義原，季增 10%、年增 3.3%，單季毛利率來到 24%，推升稅後純益 3.53 億元，季增 48.6%、年增 7.4%，每股純益 4.26 元。
98,2019/11/14,晶電Q3每股虧0.79元 連4季虧損 前3季每股虧2.34元,LED 廠晶電 () 今 (14) 日公告第 3 季財報，稅後虧損 8.52 億元，較上季虧損擴大，並較去年同期轉虧，每股虧損 0.79 元，已為連續 4 季虧損。前 3 季稅後虧損 25.23 億元，較去年同期轉虧，每股虧損 2.34 元。晶電第 3 季合併營收 41.72 億元，季增 3.6%，年減 26.13%，毛利率 - 1.07%，較上季與去年同期轉負，營益率 - 20.96%，較上季的 - 18.35% 衰退，較去年同期轉負；稅後虧損 8.52 億元，較上季虧損擴大，較去年同期轉虧，每股虧損 0.79 元。晶電前 3 季合併營收 119.53 億元，年減 25.71%，毛利率 - 3.12％，較去年同期的 17.8% 轉負，營益率 - 23.65%，較去年同期的 1.9% 轉負；稅後虧損 25.23 億元，較去年同期轉虧，每股虧損 2.34 元。晶電先前表示，下半年與去年同期相較之下，終端需求相對疲弱，但營運已於今年第 1 季落底，第 3 季電視、手機背光需求均有所成長，訂單量較第 2 季成長。不過，由於晶電採取優先去化庫存策略，第 3 季產能利用率下降，提列閒置產能損失 2.2 億元，惟產品組合有所調整，產品毛利率已較第 2 季成長，存貨金額也由第 2 季的 44 億元下降至 37 億元。
99,2019/11/14,時碩Q3獲利年增逾4成 EPS 1.15元創五季新高,汽車零組件廠時碩 () 今 (14) 日公布第三季財報，稅後純益 7654 萬元，年增 40.73%，每股純益 1.15 元，創 5 季來高點，累計前三季稅後純益 1.97 億元，年增 3.23%，每股純益 2.97 元。時碩指出，受惠無錫廠強勁銷售動能，第三季合併營收 10.31 億元，年增 19%，並創單季新高，毛利率 21.44%，較去年同期略下滑 0.93 個百分點，營益率則因營業費用控管，年增 0.21 個百分點至 6.65%。就前三季來看，時碩合併營收 29.98 億元，年增 11.29%，其中，四大事業處營收以傳動系統占 36% 最高，其次為工業應用占比 27%、安全系統占比 23%，而航太事業占比為 14%。時碩說明，工業應用和航太事業兩事業單位營收強勁成長，顯示產品銷售組合多元化，有效維持總營收均衡成長，而傳統系統重拾成長動能，是第三季單季營收創高主因之一。展望第四季，時碩表示，目前四個事業單位比起去年同期，皆維持穩定成長表現，看年度業績成長將達標。另外，為償還銀行借款與充實營運資金，時碩日前發行國內第一次無擔保轉換公司債，發行總面額為 6 億元，於第三季完成資金募集，並已掛牌買賣。
100,2019/11/14,〈可成法說〉5G+車用助攻 董座洪水樹：毛利率將重返3字頭,金屬機殼大廠可成 () 今 (14) 日舉辦線上法說會，展望未來，董事長洪水樹表示，隨著 5G 手機逐步發酵，銷售單價、毛利率同步看增，加上車用市場開始挹注營收，產能利用率將持續提升，長遠來看，將持續改善庫存、產品組合與良率，毛利率盼可朝 3 字頭邁進。洪水樹指出，高成本庫存會在幾個月內消化完畢，進而優化產品組合，10 月毛利率已有 26% 表現，未來會逐步攀升，法人關注毛利率達 30% 的時間點，他透露，明年毛利率將有改善，不過確切時間無法確定。洪水樹表示，車用產品開始挹注營運，可望提供長期分攤營運成本的動能，有助營運趨穩，並將持續調整庫存、優化產品組合與提升良率，綜效發揮下，未來獲利表現看增。不過，法人認為，明年上半年新 iPhone 僅是既有機種的延續款，並非全新機種，可成毛利率改善空間仍有限。洪水樹強調，從製造的角度來看，即便 iPhone 是延續機種，但內部規劃不盡相同，且明年 5G 天線增加，製造複雜度較高，因此對可成而言，仍全新機種，市場解讀，明年新 iPhone 較今年，可望享有更多議價空間，長遠來看 5G 對散熱、孔洞需求增加，有助可成銷售單價提升，對毛利率 30% 的目標有正向助益。可成第 3 季毛利率 23.13%，季增 0.07 個百分點，年減 19.27 個百分點，前 3 季毛利率 23.7%，年減 18.05 個百分點。
101,2019/11/14,台商回台最大咖現身 群創將斥逾700億元移回產線,台商回台最大咖現身！投資台灣事務所今（14）日宣布，通過面板大廠群創 () 帶來超過 701 億元投資移回產線，成為目前最大手筆。截至目前，台商回台投資方案累計已吸引 153 家響應，總投資金額達 6971 億元，預估可創造 5.6 萬個本國就業機會。經濟部表示，中國面板廠靠官方高額補貼大舉擴產，導致國際市場供需失衡、價格下滑，及美中貿易戰牽動世界供應鏈洗牌，群創決定擺脫面板產能競賽，在竹科 (苗栗)、南科展開投資計劃，將帶來超過 701 億元，擴大 AI 智能智造自動化、提升前瞻技術研發能量來迎戰。經濟部進一步指出，群創將移回中國電視整機組裝產線，以最短時效在台南打造自動化 ZERO TOUCH 關燈工廠產線；擴充超窄邊框、高對比及電競面板高刷新率技術等產能，搶攻高階筆電與高階電競市場大餅；同時持續投入巨大尺寸、mini LED、車用曲面異型、智慧家庭運用、VR/AR、手機屏下指紋辨識與智慧零售長條屏貨架等新興領域高附加價值產品。截至目前，台商回台投資方案累計吸引 153 家企業響應，總投資金額達 6971 億元。展望未來，經濟部表示，會把握全球產業鏈重組的契機，加速落實投資，並且朝產業升級轉型發展，讓台灣在全球供應鏈中的地位更加關鍵、全面化，並成為亞洲高階製造中心。
102,2019/11/14,和勤精機Q3轉盈 本季車用零組件需求復甦 營收獲利重返成長,沖壓件廠和勤精機 () 今年以來業績築底，第 3 季持續獲利，前 3 季稅後純益 88 萬元，每股純益為 0.01 元，和勤預估，第 4 季業績受惠車市需求回溫，營收、獲利有機會重回成長軌道。和勤今年第 3 季營收 5 億元，毛利率為 13.57%，季減 2.23 個百分點，年減 7.39 個百分點，稅後純益 144 萬元，季減 95.69%，年減 96.68%，每股純益為 0.02 元。和勤前 3 季營收 14.68 億元，毛利率 12.76%，年減 6.03 個百分點百分點，稅後純益為 88 萬元，每股純益 0.01 元。由於中國 7 月起新車實施「國六」排放標準，致使新車款上市遞延，和勤主管指出，第 3 季營收表現不及第 2 季，但單月營收觸底回升，公司也趁市場觀望氣氛較濃時，進行產線整頓，前 3 季營運順利轉盈。和勤表示，第 4 季在客戶訂單增量及新產品陸續量產下，將是今年最旺的一季，營收、獲利有機會回復年成長軌道。和勤今年第 3 季兩大業務，包含汽車零件與硬碟機構件 (VCM Plate) 的營收，分別為 3.6 億元與 1.25 億元，季增 5.3% 與季減 27.67%。其中硬碟 (HDD) 市場正受 SSD(固態硬碟) 價格競爭的衝擊，和勤指出，硬碟機構件維持穩定出貨，將靜待未來雲端資料中心硬碟新機種需求成長。汽車零件部分，儘管中國車市銷量仍在低檔，和勤汽車零件營收仍較上季穩定成長 5.3%。和勤表示，中國車市則逐漸走出谷底，汽車零件也進入明顯成長期，拉升整體營收向上，和勤多家汽車客戶自第 3 季起均按計畫擴充訂單，目前訂單已排至年底，且陸續有新產品開發案進入量產，汽車零件業務已擺脫車市不振的影響，隨著各大車廠新車銷售排程，汽車零件出貨成長趨勢明確。另外，特斯拉上海廠已獲准量產，且將赴歐洲設立第二處海外生產基地，法人指出，和勤在國際電動車大廠繼電器基座持續增量，且和勤為繼電器基座的全球獨家供應商，將受惠於電動車出貨成長。和勤精機 10 月營收達 1.91 億元，較上月成長 5.46%，年減 3.68%，為連 4 個月呈現月成長，和勤主管表示，汽車零件訂單逐月增量，拉升營收表現，單月營收可望持續拉高至年底，預計第 4 季營收將是今年最高的一季。
103,2019/11/14,〈美時展望〉三大引擎助攻 Q4營收挑戰25億元新高,學名藥廠美時 () 副董事長林羣今 (14) 日表示，後續營運將有三大引擎催動，包括戒癮含片、血癌藥及減肥處方藥陸續在多國上市銷售，逐步邁入收割期，法人估，本季營收可望季增雙位數，上看 22 億元，挑戰 25 億元新高紀錄，明年營運展望也正向，估可優於今年。美時旗下戒癮含片在美國銷售持續暢旺，林羣指出，美國醫療公保市場中，戒毒癮用藥占 6-7 成，但過去都被既有藥廠把持，不過今年 10 月美國頒布藥價透明的新政策後，衝擊市場，也讓其他業者紛紛搶進公保領域。法人認為，美時的藥品具價格優勢，加上原本通路，戒癮含片可望跨入醫療公保領域，推升營運成長。血癌用藥方面，林羣表示，血癌用藥已占整體營收比重 3%，占海外銷售 15%，產品在中東歐、亞洲、南美洲等國上市，並陸續貢獻授權金，預計 2022 年在美國上市，此外，減肥處方藥，預計今年底前可望在韓國上市，估未來營運將逐年成長。
104,2019/11/14,網家雙11總成交逾151億元創高,電商年度盛事雙 11 買氣爆棚，台灣電商集團 PChome 網路家庭 () 今 (14) 日公告，6 天檔期 (11/8-11/13) 總成交金額 (GMV) 衝上 151 億元，創新高紀錄，其中有 55% 業績來自行動端，而總進站瀏覽人次超過 3 億。網家今年將旗下各事業體整合採 ONE PChome 作戰策略奏效，首次串聯旗下 10 大平台，並結合直營 B2C 網購、C2C 交易市集、金流支付、跨境電商、旅遊等服務，雙 11 全檔期短短 6 天，即達成集團總成交金額逾 151 億元的新高記錄，活動期間總進站超過 3 億總瀏覽人次，有超過 60% 是透過行動端瀏覽。網家說明，今年 ONE PChome 打通集團會員間的帳號，只要使用任一服務的會員帳號就能直通其他 9 個服務，提高申請會員或尋找帳號密碼的便利性，而 P 幣生態圈也帶來強大的消費力道，使用度較去年大幅成長 13 倍。網家董事長詹宏志表示，全台的網路零售額持續成長中，而雙 11 已成為全年關鍵的購物旺季，網家今年首次以集團力量聚客，在直營的 B2C 網購平台獲數千個品牌供應商參與，也聚集了 C2C 交易市集上的 12 萬微型商店和超過 200 萬賣家一起促銷商品，達成業績新高里程碑。網家進一步分析今年雙 11 消費概況，消費者傾向計畫型消費，不僅準備好事前計畫購買的商品清單，並尋找各種商品促銷和優惠活動，等待折扣時間一到再下單，將手上有限的資金分配運用，因此，推升了高單 3C 商品搶購熱潮，快消日用品箱購買氣也相當熱絡。
105,2019/11/14,〈造紙法說〉永豐餘Q3獲利創新高 回台投資將著力四大循環,永豐餘 () 今 (14) 日召開法說會，業外因轉投資事業挹注股利收入 7 億元，第 3 季歸屬母公司稅後純益 11.79 億元，較去年同期成長 48.7%，單季每股純益為 0.71 元，創單季歷史新高。展望後市，永豐餘已經申請台商回台投資，將著力碳、水、紙、再生能源等四大循環。永豐餘指出，2012 年轉型為投控公司後，投資面向涵蓋紙業循環經濟、材料、IoT 科技、生機生醫與金融創投，前三季合併營收 554.21 億元，營業淨利 21.58 億元，較去年同期成長 14.6%，業外因轉投資事業股利挹注、權益法認列轉投資獲利成長，歸屬母公司稅後純益 18.4 億元，年成長 37.2%，前三季每股純益為 1.11 元。從各項投資來看，永豐餘副總暨發言人殷國堂表示，紙業循環經濟面向，三大事業群受漿紙價格降低影響，然而北越新廠投產後市場需求暢旺，前三季合併營收僅微幅影響；獲利表現上，工紙紙器事業群及消費品事業群產品組合也改善獲利成長。殷國堂表示，其他轉投資因長期關注產業發展、看準趨勢，投資綜效也有所顯現，其中，申豐特用應材專注高附加價值及差異化產品，提升獲利率；永道射頻技術持續拓展歐洲市場，並積極開發新零售市場，獲利穩健。永豐餘已申請台商回台投資，殷國堂表示，「循環經濟」是永豐餘初創生產事業時便植入企業經營的思維，在發展事業規模的同時，更同步思考碳、水、紙、再生能源等四大循環，期望所有資源都能不斷地循環利用，並透過技術加值轉化，提升資源運用效率及價值，朝「零廢棄」全循環邁進。殷國堂強調，新屋廠今年第四季正式啟用全台最大沼氣發電系統，沼氣發電的原理，是將製程排放水的有機物由厭氧菌分解產生沼氣（甲烷），沼氣經過內燃機產生熱能發電；新屋廠每天的沼氣產量為 28000 立方米，甲烷純度達 80%，發電效率為 40%，三項指標均為台灣業界領先。目前，新屋廠沼氣發電已設有兩套容量共計 2400kW 的發電系統，並預計 2020 年第 3 季興建完工第三套容量 1560kW 的發電系統，屆時年發電量將達 3200 萬度，可供台灣近 1 萬戶家庭用電。
106,2019/11/14,〈勤誠法說〉加速拓展海外市場 歐洲、南韓進展快,伺服器機殼廠勤誠 () 今 (14) 日舉辦線上法說，總經理陳亞男表示，勤誠目前客戶仍以美國、中國為主，占整體營收 7 成，將持續開拓海外市場，其中歐洲、南韓市場進展較快，預計明年第 3 季就有產品推出。陳亞男表示，今年業務仍以美國為主，中國市場較平淡，明年將迎來 5G、AI 新應用需求，預期美中兩大市場需求都將成長，美國在 AI、AIOT 領域處領先地位，中國則是自主研發的 CPU 產品帶動下，需求成長也可期。市場布局方面，陳亞男指出，勤誠將持續拓展非美國、中國的海外市場，鎖定歐洲、南韓、印度、東協國家等市場，其中歐洲、南韓市場已布局 2 年，進展相對快，預期明年第 3 季開始，將有歐洲資料中心客戶加入，南韓也因 5G 發展進程較快，可望取得相關訂單。陳亞男指出，今年產業起伏較大，除拓展市場，也將持續進行全球化布局，評估非中國地區的建廠計畫，她也強調台灣是首選，目前台灣除了組裝廠外，今年也在桃園新建廠房，以機殼產品前期打樣為主，目前月產能約 10 萬台。
107,2019/11/14,台橡2條新產線明年初投產 佈局醫療、高級鞋材市場,合成橡膠廠台橡 () 今 (14) 日召開法說會，執行長蔡偉強表示，受到大環境因素影響，5 年營運計畫中的三大目標，恐無法如期在 2022 年達成；明年初包括高階醫療用 SEBS 產線、高級鞋材產線都將投產，陸續取得認證，可望持續拉升產能利用率。台橡今年前 3 季出貨年增 8%，惟受原物料價格下跌影響，營收較去年同期小幅衰退近 3%，前 3 季稅後純益 6.36 億元，年減 23.4%，每股純益 0.77 元。台橡 2017 年展開 5 年營運計畫，專注有機成長、強化業務組合、獲利增長三大策略發展主軸，轉型為以成長、利潤為導向的全球特用化學材料廠，並以特用化學業績比例達 5 成以上、營業利潤大幅增加、持續提高現有獲利為三大目標。不過，蔡偉強表示，今年面臨來自大環境的挑戰，受到全球經濟成長放緩、車市需求疲弱，及低價天然橡膠影響，造成合成橡膠市場充滿挑戰，熱可塑性彈性體 (TPE) 銷售也因新產能開出，競爭加劇，營運壓力增加，三個目標達成的時間表，將因此有所延遲。為因應外部市場變化，台橡採取增加銷售量且維持毛利率的營運策略，強化合成橡膠產品銷售組合，提高利潤較佳的非輪胎應用獲利占比；加速提升應用材料成長，3 年內高級鞋材銷售與毛利成長 3 倍；拓展高值化領域，著眼品質規範要求高的 TPE 醫療應用、進入門檻高且寡占的潤滑油粘度改質劑 (HSBC) 及高級鞋材市場。另一方面，新產能也將在明年初陸續加入營運，包括南通高階 SEBS(氫化熱可塑性彈性體) 產線、越南高級鞋材產線；蔡偉強指出，由於現有 SEBS 產線不足以因應醫療應用高品質需求，南通 SEBS 產線主要著眼醫療應用，初期將積極取得醫療認證，在此之前也會生產其他應用產品，目標為 3-4 年後達到醫療產能應用產能滿載。越南高級鞋材產線方面，產能約 7000 噸，蔡偉強表示，全球 6 成的鞋類生產都在越南，盼能藉由地理位置優勢，強化定位，並持續擴大客戶群，提升供應鏈效益。
108,2019/11/14,〈造紙法說〉華紙Q3每股虧0.1元 紙漿走勢不明朗 紙吸管將走國際路線,華紙 () 今 (14) 日召開法說會，受漿紙價格下跌影響，營業規模縮減，使得毛利率及營益率同步下滑，第三季歸屬母公司稅後虧損 1.11 億元，單季每股虧損 0.1 元；展望第四季，華紙副總經理陳瑞和表示，紙漿走勢仍不明朗，營運仍謹慎看待，將持續發展食安用紙、紙吸管，並走國際路線。華紙第三季合併營收 49.2 億元，受到漿紙價格下跌影響，營收年減 18.8%，毛利率、營益率分別為 4 % 及 - 4.4%，不如去年同期，業外部份因認列股利收入，第三季業外收入約 4515 萬元，稅後虧損 1.71 億元，歸屬母公司稅後虧損 1.11 億元，每股虧損 0.1 元。華紙累計今年前三季營收 156.6 億元，較去年同期減少 13.4%，毛利率與營益率分別為 7.0% 與 - 0.7%，也低於去年同期，前三季歸屬母公司稅後虧損 0.3 億元，每股虧損 0.03 元。展望第四季，陳瑞和表示，美中貿易近期出現和緩，並進入造紙業的傳統旺季，惟國際貿易紛爭仍充滿不確定性，且漿價雖呈持平或有小幅反彈跡象，但紙漿走勢仍不明朗，對於營運仍持謹慎的態度。陳瑞和進一步表示，為因應全球限塑趨勢，公司將持續發展替代用於食品容器封裝的特殊紙，以因應市場需求；其中，紙吸管部分，因為現在已近冬天，為飲料業淡季，因此出貨量不大，目前已進一步投入鋁箔包紙吸管，下個月將跟國際品牌廠商簽約，走國際路線。另外，陳瑞和也透露，飲料封膜的研發目前已經進展到八、九成，並進入測試階段，會在測試無虞後才會上市，估最快今年底前。
109,2019/11/14,〈勤誠法說〉明年5G、AI商機發酵 明年營收、獲利目標雙位數成長,伺服器機殼廠勤誠 () 今 (14) 日舉辦線上法說，總經理陳亞男表示，今年受美中貿易戰影響，整體需求較往年下滑，對第 4 季傳統旺季保守看待，預期營收將持平第 3 季，全年則持平去年或小幅成長，但明年 5G、AI 商機將發酵，營收、獲利目標仍是年增雙位數。陳亞男表示，今年由美國客戶帶動需求，推升營運成長，中國客戶需求則不如往年，目前訂單能見度約 1.5-2 個月，稼動率在 70-80% 之間。展望明年，陳亞男指出，在大環境變動下，勤誠今年積極調整產品組合、管控營業成本，第 3 季仍繳出不錯成績單，未來將努力維持毛利率在 26-30%，明年也看好在 5G、AI、邊緣運算帶動下，需求逐步成長，全年仍已營收、獲利年增雙位數為目標。勤誠前 3 季產品營收比重，伺服器占比 95%、個人電腦則占 5%，依地區別來看，美國占 45%、中國占 32%、歐洲則占 8%。勤誠第 3 季合併營收 17.04 億元，季增 13.37%，年減 0.7%，毛利率 31.04%，季增 0.05 個百分點，年增 4.87 個百分點，營益率 17.26%，季增 2.19 個百分點，年增 3.63 個百分點，稅後純益 2.36 億元，季增 21.02%，年增 28.96%，每股純益 1.97 元。勤誠前 3 季合併營收 47.67 億元，年增 4.08%，毛利率 30.52%，年增 6.29 個百分點，營益率 16.38%，年增 5.75 個百分點，稅後純益 6.17 億元，年增 66.76%，每股純益 5.16 元。
110,2019/11/14,〈美時展望〉海外布局有成 前3季純益年增1812% EPS 2.17元 創新高,美時 () 受惠多項產品陸續在海外上市，第 3 季財報雙率雙升，稅後純益 1.99 億元，季增逾 3 倍、年增 196 倍，每股純益 0.82 元；累計前 3 季稅後純益 5.23 億元，年增 1812%，每股純益 2.17 元，創歷史新高。美時第 3 季營收 19.7 億，季增 4%、年增 24.6%；毛利率 52.35%，季增 1.48 個百分點、年增 0.75 個百分點；營利率 14.81%，季增 8.14 個百分點、年增 3.34 個百分點；稅後純益 1.99 億元，季增逾 3 倍、年增 196 倍，每股純益 0.82 元。美時累計前 3 季營收 60.5 億，年增 28.5%；毛利率 50.84%，年增 2.35 個百分點；營利率 14.29%，年增 6.85 個百分點；稅後純益 5.23 億元，年增 1812%，每股純益 2.17 元，創新高。展望後市，美時表示，截至今年第 3 季，已與多家國際藥廠簽署超過 80 個授權案，預計可在逾 130 個國家銷售特殊學名藥與口服抗癌產品，此外，戒癮含片與抗癌藥在美國、歐洲等地銷售暢旺，整體營運樂觀看待。
111,2019/11/14,晶華Q3獲利年增逾2成 每股純益2.19元 7年來同期新高,連鎖飯店集團晶華 () 今 (14) 日召開董事會通過第三季財報，單季稅後純益 2.8 億元，年增 23%，每股純益 2.19 元，創 7 年來同期新高，累計前三季稅後純益 10.19 億元，年增 0.49%，每股純益 8.03 元。晶華說明，第三季獲利大增，是因認列子公司 Silks International Inc. 出售日本東京不動產收益 1.98 億元。就本業來看，晶華第三季合併營收 16.13 億元，年增 2.49%，毛利率略減 0.91 個百分點至 32.87%，營益率 19.91%，較去年同期減少 1.47 個百分點。晶華前三季合併營收為 48.32 億元，年減 3.04%，毛利率略增 0.48 個百分點至 33.58%，營益率增加 3.71 個百分點至 19.04%，晶華指出，營收減少主因是去年與英國洲際集團合資和出售 Regent 部分股權案，去年 7 月起不再認列海外 Regent 營收。晶華進一步說明，排除第三季認列出售日本東京不動產淨利，以及去年有出售 Regent 部分股權案的處分淨利益等因素，實際上今年前三季稅後純益為 8.49 億元，年增 28.55%，顯示子公司獲利仍明顯提升。展望第四季，隨著國旅市場熱度持續增溫，晶華今年 ITF 台北旅展衝出高達 1.5 億元營收，年增 15%，為年底前增添不小的成長動能。
112,2019/11/14,〈藍天展望〉雙11後追單急 今年出貨近3年高 明年上半年推5G筆電,藍天 () 筆電事業群總經理簡義龍今 (14) 日表示，雙 11 後客戶庫存水位健康，積極追單，加上既有標案，第 4 季出貨樂觀，上調全年出貨目標至 140 萬台，將創近 3 年新高，明年則看好高效輕薄高階筆電成長強勁，他也透露，支援 5G 的筆電將在明年上半年推出。藍天第 3 季筆電出貨 43.2 萬台，16 季新高，加上處分日本不動產挹注，稅後純益 4.53 億元，季增 68%、年增 125%，每股純益 0.75 元，前 3 季每股純益來到 2 元。展望第 4 季，簡義龍透露，10 月筆電出貨 14 萬台、前 10 月已經來到 116.6 萬台，加上雙 11 各大通路商筆電產品熱銷，庫存水位健康，接下來客戶要備戰雙 12 及農曆新年，已看到客戶積極追單的情況。不過，再傳英特爾 CPU 缺貨，簡義龍坦言，是影響 12 月出貨的變數，但全年出貨仍優於預期，達 140 萬台，來到近 3 年最佳。明年來看，簡義龍認為，目前還沒有明確的出貨預估，但目標仍會成長，其中高效輕薄筆電出貨成長強勁，今年某客戶下單量更是成長 5 成，明年也預告要再成長 5 成。至於 5G 筆電方面，簡義龍認為，會不會成主流有待觀察，但目前的確有客戶詢問，藍天也不會缺席，預計明年消費性電子展 (CES) 就會展出相關產品，第 2 季開始出貨。
113,2019/11/14,【運達投顧】未來兩天決定攻或守,◆盤勢分析台股本週幾乎都偏向整理盤，無論漲跌仍守穩月線支撐，由於目前有美中貿易以及香港事件的變數，操作上難度增加，該如何研判這些不確定因素來擬定操作策略？重點分析如下：昨天美股仍擔心美中貿易談判的變數而出現小幅漲跌，似乎在等待答案出籠。昨天川普說：中國「渴望」和美國達成貿易協議，但華府才是決定能否達成協議的一方，只有在對美企和勞工有利的情況，他才會簽字。可能很快就會與中國達成重要的第一階段貿易協議；若中國不和美國達成協議，華府將「很大幅度」地提高對中國產品的關稅。以上這段言論有期待但也帶威脅，目前雖沒有明確答案，但美股四大指數都維持在歷史高點附近走區間，只要美股沒有跌破月線，多頭指標仍維持強勢。不過美中協議的時間點約在 12 月中旬附近，大約還有一個月的時間，這段期間依照過去慣例，雙方放話試探對方反應的做法還會持續，所以貿易談判會往哪個方向發展？我們就先以美股的月線支撐以及匯率的角度來做研判。本週還有一個變數就是香港「反送中」警民衝突升級今天全港停課，近日港股重挫千點關於這個變數的發展實難預測，近日提出我們以為觀察指標，每當國際政經出現變化若對股市有影響，市場資金會以與當成資金避風港，目前創三個月新低也沒有大波動，所以關於香港的動亂我們就先靜觀其變。下週三是結算，近日提示愈接近結算日台股拉抬的機率愈大，未來這兩天尤其是關鍵，因為就技術面來看台股近日量縮，區間目前守穩月線偏向整理盤局，多方趨勢並沒有失守，但就 5 日線的角度來看，明天起 5 日線的成本將會扣抵近日的低點，因此台股有機會站上 5 日線出現短多訊號，至於台指結算可否拉高或拉高的程度，就要看成交量的變化以及匯率的走向；就外資的籌碼面來看，昨天現貨終結連 22 天的買超出現賣超 62 億，期貨市場多單小減 233 口，目前來到 4.9 萬口微破 5 萬口，摩台未平倉口數小減來到 24.7 萬口。就以上的籌碼變化來看，外資稍有縮減但並沒有轉空的跡象，所以未來這兩天台股是否出量拉抬，將決定台股的整理期是否拖長。以各股的操作來看，今天上市櫃仍是下跌家數多於上漲家數約一倍，可見很多漲多的個股仍在調整期，10 月下旬我們提示高位階股必須先賣，目前市場資金會往兩個方向切入，若台股整理期拉長那麼與指數無關的生技股有機會成為資金避風港，若台股有機會拉高那麼對於已經落底的中低價股會有個股表現的空間，目前操作先留意這兩個方向若個股低檔出量則有起漲的機會。※以上內容由運達投顧蕭春源分析師 整理提供，投資人於投資前請審慎評估，遵守紀律，嚴設停利停損。
114,2019/11/14,華通HDI和軟硬複合板產品線稼動率逾90% 產能吃緊延續至明年,【財訊快報／記者李純君報導】老字號印刷電路板華通 (2313) 營運滾燙，公司透露，HDI 和軟硬複合板兩大產品線稼動率超過 90%，產能吃緊狀況可持續到 2020 年，至於重慶二廠 2021 年就位，將為營收添新成長動能。受惠於蘋果與華為等陸資品牌手機廠需求強勁，加上旺季效應，華通第三季成績單優於預期，單季每股淨利 1.24 元，累計今年前三季稅後盈餘 23.8 億元，每股淨利 2 元。進入第四季後，因蘋果訂單續強，華通主要供貨 LCD 版本，加上陸資品牌手機出貨續強，華通 10 月營收突破 62 億元，續創歷史新高，而公司派更透露，目前華通各產線稼動率都幾近滿載，HDI 和軟硬複合板兩大產品線稼動率超過 90%，可樂觀預期，產能吃緊狀況可持續到 2020 年，此外，業界傳出，華通 11 月營收也將維持高檔，甚至不排除有持續走高的機會。而為因應未來 5G 時代，著眼於市場對於高階 HDI 製程的需求商機，尤其陸資品牌手機廠近年來對於 HDI 層數需求大增，致使華通產線供不應求，致使華通決定啟動大陸重慶二廠的擴產工程，該廠區已於今年 10 月完成奠基儀式，年產能可達 500 萬平方英呎，最快 2021 年上半年即可正式量產。『新聞來源／財訊快報 』
115,2019/11/14,永冠-KY再奪西門子歌美颯風機鑄件訂單 2023年開始生產,西門子歌美颯今 (14) 日宣布，與在地供應商鑄件大廠永冠 - KY() 在台加強合作，簽訂本土化風機鑄造合約，永冠將供應海龍 2 號風場 300MW(百萬瓦) 所需風機鑄件，預計 2023 年開始生產。西門子歌美颯 2018 年宣布，與永冠簽訂合作開發台中港離岸風電業務合作備忘錄，永冠評估在台中港灣建立鑄造、機械加工和噴漆設施，與合作夥伴 AH Industries 在台中港興建新離岸風電鑄造生產工廠。此次西門子歌美颯再與永冠合作，簽訂有條件本土化鑄件供應協議，將由永冠在台中港的新鑄造工廠，供應海龍 2 號風場 300MW 所需風機鑄件。西門子歌美颯亞太離岸風電總經理 Niels Steenberg 表示，隨著三方合作，加上風機機艙組裝廠設立，將能更強化 300 MW 海龍 2 號計畫國產化要求。永冠集團將在台中港興建的工廠，為其向台灣港務公司承租的 20 萬平方米土地，位置緊鄰西門子歌美颯風機機艙組裝廠，將引進生產鑄造關鍵技術，並連結在地供應商，吸納在地人才，給予相關專業訓練，以達連結全球供應鏈的目標，打造具全球競爭力供應鏈。
116,2019/11/14,萬海Q3獲利年增逾5成 全年可望創4年來高點,貨櫃航商萬海 () 今 (14) 日公布第三季財報，不同於海運業者單季獲利普遍衰退，萬海反而逆勢成長，第三季稅後純益 6.51 億元，年增幅達 51%，每股純益 0.29 元，累計前三季稅後純益 23.9 億元，年增幅 185%，每股純益 1.08 元，顯示美中貿易戰轉單東南亞的效應，讓長期布局亞洲短程航線的萬海明顯受惠，法人認為，萬海全年獲利有望創 4 年來新高。萬海第三季合併營收 183.97 億元，年增 6.17%，營業毛利 17.53 億元，年增 43.84%，毛利率 9.53%，年增 2.5 個百分點，營業利益 6.57 億元，年增 185%，營業利益率 3.57%，年增 2.24 個百分點。萬海目前共有 96 艘船舶，總運能約 28.4 萬 TEU，已擬定船舶汰舊換新計畫，規劃明年第二季起至 2021 年有 8 艘新船將下水，2021 年至 2022 年則有 12 艘船舶將交付；營運主要以近洋線為主，在亞洲線市占率達 15%。法人指出，近年來因中國生產成本攀高、環保法規趨嚴，加上貿易戰衝擊，廠商有外流至東南亞國家的趨勢，有利亞洲區貿易成長，同時，東南亞港口因較難容納大船，需透過小船銜接遠洋大船的貨物，萬海以中小型船舶為營運主軸可望受惠。隨著亞洲航線第四季傳統旺季報到，法人認為，萬海第四季獲利值得期待，上半年已賺贏去年全年，加上第三季獲利成長，全年獲利有望創 2016 年來的高點。就整體市況來看，2020 年起國際環保法規上路，將加快老舊船舶淘汰，供過於求缺口有望逐漸改善，法人認為，貨櫃航商運價將有支撐。
117,2019/11/14,台股盤後—電金族群同走疲 開高走低 5日線得而復失,美股與周三創高，激勵台股今 (14) 日由電子三雄領軍，同步開高，惟台積電、大立光盤中紅翻黑，鴻海午盤後也走弱，國泰金、富邦金等金融權值股同樣表現疲弱，台塑、台化雖站穩平盤上，也無力撐盤，指數開高震盪走低，終場下跌 17.41 點，收在 11450.42 點，成交量約 1311.08 億元，5 日線得而復失。台股今日上市股中，僅電子設備、水泥、網通、造紙、百貨、電通、資訊收紅，其餘均收黑，其中電腦周邊設備指數表現最強、漲幅 0.77%，表現最弱則是汽車族群、跌幅 0.93%。櫃買市場今日同樣開高震盪走低，終場下跌 0.7 點，以 142.4 點作收，成交量約 265.4 億元。部分，僅營建指數收紅，其餘均收黑，其中又以紡織族群表現最弱勢、跌幅 1.48%，其次為下跌 1.44% 的鋼鐵指數。電子三雄方面，台積電開高走低，終場下跌 0.16%，收在 303.5 元，5 日線得而復失；股王大立光同樣開高走低，終場下跌 1.11%，收在 4470 元，跌破月線；鴻海早盤表現強勢，一度站上 91.4 元，重回 90 元整數關卡，惟午盤後賣壓出籠，股價紅翻黑，終場下跌 0.45%，收在 89.3 元，失守 10 日線。鴻海早盤也強勢，鴻家軍也躍升盤面焦點，亞太電、建漢漲停作收，榮創、乙盛 - KY 漲幅近 5％，天鈺、台通、友威科、台揚、樺漢漲幅逾 2%。IC 設計九暘連 3 日漲停作收，世紀大漲逾 8%，茂達、類比科也有超過 2% 的漲幅。被動元件族群方面，國巨表現續強，大漲 5%，領軍天揚、大毅、聚鼎、華新科、奇力新收紅。LED 同樣表現亮眼，晶電大漲逾 9%，億光漲幅也超過 5%，佰鴻漲逾 4%，光磊、宏齊、東貝也有超過 2% 的漲幅。國泰證期分析師蔡明翰指出，昨與今日連續貶值，跌破月線支撐，資金派對確定結束，後續外資操作可能轉趨保守，台股還是有一定壓力存在，短線指數雖在月線獲一定支撐，但近期下跌有量、反彈量縮，顯示價量背離，短線很難有強勢表現，估將在月線附近震盪整理。
118,2019/11/14,【群益投顧】指標權值股走弱、補漲股強漲， 大盤放量緩跌,"周四台股逆周三美股續創高而小幅回弱，研判一定程度與全球領先的網路解決方案供應商思科系統公司 (CiscoSystem，Inc.) 財報不如預期有關。因全球經濟的不確定性持續升高，導致客戶對路由器和交換機的支出轉為保守，思科公布本季營收獲利預測不如市場預期，周三盤後股價一度下挫逾 5%。另外，連 5 貶，周四盤中回貶至 30.5 之上，一定程度影響買盤追價意願。今日大盤開小高後震盪走跌收黑，成交量則放大至 1300 億元之上。近來盤面有幾個特色，第一是大波段漲多的 (權值) 股票，如台積電、大立光等漲不動，不過 10 月開始，包括鴻海、華碩等波段逆勢走跌的權值股則開始反彈走強。這一結構折射出二大方向，其一是，就操作面而言，相關發展引領資金往波段跌深股移動，被動元件、LED 等族群，10 月以來明顯強勢於大盤。其次，相關權值股的表現，導致大盤漲不太動、也跌不太深，意味著有買盤在守但沒有攻擊的意願，甚至也無法排除有點且戰且走的意味，從今日鴻海集團漲小不漲大 (鴻海跌、子公司大漲)，華碩法說沒太大亮點，股價驟漲便爆量，可略窺一二。不過有別於上述發展，亦屬波段相對偏弱的 DRAM 股，10 月以來仍進一步走弱。7 月日本、南韓爆發貿易戰以來，迄今未見明顯和緩跡象，日本甚至對韓出口商品加大管制力度。而在 10 月日、韓第一輪磋商後，11/19 雙方將進行的第二輪磋商，但市場普遍認為，雙方並沒有讓步的跡象；但反觀 DRAM 市場整體主流晶片價格在 7 月上旬一度飆漲後，8 月以來持續滑落迄今。後續應追蹤觀察市場是否持續對日、韓貿易戰僅以 ""題材"" 看待。此外，基本面的市場多空看法分歧，更值得玩味。記憶體模組大廠創見(2451)11/8 召開法說會，董事長束崇萬表示，DRAM 與 NANDFlash 跌價循環將結束，明年可望反彈走揚。但有外資認為伺服器為主的大型建設需求尚未全面反彈，明(2020) 年 DRAM 要觸底彈升的動能恐怕相當有限。創見董事會也決議 11/8 起至 109/1/7 買回 3，000 張庫藏股，每股區間 49～97 元，股價也自當 (8) 日向上強漲迄今，但 DRAM 股南科股價卻從當時再轉走跌、華邦電持續破底，而與創見同屬 DRAM 模組廠的威剛，也在今日出現較明顯的回跌走勢。華碩第三季稅後純益 56.33 億，QOQ+235.3%、YOY+68.5%，每股純益 7.6 元，為近 8 季新高，累計前三季稅後純益 95 億元，YOY+34.7%，每股純益 12.8 元，優於市場預期。展望後市，公司預期在貿易戰、CPU 短缺及針對中國地區加速庫存去化、改善當地營運績效等短期因素影響，加上沒有第三季受惠股利及認列原料跌價之回沖等挹注，第四季營收、獲利都將略為走弱，不過對明年釋出樂觀看法，並設下在筆電、電競 PC 及創作者 PC 等業務皆雙位數增長目標。電子：亞太 (3682)、晶電 (2448)、華碩 (2357)、矽力 - KY(6415)非電子：潤泰全 (2915)、遠雄 (5522)、中壽 (2823)、亞德客 - KY(1590)本文係研究員對大盤之看法，僅供參考，不做進出依據"
119,2019/11/14,澳洲首船液化天然氣抵台 中油：2021年自有油氣占比估達3.43%,中油今（14）日宣布，參與澳洲普陸氣田自產液化天然氣進入收成期，第一船已於 12 日運抵台灣；中油董事長歐嘉瑞表示，普陸案為新南向政策開啟新的一頁，將能有效提高自有油氣占比約 1%，2021 年進入生產高峰期，占比可望提高至 3.43%。中油指出，普陸液化天然氣開發案位於西澳布魯姆 (Broome) 東北方 475 公里處，其浮式液化天然氣船結合天然氣接收、處理、分離、液化、儲存及輸出等作業於一船，是世界最大的浮式液化天然氣 (FLNG) 計畫。中油表示，2013 年參與普陸氣田開發案，從去年 12 月開井生產後，第一船凝結油、液化天然氣及液化石油氣分別於今年 3 月、6 月及 7 月啟運。中油分得第一船液化天然氣於本月 5 日由浮式液化天然氣船完成裝船啟運，12 日運抵高雄永安港。歐嘉瑞指出，普陸案為新南向政策開啟新的一頁，2021 年將進入生產高峰期，依參加比例 5% 計算，預估每年約可分得液化天然氣、液化石油氣及凝結油合計約 280 萬桶油當量，將能有效提高自有油氣占比約 1%，可從去年的 2.17% 逐年提高至 2021 年的 3.43%。普陸液化天然氣開發案經營人為荷蘭殼牌 (SHELL) 公司，其他合作公司包括日本 INPEX 公司及韓國 KOGAS 公司。中油強調，未來將持續於具油氣潛能國家及地區，積極拓展油氣探採業務，期能擴增自有油源，穩定能源供應。
120,2019/11/14,洋華前3季EPS 0.72元 閒置廠房出租12月起租金收益入袋,觸控面板廠洋華 () 今 (14) 日公布第 3 季財報，稅後純益 1.19 億元，季增 4344.3%，年增 0.1%，每股純益 0.8 元，前 3 季稅後純益 1.08 億元，年減 17.8 %，每股純益 0.72 元，展望第 4 季，洋華預期機電事業將在廠商遞延出貨下，較往年略微成長，越南閒置廠房也順利出租，12 月起將貢獻業外租金收入。洋華第 3 季營收 2.6 億元，季增 33.1%，年增 1.64%，毛利率 14.18%，季減 0.73 個百分點，年減 4.85 個百分點，營益率 -6.36%，稅後純益 1.19 億元，季增 4344.3%，年增 0.1%，每股純益 0.8 元。洋華累計前 3 季營收 5.94 億元，年減 6.6%，毛利率 11.76%，年減 5.68 個百分點，營益率 14.56%，年減 4.44 個百分點，稅後純益 1.08 億元，年減 17.8 %，每股純益 0.76 元。展望第 4 季，洋華表示，本業分機電及光電兩大事業群，機電事業群生產材料給電器電纜廠商，每年需求穩定，但今年客戶出貨稍有遞延，預期第 4 季訂單將較往年略微成長。洋華的光電產品則進入傳統淡季，預期第 4 季營運持平第 3 季，但大環境不確定性高，加上近期匯率變動大，第 4 季整體營運仍保守看待。洋華指出，將積極活化越南、台灣廠區閒置廠房，目前越南已有廠商順利簽約承租，預計 12 月起開始收租金，將挹注第 4 季業外租金收入。另一方面，洋華公告，配合集團內部投資架構調整及降低營運成本，將決議清算 100% 持有的貝里斯子公司，其擁有越南子公司 91.34% 股權，未來將由薩摩亞子公司全數持有，僅為集團內部營運調整，不影響股東權益。
121,2019/11/14,台積電、三星資本支出力道強 京鼎明年重返成長,隨著台積電 () 與三星 (005930-KR) 加大資本支出力道，半導體設備廠京鼎 () 表示，第 4 季出貨將明顯升溫，估攀今年營運高峰，展望明年，隨著設備市場需求增加，成長動能看俏，估明年營運將優於今年。IC Insight 指出，第 4 季台積電與三星的資本支出，皆刷新各自歷史新高，三星季增 81%，約 79 億美元，台積電季增也有 64%，約 51 億美元，設備廠將受惠，京鼎第 4 季營運可望逐漸脫離谷底，10 月營收 6.83 億元，月增 10.41%，年增 2.18%，創下 14 個月新高，顯現需求逐步回溫。京鼎指出，營收以半導體為主要來源，其中分為 3 大類，晶圓設備模組、耗材備品、工程服務，今年因美中貿易戰延燒，晶圓代工廠投資力道趨緩，影響晶圓設備模組出貨疲軟，連帶半導體營收比重自去年 9 成，下滑至今年約 8 成，且因其為主要獲利來源，導致今年獲利同比去年衰退。相對晶圓設備模組易受景氣循環影響，耗材備品為較穩定的收入來源，工程服務則配合大客戶需求，搶進中國設備市場，包括裝機服務、設備整新與維修、耗材物流等，目前營收比重小，預計明年開始發酵。法人指出，依據台積電、三星的資本支出慣例，每 100 億美元，會有 7-8 成用在晶圓設備，另外 2-3 成則使用在耗材備品，以台積電上調資本支出約 40-50 億美元來看，將有 28-40 億美元的發展空間，對京鼎營運有正向助益。展望明年，京鼎看好，晶圓設備模組受惠台積電、三星加碼資本支出，出貨可望同步暢旺，並帶動獲利表現；耗材備品穩健成長；工程服務則隨著美系主力客戶積極搶進中國市場，可望陸續取得晶圓廠、記憶體廠訂單，為明年營運挹注活水。京鼎累計前 10 月營收 57.08 億元，年減 29.11%，法人指出，京鼎今年因貿易戰負傷重，全年營收、獲利難逃衰退，不過明年在建廠、擴廠帶動下，半導體設備需求只增無減，營運將重返成長。京鼎第 3 季合併營收 17.65 億元，季增 6.33%，年增 27.16%，毛利率 23.5%，季增 1.29 個百分點，年減 5.15 個百分點，營益率 11.92%，季增 1.55 個百分點，年減 6.89 個百分點，稅後純益 1.74 億元，季增 51.3%，年減 49.57%，每股稅後純益 4.54 元。
122,2019/11/14,挽回用戶！Google地圖再推新功能 幫你語音翻譯問路,Google 近來不斷更新旗下導航應用程式 Google Maps 功能，繼本月初推出 AR 步行實景導航新功能後，Google 今（14）日再宣布，新增地圖結合語音翻譯功能，幫助用戶在異國旅遊能順利問路，據外媒報導，Google 近期動作頻頻，主要是為了挽回下滑的用戶數。Google 指出，地圖結合翻譯新功能本月起上線，使用者只要輕觸地名或地址旁邊新增的喇叭按鈕，Google 地圖就會用當地語言，在手機上將地名或地址唸出來，幫助使用者順利溝通目的地。若在交談時需要傳遞更複雜的訊息，Google 地圖也能快速連往 Google 翻譯應用程式。 Google 表示，這項文字轉語音技術會自動偵測使用者手機的語言設定，並據此判斷什麼時候該提供翻譯內容。舉例來說，假設使用者的手機語言設定是英文，當搜尋東京某個景點，該地點的名稱和地址旁就會出現新增的喇叭圖示，並在使用者需要時即時翻譯。這項新功能將於本月起陸續在 Android 和 iOS 平台上釋出，目前支援 50 個語言，日後還會逐步納入更多語言。Google Maps 繼上月底推出使用者在瀏覽路線時，可點擊並增加報告，預先得知前方撞車、車速陷阱、減速、施工進行中及行車線封閉等，概括所有道路可能會遇到的情況；上周官方再新增 AR 實景導航新功能，號稱是路癡救星，用戶只要按下「路線」開始導航，點選步行，再按底下的「Live View」，即可顯示實際路況畫面。Google 近來動作頻頻，推出一系列新功能，據外媒報導，主要因近期太多人轉移至另一個導航應用程式 Waze，導致 Google Maps 的用戶數下滑，因此加速推出類似 Waze 概念的新功能，以提供更好的使用者體驗來挽回用戶。
123,2019/11/14,iPhone進入超級循環 外資看好鴻海後年賺逾1股本,鴻海 () 法說會後，亞系外資出具報告，看好 iPhone 將進入新一輪的「超級循環」，加上 2-3 年內營益率可望提升 1 個百分點，上調明後年每股純益預估至 9.7 元、10.17 元，並維持買進評等，目標價由 105 元上調至 112 元。亞系外資指出，今年蘋果推出新 iPhone 以來，市場正向看待，預期明年 3 月推出的 iPhone SE2、9 月推出的 5G 版 iPhone 買氣可望延續，可望重啟 2016-17 年的 iPhone 超級循環。亞系外資補充，2016 年下半年 iPhone 銷售優於預期，2017 年 3 月蘋果推出不同顏色的 iPhone7/7S，接下來就進入 OLED 版本 iPhone 的超級循環。此外，亞系外資也看好鴻海經營團隊推動樹會優化，2-3 年將推升毛利率及營益率成長 1 個百分點，3-5 年內毛利率將達 10%，也將優化鴻海獲利，調升明後年每股純益預估 2-4%，看好後年更將賺進逾 1 個股本。美系外資也看好鴻海成本改善將有助獲利，調升鴻海明後年的純益預估 6-9%，分別來到 8.3 元、8.88 元，不過，美系外資認為，鴻海在電動車等新的商業模式需要時間發酵，維持中立持有評等，目標價由 86 元調升至 95 元。
124,2019/11/14,數字科技Q3每股賺3.92元 近1年新高 前3季賺逾一股本,數字科技 ()(簡稱數字) 公告第 3 季財報，稅後純益 1.67 億元，季增 10%，年減 0.6%，每股純益 3.92 元，近 1 年新高。前 3 季稅後純益 4.6 億元，年減 2.95%，每股純益 10.81 元。數字第 3 季合併營收 3.84 億元，季增 5.49%，年減 4.48％，毛利率 80.32%，季減 0.32 個百分點，年增 0.44 個百分點，營益率 52%，季增 2.65 個百分點，年減 0.89 個百分點；稅後純益 1.67 億元，季增 10%，年減 0.6%，每股純益 3.92 元。數字前 3 季累計營收 11.04 億元，年減 7.19％，毛利率 79.57%，年減 0.55 個百分點，營益率 49.58%，年減 3.1 個百分點；稅後純益 4.6 億元，年減 2.95%，每股純益 10.81 元。數字表示，第 3 季受惠 591 房屋交易營收年增 11%，加上 591 新建案點閱數持續攀高，帶動營收攀揚。第 3 季各平台營收比重方面，591 房屋交易占比 60％，8591 寶物交易 23％，8891 汽車交易 8％，518 人力銀行 9％。數字今年定位為營運調整年，將拓展新平台與新業務上，及測試多元化收費模式，法人認為，今年數字科技旗下各平台中，可能僅 591 房屋交易網營收較去年成長，全年營收可能微幅年增或持平，獲利成長有限，預期新平台營收貢獻與多元化收費模式的發酵，至少要等到 2020 年。
125,2019/11/14,小心風險！富邦VIX ETF溢價幅度超過30%,富邦 VIX ETF() 近期在台股盤中溢價幅度都超過 30%，代表次級市場價格大幅高於該 ETF 的真實價值，富邦 VIX ETF 經理人楊邦珩提醒，有買進計劃的投資人，除需留意淨值持續因為 VIX 期貨正價差所隱含的下檔風險外，因應目前市價溢價幅度偏高的情形，也需留意大幅買貴的風險外。對於目前已持有的投資人，楊邦珩提醒，需留意後續標的指數上漲時，市價漲幅小於標的指數漲幅，甚至市價出現不漲反跌發生的風險。台灣 ETF 市場蓬勃發展，市場投資人參與度愈來愈高，其中一個重要原因是 ETF 為交易所掛牌基金，投資人可透過一般熟悉的股票交易方式直接買賣基金。ETF 在交易所買賣的價格稱為市價，而 ETF 真正的價格為淨值，當市價高於淨值，稱之為溢價。2016 年底富邦 VIX 掛牌以來，富邦投信即不斷教育投資人，因 VIX 指數無法複製交易的特性，全球波動率相關 ETF，皆是追蹤以 VIX 期貨為指數成份的 VIX 期貨指數，舉例來說，富邦 VIX 追蹤的是標普 500 波動率短期期貨 ER 指數，而 VIX 期貨因多數時間存在大幅度正價差，所謂正價差，代表期貨價格高於 VIX 現貨價格，因此，持有 VIX 期貨多頭部位的 VIX 期貨 ETF，將因正價差收斂，導致淨值長期呈現明顯下跌趨勢，因此僅適合在預期波動大幅上升時期，做為短線的避險交易工具，極度不適合長期持有或逢低攤平的操作策略。觀察富邦 VIX 折溢價幅度的變化，可發現當淨值跌破 5 元時，溢價幅度常出現擴大的現象。楊邦珩指出，市價主要由次級市場投資人買賣力道決定，溢價在淨值跌破 5 元易出現擴大的現象，代表買方力道高於賣方。從富邦 VIX 掛牌以來的技術線圖來看，楊邦珩表示，或有跌破 5 元是中期低點的慣性，然因 ETF 掛牌以來僅不到 3 年時間，若透過技術分析做為買賣依據，需參考更長時間的資料才是客觀。楊邦珩進一步指出，因 VIX 期貨正價差侵蝕指數報酬的特性，追蹤的標的指數長期必為下降趨勢，5 元將不是富邦 VIX 長期的相對低點，掛牌以來走勢有 5 元是中期低點的慣性，純為近一年多來市場狀況造成的巧合。今年富邦投信於全台舉辦超過 10 場 VIX ETF 投資講座，即不斷提醒投資人，並不適合以 ETF 掛牌以來技術線圖做為買賣點的判斷，還是應以美國市場貨幣政策、美中貿易戰的發展以及經濟基本面等因素為主，並持續提醒，波動率期貨 ETF 只有在預期 VIX 指數在短線有顯著上漲的可能，以及 VIX 期貨正價差幅度縮小時，才是較適合的買進時點。展望後市，楊邦珩表示，美國公布的第三季 GDP 雖由 2.0% 放緩至 1.9%，但仍高於市場預期的 1.6%，在消費的支撐下，放緩程度溫和，FED 主席鮑威爾也指出，經濟前景風險已有改善；在貨幣政策方面，FED 在最近一次利率決策會議再度降息 1 碼後，雖然暗示市場將停止中期的降息調整，但也表示在看到通膨顯著上升前，並不急於重啟升息。在美中貿易戰方面，VIX 指數在今年 5、8 月都曾因貿易戰發展出現波動，但值得關注的是，兩次的高點都遠低於去年 12 月創造的高點。整體而言，美國經濟成長雖放緩，但仍表現出相當的韌性；楊邦珩提醒，美中貿易對市場避險情緒的衝擊程度隨時間拉長逐漸鈍化，加上目前 VIX 期貨非商業性投資人維持高空單水位，在沒有新的利空因子出現前，不建議對上檔空間有過高的期待。
126,2019/11/14,華碩明年電競筆電動能俏 股價大漲逾半根停板衝4個月新高,品牌廠華碩 () 看好明年成長，預期將由電競、輕薄筆電兩大動能帶動，其中電競筆電成長可望優於市場平均，出貨年增 15-20%，手機事業虧損也可望轉虧為盈，激勵股價漲逾 6%，創 4 個月來新高。華碩今年前 3 季輕薄筆電、電競筆電營收占比分別達 58%、15%，出貨量年增 37%、17%，皆優市場平均，明年可望持續成長，其中電競筆電出貨明年可望年增 15-20%，優於市場。手機事業方面，華碩舊手機持續去化庫存中，預期最慢明年第 2 季去化完畢，今年推出的旗艦機 ZenFone 6、電競手機 ROG Phone II，第 3 季雖仍虧損，但手機業務轉型設定是 3 年計畫，今年只是起步，進度符合公司預期，預計明年新手機搭載 5G 功能後，手機事業可望轉虧為盈。華碩本季仍受美中貿易戰、CPU 供貨不確定性因素影響，預期營運將較第 3 季略減，預估個人電腦將持平或季減 5%，零組件則季減 5%。華碩第 3 季稅後純益 56.33 億元，季增 235.3%、年增 68.5%，每股純益 7.6 元。
127,2019/11/14,台股盤中－權值股走弱 鴻家軍出頭撐盤 回測月線支撐,美股周三漲多跌少，台股今 (14) 日早盤同步跟漲，惟受港股拖累，台積電、大立光表現疲弱，加上台塑四寶、金融權值股走弱，權值股僅剩鴻海撐盤，指數開高走低，盤中紅翻黑，最低跌到 11424 點，回測月線，今日預估量約 1500 億元。鴻海第 3 季財報三率三升，董事長劉揚偉指出，配合數位轉型同步推進，3-5 年毛利率目標衝上 10%，股價早盤開高一度衝至 91.4 元，惟追價意願保守，盤中失守 90 元；大立光開盤最高站上 4555 元，漲幅約 0.8%，隨後漲幅收斂，回落平盤；台積電表現則相對疲弱，在平盤間震盪。鴻海斥 100 億元，取得亞太電私募股 10 億股，亞太電 5G 布建銀彈順利到位，股價再拉第 2 根漲停，委買張數高掛逾萬張，創半年多來大量；鴻家軍走勢氣勢如虹，建漢漲逾 8%、台揚、台通、榮創漲幅逾 3%，樺漢、天鈺表現也不俗。蘋果發表 16 吋 MacBook Pro，配備最多 8 核處理器，鍵盤採剪刀腳設計、取代蝶式設計，台廠供應鏈營運增溫，組裝廠廣達漲幅逾 2%，機殼廠可成、鍵盤供應商茂林 - KY、精元均在盤上。PCB 族群今日表現相對疲弱，健鼎跌幅逾 4%，嘉聯益、同欣電、高技、南電、景碩跌幅約 1%，華通、台表科、楠梓電、燿華也在盤下震盪。個股方面，華碩第 3 季每股純益 7.6 元，為近 8 季新高，股價開高走高，漲幅逾半根漲停；玉晶光第 3 季單季賺回超過一個股本，每股純益 12.9 元，股價力撐盤上；國巨、文曄延續昨日強勢走勢，國巨早盤急拉半根漲停，盤中漲幅約 5%，文曄早盤觸及漲停 43.65 元，雖然未鎖住，盤中漲幅仍逾 8%。法人表示，雖然美中貿易戰傳雜音，香港不安情勢升溫，市場多空角力拉扯，台股因個股基本面與財報加持，短線仍可維持高檔震盪，慎防調節壓力。
128,2019/11/14,德儀放棄中小型客戶 外資喊買矽力 目標價上看1085元,外資今 (14) 日出具報告指出，矽力 - KY() 隨著中國本地 IC 需求快速成長、TI (德州儀器) 將放棄中小型客戶，雙利基發展下，市占率可望進一步提升，外資預計，矽力 - KY 明年將賺逾 3 個股本，調升評等至買進，目標價上看 1085 元。外資表示，以 2018 年中國市占率來看，矽力 - KY 僅占 1.5%-2%，TI 則占 40%，由於中國積極去美化，矽力 - KY 與中國供應商 SG Micro 可望擴大在中國的市占，且矽力 - KY 在智慧電錶、智慧型手機及汽車的市占逐步增加，外資估，矽力 - KY 的 PMIC(電源管理 IC) ，明年在中國市占率將拉升至 3.1%。TI 近期調整營運策略，外資認為，TI 為降低對客戶的影響，積極布局電子通路，但資源有限因此放棄中小型客戶，此舉提供矽力 - KY 與 SG Micro 切入中國市場的機會。外資估，矽力 - KY 第 4 季營收將攀今年最高，達 30 億元，創歷史新高，不過獲利相對承壓，每股純益略低於上季，約 6.46 元，全年每股稅後純益可達 24.75 元。不過，外資認為，TI 目前透過中國代理通路商銷售的營收，一年金額是矽力 - KY 年營收 2-3 倍，加上中國去美化加持，矽力 - KY 可望獲得更多機會，調升評等至買進，目標價上看 1085 元。
129,2019/11/14,貨櫃雙雄Q3獲利衰 陽明：供過於求缺口收斂 市況將趨穩,貨櫃雙雄長榮 ()、陽明 () 第三季獲利均較去年同期衰退，陽明更連 3 季虧損，展望後市，陽明認為，貿易戰對需求影響仍需觀察，不過，明年 1 月 1 日起新環保法規上路，有助淘汰老舊船舶，預料供過於求的缺口可望逐漸收斂，整體市況可望趨穩。陽明第三季合併營收 377.85 億元，營運量 144 萬 TEU，年增 1.99%，在有效管控成本之際，毛利率較去年同期上揚 3.85 個百分點至 5.89%。陽明說明，考量和船舶市場價格變動，選擇不回購過去舊有售後租回的船舶，依國際財務報導準則規定，需估列相關可能潛在影響數共計 13.88 億元，造成營業損失 5.83 億元，若排除此估列影響，實際上，第三季營業利益已轉正。陽明第三季稅後虧損 13.77 億元，較去年同期虧損 9.1 億元擴大，每股虧損 0.53 元；不過，今年以來營運量 407 萬 TEU，年增 3.84%，毛利率轉正至 4.36%，年增 6.28 個百分點，使前三季稅後淨損 33.24 億元，已較去年同期大幅減虧 50.19%。長榮第三季稅後純益 1.36 億元，年減 80.86%，每股純益 0.03 元；累計前三季稅後純益 3.4 億元，大幅優於去年同期虧損 3.99 億元，每股純益 0.08 元，在貿易戰的衝擊下仍有效穩住獲利表現。展望後市，全球經貿局勢仍充滿許多不確定性，不過，依海運諮詢機構 Alphaliner 最新資料顯示，預估明年供給成長為 3.3%，需求成長為 2.8%，供需缺口已明顯拉近。陽明進一步指出，航運市場新船訂單已降至 11%，創歷史新低，同時，明年新的環保法規實施後有助淘汰老舊船舶，整體市場供過於求的缺口可望逐漸收斂。陽明規劃今明兩年分別有 7 艘、4 艘的高價長租船將陸續屆期解租，配合未來新船交付，將可大幅降低船隊營運成本。
130,2019/11/14,應華改善產品結構奏效 前3季獲利大增75% 每股賺1.28元,應華 () 今 (14) 日公布前 3 季財報，在積極改善產品結構下，稅後純益 1.77 億元，年增 75.8%，每股純益 1.28 元。應華第 3 季營收為 29.38 億元，毛利率為 16.3%，季增 2.21 個百分點，年增 1.06 個百分點，稅後純益為 4723 萬元，季增 1 倍，年增 59.73%，每股純益為 0.31 元。應華 2019 年前 3 季營收 90.93 億元，毛利率 14.84%，年減 0.29 個百分點，稅後純益 1.77 億元，年增 75.8%，每股純益達 1.28 元。應華 7 月完成捷邦國際換股合併案、8 月完成日本 Sol-plus 株式會社收購案，持續為公司製造工廠整合及轉型電動車零組件發展方向努力。應華指出，集團接下來的任務，將把重點放在第一化成電子煞車系統的汽車主動安全配備產線擴充，預計 2019 年底完成， 以因應後續之訂單成長；此外，應華東莞廠區的整合與轉型，也將藉第一化成日本電動車業務關係，進行其他金屬及塑膠之車用外觀件與機構件產線建立與整合，除合理規劃整體管理費用，也將透過新產線整合，為客戶提供更多產品組合。至於日本 Sol-plus 株式會社電動車動力核心零組件，目前應華已小量出貨，並搭配日系車廠進行測試驗證，後續出貨將明顯放大。應華在今年第 4 季，因美中貿易戰的影響，應華精密將增加東南亞生產基地布局，並趁此時間及機會消化及進行公司營運整合。
131,2019/11/14,出口商Q4匯損壓力浮現 東陽10月認逾6000萬元 獲利年減近3成,汽車零組件大廠東陽 () 今 (14) 日公布 10 月自結合併稅前盈餘 1.62 億元，年減近 30%，東陽解釋，主要是因 10 月有匯兌損失 6536 萬元，若排除匯兌損失，稅前盈餘年增幅達 10%。東陽前 10 月合併稅前盈餘 19.44 億元，年減 4%，每股稅前盈餘 3.47 元，則高於去年同期的 3.38 元。進入第四季 AM 傳統旺季，東陽表示，掌握多樣少量的彈性生產優勢，可提升整體績效，目前對 AM 市場正持續加快生產排程和出貨速度，以提供更多高附加價值產品，有助毛利率提升。東陽是全球主要塑膠和鈑金件大廠，全球 AM 塑膠件市占率超過 70%，而 AM 出口以北美市場為主，占比達 65%。由於東陽每年開發模具資本支出約 16-18 億元，為資本密集產業，有其競爭門檻，加上歐美保險機構認證使 AM 副廠件正逐漸取代 OES 正廠件，法人看好，東陽在 AM 市場仍維持高度競爭優勢。儘管今年以來東陽受到中國車市低迷衝擊，但在 AM 穩定拉貨下，東陽前三季稅後純益 14.82 億元，年增 2.76%，每股純益 2.5 元，展望後市，隨著中國車市獎勵措施推出和限購令解除，法人認為，中國 OEM 廠的稼動率可望回升，OEM 市場回穩可期。
132,2019/11/14,郭明錤：臻鼎-KY本季營收季增幅高達4成,PCB 廠臻鼎 - KY()10 月營收以 165.31 億元創新高，法人普遍認為，臻鼎單月營收高點將落在 11 月，第 4 季還將創新高，但對於第 4 季營收成長幅度看法各異，外資認為季增幅 26%，中國天風證券分析師郭明錤則認為上看 40%，估達 489 億元，年增 25%。郭明錤預估，臻鼎 11 月營收將還有 5–10% 的成長幅度，12 月則與 10 月營收 165.31 億元相當，因此，臻鼎 2019 年第 4 季營收可望成長 40% 或以上，不同於市場預期的 25–30% 季成長率。同時，臻鼎受惠出貨光學及新款 iPad Pro、iPhone SE2 與 iPhone 11，鵬鼎控股 / 臻鼎明年第 1 季可望年增長 30%，淡季不淡。郭明錤估算，臻鼎明年首季營收 252 億元，季減幅度高達 48%，季節性衰退幅度，高於亞系外資季衰退 40% 。郭明錤認為，明年首季推動臻鼎營收年成長的動力，包括新款 iPad Pro、iPhone SE2 類載板及 iPhone 11 的銷售成長，其中， Apple 將在明年上半年發售新款 iPad Pro，除既有軟板訂單外，臻鼎可望受惠新增的高單價 LCP 軟板與 ToF 模組的軟板。據指出，新款 iPad Pro 關鍵賣點是配備可與後置相機運作的非結構光 ToF 鏡頭，提供更好的拍照與 AR 體驗，臻鼎可望受惠，此外，為提升傳輸效能，郭明錤也預期，新款 iPad Pro 將採用高單價的 LCP 軟板。
133,2019/11/14,多空11500點角力 匯率、香港情勢、財報相互牽制,外資昨日終結對台股連 22 買，轉為賣超 62.63 億元，加上周選擇權結算，莊家上沖下洗，大盤仍未能站回 11500 點。今日為第 3 季財報公布最後期限，加上匯率走勢，以及香港情勢，都將成為多空相互牽制的變數。關鍵密碼仍為 11483、11517 與 11559 點。多空如持續在 11500 點關卡角力，11483 與 11517 為兩端的灘頭堡，多方如欲站穩 11500 點關卡，必須收上 11517 點，最好能衝過 11559 點，短多攻勢再起，才有機會再度挑戰 11588 與 11600 點。但如 11483 點仍未能站上，還是需提防回測 11448、11413 點。如棄守 11413 點，則進入 11400 點與月線保衛戰。匯率昨日貶破 30.5 元，外資熱錢反應也相當迅速，立刻對台股轉為調節。由於本波外資對台股連 22 買，股市匯市都已二頭賺，因此匯率如未能再升過 30.5 元，需留意外資是否有獲利下車動作。在指數部分，匯率對於外資動向，以及指數能否再攻的關鍵影響地位。另外在香港情勢部分，台股走勢昨日也略見受到港股與亞洲股市影響，因此今日盤中亞洲股市表現，以及美股電子盤走勢，仍是台股大盤與指數的干擾因子。如未能轉強，也將影響多方的反攻力道。另外今日也是上市櫃第三季財報公布的最後期限，不管成績好壞，醜媳婦總得見公婆。但法人大咖此時關注的焦點，除了第三季財報數字有無「意外」，更在意第四季以及後續展望。而投資人此時，則可追蹤法人動態，留意在財報公布後，內外資法人轉為加持力挺的個股，並利用技術面切入，較有機會抓到下一波的強勢族群。(訊息僅供參考，請勿作為買賣股票之依據)# 台股 # #密碼 #外資 #軋空 #匯率 #財報
134,2019/11/14,【新光證券】盤前分析,◆盤勢分析川普再次表示，達不成協議，就大幅提高關稅，13 日亞股因此受驚，臉色不佳，台股雖有二大併購案利多消息，惟多數類股漲多拉回，使得大盤失守十日均線，終場收在 11467.83 點，跌 52.54 點或 0.46%，成交額 1166.77 億元。 OTC 指數收在 143.1 點，漲 0.07 點或 0.05%，成交額 322.93 億元。13 日台股日線收黑，失守 10500 點關卡，日量連二日走低，MACD 柱狀體負值加長，技術面愈來愈弱。籌碼方面，自營商連二日買超；投信連二日賣超；走貶，外資不僅結束連 22 天的買超，期貨部位亦偏空操作。由於美中貿易談判進度各說各話，前景不明，在缺乏利多消息下，過度樂觀的股市被迫修正，接下來觀察美中貿易談判動向、大型企業財報、及重量級個股法說會表現，盤中若大型權值股走弱、大盤失守月線，則建議適時減碼持股操作。
135,2019/11/14,【日盛投顧】盤前分析,"◆盤勢分析1.Fed 主席鮑爾表示只要經濟情況維持在目前的水平，未來聯準會就不可能進行降息，而市場傳出，貿易談判在採購美農產品與其他核心問題上觸礁，美股四大指數漲跌幅介於 - 0.05% 至 0.33%，創歷史新高，指標股 Nike、AMD 漲逾 2%，Apple 股價創高，台積電 ADR 漲 1.4%。2. 台股在貿易戰多空雜陳，以及亞股普遍修正走勢之下，權值股熄火表現，指數陷入震盪走勢，最終下跌 52.54 點，跌幅 0.45%，收在 11,467.83 點，成交金額為 1,152.92 億元。三大法人合計賣超 55.6 億元，外資賣超 62.63 億元、投信賣超 2.91 億元、自營商買超 9.94 億元。3. 由以下三個面向檢驗方向及強弱：（1）量能：價跌量平，結構尚未止穩，後勢仍需回檔量縮，漲時量增。（2）均線：支撐為月線 (約 11,396 點) 附近，壓力為前高 11,668 點附近。（3）技術指標：KD 向下，9 日 K 值（56）高於 50，短線偏多整理。4. 漲幅 0.05%，收在 143.10 點，相較抗跌。支撐為季線（141.4 點) 附近，壓力為 144.5 點附近，KD 指標向下，9 日 K 值（28）低於 50，短線弱勢整理。5. 觀盤重點：指數月線可視為波段支撐，而個股仍受季報基本面的考驗，波動持續劇烈，整理階段操作建議仍不宜追高，逢拉回不破支撐再行布局。台股選股方向可留意 IC 設計、運動休閒、內需、5G、PCB、設備、伺服器、車用等。6. 大陸市場獲利貢獻增加，轉投資的和平電力今年售電收入大幅成長，1101 台泥今年前三季稅後淨利 177.19 億元，年增率 11.13％，EPS 3.24 元，創同期歷史新高。市場估，由於第四季是台泥傳統旺季，營運將可再衝高，全年獲利更可超越去年，再創歷史高峰。7.2317 鴻海昨 (13) 日舉行法說，第三季營運繳出三率三升的佳績，雖然增幅僅在 0.2 至 0.4 個百分點，但卻有谷底浮現的味道，鴻海董事長劉揚偉昨日更重申未來將布局三大產業和三大核心技術進行數位轉型及轉型升級，推升鴻海從富士康 1.0 進階到富士康 3.0，毛利率重現 10％不是夢。8.2404 漢唐公布第三季財報，第 3 季稅後純益 5.66 億元，EPS 為 2.97 元。儘管單季營收及獲利不如第 2 季優異，但累計今年前三季稅後純益 20.33 億元，年增 44.3%，EPS10.67 元，為同期新高。隨著台積電上修資本支出上看 150 億美元，有望為漢唐營運注入一波成長動能。9. 類比 IC 大廠 6415 矽力 - KY13 日公告第三季財報，其中代表本業的營業利益達 5.58 億元，順利改寫單季歷史新高。法人指出，矽力 - KY 第三季在消費性及工業類產品出貨暢旺帶動下，第四季可望延續這波力道，繳出淡季不淡的成績單。"
136,2019/11/14,◆外資連續5日買超個股,外資連續 5 日買超個股1. 外資連續買超 5 日的股票(2317) 鴻海、(4938) 和碩、(2888) 新光金、(2891) 中信金、(3037) 欣興2. 外資連續買超 4 日的股票(2317) 鴻海、(4938) 和碩、(2891) 中信金、(2313) 華通、(3037) 欣興3. 外資連續買超 3 日的股票(2317) 鴻海、(2313) 華通、(4938) 和碩、(2891) 中信金、(3037) 欣興4. 外資連續買超 2 日的股票(2891) 中信金、(2317) 鴻海、(4938) 和碩、(2313) 華通、(2449) 京元電子5. 外資當日 (13) 買超的股票(2891) 中信金、(3231) 緯創、(4938) 和碩、(00655L) 國泰中國 A50 正 2、(2890) 永豐金
137,2019/11/14,◆外資連續5日賣超個股,外資連續 5 日賣超個股1. 外資連續賣超 5 日的股票(3481) 群創、(00637L) 元大滬深 300 正 2、(6116) 彩晶、(2884) 玉山金、(2885) 元大金2. 外資連續賣超 4 日的股票(3481) 群創、(00637L) 元大滬深 300 正 2、(2409) 友達、(6116) 彩晶、(2324) 仁寶3. 外資連續賣超 3 日的股票(3481) 群創、(00637L) 元大滬深 300 正 2、(2409) 友達、(6116) 彩晶、(2324) 仁寶4. 外資連續賣超 2 日的股票(3481) 群創、(2409) 友達、(2324) 仁寶、(2884) 玉山金、(2888) 新光金5. 外資當日 (13) 賣超的股票(3481) 群創、(3037) 欣興、(2409) 友達、(2377) 微星、(2892) 第一金
138,2019/11/14,◆投信連續3日買超個股,投信連續 3 日買超個股1. 投信連續買超 3 日的股票(2448) 晶電、(2313) 華通、(2888) 新光金、(3037) 欣興、(3702A) 大聯大甲特2. 投信連續買超 2 日的股票(2448) 晶電、(2313) 華通、(3702A) 大聯大甲特、(3706) 神達、(2886) 兆豐金3. 投信當日 (13) 買超的股票(3702A) 大聯大甲特、(2313) 華通、(2448) 晶電、(3231) 緯創、(2368) 金像電
139,2019/11/14,◆投信連續3日賣超個股,投信連續 3 日賣超個股1. 投信連續賣超 3 日的股票(2392) 金像電、(2892) 大成、(2329) 聯詠、(2337) 富邦金、(3576) 元大台灣 502. 投信連續賣超 2 日的股票(2392) 正崴、(2892) 第一金、(3481) 群創、(2409) 友達、(2329) 華泰3. 投信當日 (13) 賣超的股票(2392) 正崴、(2892) 第一金、(2377) 微星、(3481) 群創、(2409) 友達
140,2019/11/14,【鉅亨-盤前掃瞄】技術面,1.5 日均線 11520.32 點，10 日均線 11521.38 點，20 日均線 11396.07 點。2.6 日 RSI 為 26.84，12 日 RSI 為 60.15。3.20 日乖離率為 0.63。
141,2019/11/14,【鉅亨-盤前掃瞄】基本面,1.13 日交易日以 30.503 兌 1 美元作收，收盤貶 8.1 分，成交值為 10.71 億美元。2. 集中市場 13 日外資賣超 62.6 億元，投信賣超 2.9 億元，自營商買超 9.9 億元。3. 集中市場 13 日融資餘額較前 1 日增加 7.12 億元，成為 1418.07 億元，融券餘額較前 1 日增加 3617 張，成為 844953 張。
142,2019/11/14,台股盤前－美中貿易談判不明朗 多方力守月線支撐,台股昨 (13) 日受美中貿易戰談判進度不明朗，加上港股重挫，失守 11500 點關卡，外資也中止連 22 買，多方氣勢轉趨和緩，惟官股進場穩盤，大盤仍力守月線支撐，法人表示，建議投資人短線宜保守操作，但在個股基本面與第 3 季財報加持下，台股仍將維持高檔格局。美股四大指數昨日收盤表現，上漲 92.1 點或 0.33%，收 27783.59，再創歷史新高；指數下跌 3.99 點或 0.05%，收 8482.1 點；上漲 2.2 點或 0.07%，收 3094.04 點；指數上漲 0.44 點或 0.03%，收 1732.86 點。鴻海昨召開法說會，在蘋果 iPhone 熱銷帶動下，第 3 季毛利率回到 6%，營益率 2.41%，淨利率 2.21%，呈現三率三升，預期第 4 季整體營運仍可優於第 3 季，但去年基期較高，第 4 季及全年營運，仍會較去年衰退。展望未來，鴻海董事長劉揚偉看好 5G 將帶動伺服器、網通、智慧手機等持續成長，力拚 3-5 年內毛利率可望達 10%，也將擴大投資台灣響應台商回台計畫，另外，宣布將斥資 100 億元，取得亞太電私募股 10 億股，參與 5G 頻譜競標，預計持股比重將從 19.7%，攀升至 40.7%。生策會進行第六屆理監事改選，電子科技業大頭進入生策會理事會，在 35 名理事中，拿下 11 席，包含廣達董事長林百里、和碩董事長童子賢、可成董事長洪水樹、緯創董事長林憲銘等皆入列，僅次於醫界代表，占比達 3 成左右，其中，林百里獲理事選舉最高票，可望出任會長，領軍生策會。蘋果無預警於官網釋出全新 16 吋 MacBook Pro，號稱史上最強蘋果筆電，市場預期，台系相關供應鏈可望受惠，包含金屬機殼廠可成、鎧勝 - KY，鍵盤導光板廠茂林 - KY、精元，以及組裝代工廠廣達都可望受惠。法人指出，由於美中貿易談判仍不明朗，美股轉為觀望，加上轉升值氣勢告一段落，惟個股基本面與財報加持，依舊讓台股維持高檔格局，建議短線保守操作。
143,2019/11/14,盤前財經大事搶先讀2019年11月14日,中國 10 月工業生產日本、區第 3 季 GDP美國 10 月 PPI法說會：台橡、可成、普安、同欣電、華上、群電、勤誠、泰昇 - KY、訊芯 - KY增資股上市：瀚宇博、嘉聯益儘管美國總統川普不斷重申美中談判進展順利，兩國即將敲定第一階段協議，《華爾街日報》週三 (13 日) 報導，美中貿易談判在中國購買美國農產品與其他核心問題上觸礁。聯準會主席鮑爾週三 (13 日) 連續兩日前往美國眾議院預算委員會聽證並發表演說，鮑爾演說定調「美國經濟展望」為主軸，首日他重申 10 月利率會議論調。鴻海 () 昨 (13) 日召開法說會，董事長劉揚偉指出，推動數位轉型升級已經 2 個月，效果很好，配合發展電動車、數位醫療、機器人等三大未來應用陸續發酵，3-5 年內毛利率將達 10%。品牌大廠華碩 () 今 (13) 日舉辦線上法說會，展望未來，財務長吳長榮表示，第 4 季仍受美中貿易戰不確定性影響，將積極管控出貨和庫存，預期將影響出貨量與營收，加上 CPU 供貨也有不確定性，預期第 4 季表現將較第 3 季略減，其中預估個人電腦將持平或季減 5%，零組件則將季減 5%。上市建商興富發 () 建案密集入帳告一段落，第 3 季稅後純益 2.45 億元，每股純益為 0.22 元，興富發董事會今 (13) 日並決議，第 3 季盈餘每股擬配發 1 元現金股利，明年 2 月 20 日除息交易，3 月 16 日發放。
144,2019/11/14,5G助攻 力旺明年營運可望優今年,IP 廠力旺 () 13 日舉辦法說會，總經理沈世傑表示，明年在 5G 推升下，OLED 驅動 IC、PMIC(電源管理 IC) 需求強勁，其中，力旺打入韓國 OLED 面板大廠供應鏈，銷售單價、市占同步看增，電源管理 IC 則受惠 5G 手機、在 IDM 廠享有更高市占率，雙引擎驅動下，明年將恢復成長。沈世傑指出，今年由於驅動 IC 庫存調整影響，營運不如預期，但 10 月來自主要晶圓代工客戶的權利金月增 27%，帶動營收月增率達 728%，象徵動能正逐漸恢復，且預計明年 DRAM、網通的需求將持續增加。沈世傑表示，NeoFuse、NeoPUF 可望隨著先進製程的比重增加，加上更全面的 IP 組合，授權金明年可望持續成長，其中，NeoFuse 已被應用在 CIS(CMOS 感測器)，提供高度圖像辨識功能，NeoPUF 則布局先進製程的系統單晶片、AIoT 相關晶片及嵌入式 Flash 平台，目前已積極與主要客戶洽談，預計明年 2 樣產品皆可見到營收貢獻。新技術方面，力旺與主力晶圓代工客戶，共同開發 6 奈米及 5 奈米 Plus 的技術，預計可繼續保持領先。回顧第 3 季，力旺因客戶訂單推遲至第 4 季出貨，NeoFuse 授權金營收季減 26.9%，年增 25.8%，占整體授權金的 46.4%，權利金營收則季減 2.2%，年增 31.4%，約占整體權利金的 20.1%。NeoEE、NeoMTP 則因指紋辨識客戶處於新舊產品過渡期，故授權金營收季增 80%，年減 43.7%，至於新產品 NeoPUF，目前仍在發展中，因此尚未貢獻權利金營收。細分第 3 季權利金的晶圓布局來看，8 吋晶圓營收季減 2.7%，年增 6.6%，比重達 66.9%，12 吋晶圓季增 49.5%，年減 34.2%，營收比重約 33.1%，12 吋季成長的主要動能來自 2 間晶圓代工每半年一次的權利金，較去年衰退則是因驅動 IC 客戶庫存進行調整。
145,2019/11/14,〈鴻海法說〉半導體將攻3D封裝 SoC將隨8K、車用發展逐漸發酵,鴻海 () 半導體布局外界高度關注，董事長劉揚偉強調，3-5 年內不會進入製造與手機處理器領域，將朝 3D 封裝、IC 設計方向走，產品應用涵蓋驅動 IC、電源 IC，至於系統單晶片 (SoC) 則將隨 8K、車載等趨勢應用逐漸發酵。劉揚偉重申，鴻海 3-5 年內，要從勞力密集發展至腦力密集、技術密集，因此半導體領域不會進入重資產製造領域，發展將配合集團電動車、智慧醫療、機器人等 3 大應用。不過，他強調，未來也不會進入手機處理器應用，因為手機年複合成長率已放緩，此時進入市場，鴻海及現有供應商都不會有好處。劉揚偉表示，鴻海半導體一個軸線將朝封裝發展，集團過去在面板級封裝 (PLP) 累積一定經驗及合作夥伴，PLP 可看成是 SMT 的縮小版，將對未來製造業帶來很大的變化，未來也會朝 3D 封裝發展。此外另一個軸線，劉揚偉表示，IC 設計將以售價 2 美元以下的小 IC 為主，目前有驅動、電源應用 IC，而大顆的 SoC 則以 8K、車載等應用為主，還預計隨趨勢應用帶動，布局將逐步顯現。至於其他新事業方面，劉揚偉表示，電動車不會進入整車生產，聚焦在平台、模組，造車會交由客戶負責，另外，他也透露，明年可望進入至會穿戴裝置的領域，如 AR 智慧眼鏡等。
146,2019/11/14,〈鴻海法說〉將大幅投資台灣 威州廠人力招聘也達標,鴻海 () 13 日召開法說會，外界關注貿易戰及鴻海全球布局，董事長劉揚偉表示，貿易戰比較像心理戰，接下來鴻海在台灣會持續有較顯著的投資力道，中國以外投資比例也將增加，至於美國威州廠則按進度推進，今年人力招聘目標將可順利達標。劉揚偉表示，美中貿易戰需要心理學家來做判斷，現在看起來心理戰層面較大，貿易戰反而較小，只能看雙方是不是持續談判，將是心理層面上的大考驗。劉揚偉也坦言，鴻海已加強中國以外的投資，尤其是台灣，接下來會較顯著擴大投資，也會響應經濟部的台商回台投資計畫；至於東南亞的印度及越南方面，近 2 年也分別投資 110 億元、63 億元，進度「不落人後」，後續也將依客戶需求調整產能。至於美國威州投資案，鴻海副董事長李傑表示，威州發展目標有 3 個 B，建設 (Building)、人力 (Body)、業務 (Business)，建設目前按照計畫進行，最大廠在上周已封頂，資料中心、高速運算中心也都按照計畫進行。李傑進一步指出，人力今年也可以達到招聘 520 名的目標，也啟動產學合作計畫，全面性培養人才；業務方面，李傑強調，美國市場很大，因此不會單純走智能製造，還要走智能製造的科技服務，包含 5G、資料中心、高速運算等應用都是商機。
147,2019/11/14,〈華碩法說〉估明年電競筆電出貨年增15-20% 優市場平均,品牌大廠華碩 () 召開線上法說，展望未來，華碩預期，仍由電競、輕薄筆電兩大動能帶動，估明年電競筆電將雙位數成長，達 15-20%，優於市場平均，此外，今年獨立出來的創作者系列，營收占比也可望成長達 7-9%。華碩共同執行長胡書賓表示，今年前 3 季輕薄筆電營收占比達 58%、年增 16 個百分點，出貨量年增 37%，優於市場的 28%，也在東南亞各國、法國拿下市占第一，電競筆電則占營收占比達 15%，出貨量同樣優於市場的 9%，年增 17%。展望未來，胡書賓表示，預期明年電競筆電市場成長將逐步收斂，維持年增個位數，但華碩明年仍以超越市場平均為目標，出貨量可望年增 15-20%。創作者系列方面，胡書賓指出，華碩 2011 年就開始布局創作者市場，加上今年成立 ProArt 獨立子品牌，推出全系列產品可望擴大通路，預期明年創作者系列占營收比重將達 7-9%。面對英特爾 CPU 再傳缺貨問題，胡書賓表示，預期到明年第 1 季都將會有缺貨情況，將透過產品開發、布局，適時做好彈性因應。手機方面，共同執行長許先越表示，舊手機持續去化庫存中，預期最慢明年第 2 季就會去化完畢，至於今年推出的旗艦機 ZenFone 6、電競手機 ROG Phone II，第 3 季仍呈現虧損，許先越強調，當初手機業務轉型設定為 3 年計畫，今年只是起步，且符合公司原先預期，預期明年新手機在搭載 5G 功能後，將有助手機事業轉虧為盈。法人也關注子公司亞旭電腦虧損狀況，胡書賓表示，今年以來，亞旭積極調整人力、產線布局，並為明年布局，拓展 5G LTE、微型基地台 (Small Cell) 業務， 虧損情況逐步改善，有信心明年可達到損益兩平或小幅獲利。
148,2019/11/13,和碩處分立訊精密持股 挹注處分利益6.08億元,和碩 () 今 (13) 日公告，為實現投資收益，已於 10 月 25 日至 11 月 13 日，以每單位價格 135.8 至 152 元，出售蘋果 AirPods 組裝廠立訊精密持股 679.6 萬股，處分利益為 6.08 億元，將挹注第 4 季業外表現。根據公告，截至目前為止，和碩仍持有立訊精密 3533 萬股，持股比例為 0.66%。立訊精密為蘋果 AirPods 組裝廠之一，受惠蘋果新品需求強勁，今年業績表現可期，和碩同樣受惠於蘋果 iPhone 11 熱銷，第 3 季毛利率、營益率、純益皆創近 15 季新高，預期手機、平板等非資訊產品動能帶動，第 4 季營收將優於第 3 季和碩董事長童子賢日前也表示，產業今年全年表現不會比去年差，雖然今年以來受美中貿易摩擦、地緣政治等因素影響，廠商忙於調整產能，但預期今年可望平穩度過。展望第 4 季，童子賢表示，第 4 季前半段仍在旺季需求尾巴，但 11、12 月需求將緩步下滑，不過今年和碩與客戶溝通，在控管人員、調整生產成本、稼動率上，今年整體調整比去年好很多，未來也將朝此方向努力，至於明年，則要再觀望全球政經局勢變化。和碩第 3 季稅後純益 62.97 億元，季增 81.74%、年增 122.49%，每股純益 2.41 元，稅後純益、每股純益皆創下近 15 季新高。今年前 3 季稅後純益 110.93 億元，年增 0.27%，每股純益 4.25 元。
149,2019/11/13,潤泰全業外好賺 前三季每股純益衝上18.95元 超越去年全年,潤泰全 () 今 (13) 日公布第三季財報，受惠轉投資南山人壽和潤泰新挹注業外，獲利亮眼，單季稅後純益 42.1 億元，年增 43.88%，每股純益衝上 7.91 元，累計前三季稅後純益達 100.89 億元，每股純益 18.95 元，已超越去年全年每股純益 13.55 元。潤泰全第三季合併營收 7.74 億元，年減逾 50%，不過，由於公司已轉型為控股角色，主要獲利來自持股 26.67% 南山人壽，以及持股 25.7% 潤泰新。由於南山人壽今年有股票和債市的資本利得，獲利表現亮眼，第三季稅後純益達 165 億元，前三季稅後純益 387 億元，明顯優於過去一年平均獲利約 200-270 億元，挹注潤泰全業外，第三季採權益法認列關聯企業和合資損益淨額達 43.52 億元，較去年同期大增 55%。不過，法人認為，南山人壽投資收益主要以股債較多，不動產收益相對少，獲利相對波動大，展望 2020 年的後續貢獻，尚有待觀察。
150,2019/11/13,全家攻健康鮮食版圖 將推新形態專賣店,隨著台灣人口趨於熟齡化，健康飲食市場逐漸擴大，連鎖超商全家 () 瞄準此市場需求積極開發相關產品，今 (13) 日宣示線上線下皆將朝此方向前進，旗下電商平台全家行動購設立健康專區「簡法食代」，同時正規畫推出以全系列少添加冷凍即時料理包為主力商品的新形態店。全家去年起成為首家導入 Clean Label 潔淨標示認證的大型連鎖業，積極推廣食品少添加，目前通過 Clean Label 少添加標示認證的成品達 230 項食品，據全家統計，共創造逾 50 億元營收。全家董事長葉榮廷進一步說明，健康是食品連鎖零售業迎來最重要的趨勢之一，除了少添加產品系列，正整合虛實賣場以更加全面性的健康食材和料理，包括旗下電商平台全家行動購設立健康專區「簡法食代」，同時正規劃全系列的少添加、簡便覆熱家庭料理和新型態店舖。據東方線上「2019 台灣消費者飲食行為市調」顯示，在食安風暴後，超過 9 成消費者重視飲食少添加、無添加，但卻只有不到 2 成的消費者可以買到所需要的少添加食品，代表目前市場仍有高達 7 成的少添加食品缺口，其中，鮮奶、即食鮮食、烘焙食品的需求最高，且高達 8 成受訪民眾甚至願意多花 10% 以上的費用購買相關商品。葉榮廷說明，自去年號召超過百家廠商參與第一屆 Clean Label 少添加食品產業聯盟，至今總計已有 31 家供應商夥伴，如南僑油脂、可果美等，為了加速削減添加物的目標，全家自主盤點鮮食主要使用的 800 種原物料，全數以 Clean Label 認證的規範水準為主，預計至今年底，將會有近 600 種原物料可全數比照 Clean Label 標準。
151,2019/11/13,〈華碩法說〉貿易戰+CPU缺貨影響 Q4營運估下滑,品牌大廠華碩 () 今 (13) 日舉辦線上法說會，展望未來，財務長吳長榮表示，第 4 季仍受美中貿易戰不確定性影響，將積極管控出貨和庫存，預期將影響出貨量與營收，加上 CPU 供貨也有不確定性，預期第 4 季表現將較第 3 季略減，其中預估個人電腦將持平或季減 5%，零組件則將季減 5%。吳長榮表示，受歐洲及亞太市場出貨動能優於預期，電競產品及筆電需求強勁，加上認列原物料跌價損失的迴轉利益，帶動品牌整體第 3 季營運優於預期，未來將持續推動新品循環、舊機種去化，並改善產品組合，預期對營運有正向影響。展望第 4 季，吳長榮指出，產業仍受美中貿易戰等短期因素，將積極管控中國出貨、庫存，預期出貨、營收皆會小幅下滑，另外英特爾 CPU 處理器供貨問題，也是短期營運較大風險。吳長榮表示，預期第 4 季出貨表現，個人電腦將持平或季減 5%，零組件則將季減 5%。華碩今也公告，為創造更大價值及擴展營運範疇，決議將由謝明傑及許祐嘉接任開放平台事業群共同總經理，並成立智慧物聯網事業群，由張權德及許祐嘉擔任事業群共同總經理，針對智慧製造、智慧醫療、智慧城市等方面發展。另一方面，華碩耗時 2 年打造的新企業總部立功大樓今正式啟用，也獲頒美國建築級綠建築認證。
152,2019/11/13,〈鴻海加碼亞太電〉5G商機不會放棄 集團擁衛星通訊技術 發展6G有優勢,鴻海 () 今 (13) 日召開法說會，外資法人關注加碼亞太電 () 一事，對此，鴻海董事長劉揚偉強調，5G 市場規模達 13 兆元「不會放棄機會」，且不只 5G，鴻海集團在衛星通訊領域早有佈局，在 6G 發展上將有領先優勢。鴻海今日宣布，斥資 100 億元參與亞太電的增資，劉揚偉強調，將著重在 5G 建設，因為 5G 帶來很多新的商機，規模上看 13 兆元，5G 的高速、低延遲、覆蓋面積廣的特性，將使鴻海有更多的產品應用、加值服務，因此不會放棄 5G 這個機會。此外，劉揚偉也提到專網、專頻的新商業模式，他認為，各式各樣的商業生活會因為 5G 變得可能，以往亞太電跟鴻海的合作上面，智慧生活有很多應用，但 4G 的網路限制，大家還感受不到。且不只 5G，劉揚偉更看好鴻海在 6G 的發展，他強調，鴻海集團在衛星通訊領域早有佈局，在 6G 發展上相對來說有優勢，擁有領先的地位，據了解，目前泛鴻海集團中，網通廠台揚以及建漢在衛星通訊應用都有著墨。
153,2019/11/13,外資轉賣 官股券商買超13億元 為穩盤暖身,台股今 (13) 日在外資反手轉賣與投資心態持續觀望，終場量縮走跌，下跌 52 點收在 11467 點，失守 11500 點關卡，為抵禦獲利了結賣壓，公股買盤今天進場穩盤，單日買超金額 13.08 億元，是 11 月以來首次單日買超金額超過 10 億元。美中貿易談判雖朝和談方向發展，但美國總統川普揚言，如果無法達成協議，將調高關稅因應，消息面干擾讓美股四大指數最後平盤作收，外資終止連 22 買，反手賣超 62.6 億元，投信也小幅賣超 2.9 億元，自營商買超近 10 億元。在熱錢湧進挹注下，台股靠台積電領軍指數一路攻高，衝上 11600 點關卡，隨後在內資獲利了結賣壓下指數雖拉回整理，但仍力守月線，隨著外資反手轉賣，官股券商盤中也開始進場低接穩盤。觀察今天官股券商進出動態，鎖定權值股中華電、鴻海、南亞科，金融股中有改選題材的彰銀仍是官股券商追捧重點，前五大買超主力公股券商就包辦前三名，分別為兆豐證券、合庫、台銀證券，透露公股積極籌備彰銀改選籌碼。至於今天有併購題材優勢的被動元件，帶動股價持續衝高，包括漲停的國巨、指標類股華新科等，官股券商趁今天股價上漲時逢高獲利了結。法人表示，外資在連續 22 天買超後，由貶轉升，透露外資有退潮跡象，加上台股逢高技術指標過熱，預期短線將持續震盪整理，部分漲多個股恐面臨修正拉回壓力。
154,2019/11/13,興富發Q3每股純益0.22元 擬配1元股利 明年2/20除息,上市建商興富發 () 建案密集入帳告一段落，第 3 季稅後純益 2.45 億元，每股純益為 0.22 元，興富發董事會今 (13) 日並決議，第 3 季盈餘每股擬配發 1 元現金股利，明年 2 月 20 日除息交易，3 月 16 日發放。興富發 2019 年第 3 季營收為 33.97 億元，毛利率 32.27%，季增 2.99 個百分點，年增 3.98 個百分點，稅後純益為 2.45 億元，季減 14.32%，年減 81.2%，每股純益為 0.22 元興富發 2019 年前 3 季財報，營收 172.26 億元，毛利率 30.07%，年減 1 個百分點，稅後純益達 23.45 億元、年減 52.8%，每股稅後純益達 2.06 元。興富發 10 月營收為 15.01 億元，月增 2.06%，年減 43.95%，累計 1-10 月營收為 18.27 億元，年減 47.48%。
155,2019/11/13,鮮活果汁Q3營收、獲利雙創新高 前3季EPS 13.66元,鮮活果汁 - KY() 今 (13) 日公布最新財報，在積極擴充產能及新風味產品帶動下，第 3 季營收及獲利同創新高，稅後純益 1.86 億元，每股純益為 5.5 元，累計前 3 季稅後純益 4.62 億元，年增 20.52%，超過去年全年獲利，每股純益達 13.66 元。鮮活果汁第 3 季營收 11.08 億元，毛利率 39.56%，創單季新高，季增 0.01 個百分點，年增 1.55 個百分點，稅後純益為 1.86 億元，季增 0.74%，年增 15.09%，每股純益為 5.5 元，鮮活果汁 2019 年前 3 季營收 28.38 億元，毛利率 38.69%，年增 3.21 個百分點，稅後純益 4.62 億元，年增 20.52%，已超過去年全年獲利，每股純益達 13.66 元。鮮活果汁 10 月營收已因旺季結束而逐步走淡，營收達 1.92 億元，月減 51.64%，年增 22.31%，累計前 10 月營收為 30.29 億元，年增 7.38%。鮮活果汁主管指出，公司成立以來保持少量多樣客製化的營運模式，在產品研發優勢下仍維持高品質，近年再採取與客戶共同研發、獨家供應的模式，持續推升高毛利產品出貨成長。在外部環境部份，鮮活果汁指出，中國手搖茶飲市場方興未艾，再有中國大陸餐飲消費市場點評、外送平台的推波助瀾，且中國消費健康意識抬頭，促使鮮活產品在競爭激烈的手搖茶飲市場更突顯差異性與優勢，帶動今年公司營運表現持續攀高。
156,2019/11/13,富邦人壽響應前瞻計畫 備妥56.25億元投資台灣基礎設施有限合夥,富邦金 () 今 (13) 日宣布，為響應政府前瞻計畫，旗下富邦人壽今日經董事會通過，將投資台灣基礎設施有限合夥，成為其有限合夥人，投資上限不超過新臺幣 56.25 億元。富邦金發言人陳昭如表示，政府積極推動「前瞻基礎建設計畫」，包含建構安全便捷的軌道建設、因應氣候變遷的水環境建設、促進環境永續的綠能建設、營造智慧國土的數位建設、加強區域均衡的城鄉建設等五大建設，以打造未來 30 年國家發展需要的基礎建設。陳昭如進一步表示，台灣基礎設施有限合夥是以台灣的電力及公用設施、環境基礎設施及其他基礎設施為主要投資範疇，投資領域呼應政府的「前瞻基礎建設計畫」，將有助於改善國內整體基礎設施。由於壽險業投資須兼顧收益率，陳昭如表示，台灣基礎設施有限合夥因具有相關的政策配套措施，能為投資方帶來穩定的投資收益；且其投資團隊在亞洲基礎建設的投資經驗豐富，透過推動增長、營運與財務績效並降低風險等策略，為投資人創造較佳的投資收益，因此獲得董事會討論通過成為台灣基礎設施有限合夥的有限合夥人。陳昭如指出，富邦人壽支持政府鼓勵長期資金投入至基礎設施領域，期能為國內基礎設施發展貢獻心力，及獲取長期穩定的投資收益，此次投資台灣基礎設施有限合夥的投資上限不超過新臺幣 56.25 億元，為一次承諾，分次繳款。
157,2019/11/13,◆投信連續3日賣超個股,投信連續 3 日賣超個股1. 投信連續賣超 3 日的股票(2392) 金像電、(2892) 大成、(2329) 聯詠、(2337) 富邦金、(3576) 元大台灣 502. 投信連續賣超 2 日的股票(2392) 正崴、(2892) 第一金、(3481) 群創、(2409) 友達、(2329) 華泰3. 投信當日 (13) 賣超的股票(2392) 正崴、(2892) 第一金、(2377) 微星、(3481) 群創、(2409) 友達
158,2019/11/13,◆投信連續3日買超個股,投信連續 3 日買超個股1. 投信連續買超 3 日的股票(2448) 晶電、(2313) 華通、(2888) 新光金、(3037) 欣興、(3702A) 大聯大甲特2. 投信連續買超 2 日的股票(2448) 晶電、(2313) 華通、(3702A) 大聯大甲特、(3706) 神達、(2886) 兆豐金3. 投信當日 (13) 買超的股票(3702A) 大聯大甲特、(2313) 華通、(2448) 晶電、(3231) 緯創、(2368) 金像電
159,2019/11/13,◆外資連續5日賣超個股,外資連續 5 日賣超個股1. 外資連續賣超 5 日的股票(3481) 群創、(00637L) 元大滬深 300 正 2、(6116) 彩晶、(2884) 玉山金、(2885) 元大金2. 外資連續賣超 4 日的股票(3481) 群創、(00637L) 元大滬深 300 正 2、(2409) 友達、(6116) 彩晶、(2324) 仁寶3. 外資連續賣超 3 日的股票(3481) 群創、(00637L) 元大滬深 300 正 2、(2409) 友達、(6116) 彩晶、(2324) 仁寶4. 外資連續賣超 2 日的股票(3481) 群創、(2409) 友達、(2324) 仁寶、(2884) 玉山金、(2888) 新光金5. 外資當日 (13) 賣超的股票(3481) 群創、(3037) 欣興、(2409) 友達、(2377) 微星、(2892) 第一金
160,2019/11/13,◆外資連續5日買超個股,外資連續 5 日買超個股1. 外資連續買超 5 日的股票(2317) 鴻海、(4938) 和碩、(2888) 新光金、(2891) 中信金、(3037) 欣興2. 外資連續買超 4 日的股票(2317) 鴻海、(4938) 和碩、(2891) 中信金、(2313) 華通、(3037) 欣興3. 外資連續買超 3 日的股票(2317) 鴻海、(2313) 華通、(4938) 和碩、(2891) 中信金、(3037) 欣興4. 外資連續買超 2 日的股票(2891) 中信金、(2317) 鴻海、(4938) 和碩、(2313) 華通、(2449) 京元電子5. 外資當日 (13) 買超的股票(2891) 中信金、(3231) 緯創、(4938) 和碩、(00655L) 國泰中國 A50 正 2、(2890) 永豐金
161,2019/11/13,三大科學園區前8月營收微增0.3% 電腦及周邊產業最亮眼,儘管全球景氣遭遇美中貿易戰干擾，但根據科技部統計，今年 1-8 月三大科學園區 (竹科、中科、南科) 營業額達 1 兆 6665 億元，年增 0.3%，仍呈現正成長，其中，電腦及周邊產業受惠台商產能回流及轉單效應，年增近 9 成表現最亮眼。主計總處表示，受美中貿易紛擾及全球政經局勢不穩影響，台灣各產業營業額互有消長，根據統計，今年 1-8 月三大科學園區營業額為 1 兆 6665 億元，較去年同期微增 0.3%，仍呈現正成長。就產業別觀察，積體電路產業占比最大 (約 68%)，年增 0.5%；電腦及周邊產業 (占約 3%) 受惠台商產能回流及轉單效應，年增率高達 87.2%；光電及精密機械則均減少。以園區別來看，竹科營業額 7027 億元居首 (占 42.2%)，年增 1.1%；中科因先進奈米製程量產，營業額 4947 億元，年增 10.8%，增幅最大；南科則受面板產業供給過多，加上部分半導體 7 奈米製程主要在中科等影響，營業額衰退 9.8%。三大科學園區截至 10 月底，已入區登記廠商共計 853 家，較去年同月底增 6 家，其中以竹科 514 家最多；從業員工共計 27.9 萬人，年增 4350 人 (1.6%)，其中以竹科 15.2 萬人居首，占比 達 54.6%，增幅以中科員工增加 3153 人 (6.7%) 最多。
162,2019/11/13,〈廣達法說〉看好量子電腦未來發展 將帶動雲端伺服器成長,廣達 () 今 (13) 日舉辦法說會，對於市場傳出將放棄代工穿戴式裝置，廣達重申不評論市場傳聞，強調每一項產品都會經過審慎評估，另一方面，廣達也看好未來 10 年量子電腦發展，可望帶動雲端伺服器需求提升。副董事長梁次震表示，對於市場傳出將放棄代工穿戴式裝置，廣達並沒有說要退出或放棄穿戴式市場，對每一樣產品都將審慎評估，只要有獲益的都不會放棄。隨著 IBM、Google 近期提出量子電腦的願景，廣達董事長林百里表示，預期 10 年內世界可能就會進入量子電腦時代，由於運算更加複雜，需要接收的資料也更多，將有利廣達在雲端的發展。Google 日前在《Nature》發表一篇論文指出，可以在真實世界系統裡實現量子加速 (Quantum speedup)，對於目前超級電腦需要約 1 萬年才能計算出來的答案，量子電腦僅需 200 秒就能完成。面對未來科技發展，林百里表示，將帶領廣達扮演好研發型公司的角色，他也再次強調，未來科技是一架飛機，將由雲端、AI、5G、物聯網推動，並不容易受總體經濟影響，預期未來幾年 AI、5G 將成為大國在國防、國力的競爭項目，也看好智慧製造、智慧醫療、智慧城市發展上，仍有很大的發展空間、待突破的技術。
163,2019/11/13,勤誠前3季獲利攀新高 EPS 5.16元,伺服器機殼廠勤誠 () 今 (13) 日公布財報，第 3 季稅後純益 2.36 億元，季增 21.02%，年增 28.96%，每股純益 1.97 元，前 3 季稅後純益 6.17 億元，年增 66.76%，創歷史新高，每股純益 5.16 元，同創歷史新高。勤誠第 3 季合併營收 17.04 億元，季增 13.37%，年減 0.7%，毛利率 31.04%，季增 0.05 個百分點，年增 4.87 個百分點，營益率 17.26%，季增 2.19 個百分點，年增 3.63 個百分點，稅後純益 2.36 億元，季增 21.02%，年增 28.96%，每股稅後純益 1.97 元。勤誠前 3 季合併營收 47.67 億元，年增 4.08%，毛利率 30.52%，年增 6.29 個百分點，營益率 16.38%，年增 5.75 個百分點，稅後純益 6.17 億元，年增 66.76%，每股稅後純益 5.16 元。勤誠第 3 季仍受美中貿易戰影響，營收較去年相比仍衰退，不過，獲利在產品組合優化下，前 3 季每股純益 5.16 元，已與去年全年 5.36 元相當。
164,2019/11/13,玉晶光Q3賺逾一股本 前3季EPS 15.13元 積極擴產中,蘋果新 iPhone 手機零組件拉貨急切，光學元件廠獲多鏡頭設計加持，營收動能升溫，大立光 () 及玉晶光 () 第 3 季業績表現亮眼，玉晶光今 (13) 日公布財報，第 3 季單季賺回超過一個股本，每股純益 12.9 元，前 3 季稅後純益達 15.24 億元，每股純益 15.13 元。大立光前 3 季稅後純益為 201.7 億元，年增 12.73%，每股純益為 150.37 元。玉晶光 2019 年第 3 季營收 50.57 億元創新高，毛利率 49.27% 也創新高，季增 8.1 個百分點，年增 11.52 個百分點，稅後純益為 13.01 億元，創新高，季增 4.96 倍，年增 3.77 倍，每股純益為 12.9 元。玉晶光 2019 年前 3 季營收 82.65 億元，毛利率 45.3%，年增 5.67 個百分點，稅後益達 15.24 億元，年增 2.12 倍，每股純益 15.13 元。玉晶光主管指出，第 3 季毛利率達 49.27%，受惠生產良率提高，產能達經濟規模帶動。玉晶光客戶拉貨高峰已過，第 4 季營收預估可能修正，對於明年的市場需求看法仍正向，將加速擴充產能因應客戶需求，擴充的新產能最快明年底開出。此外，玉晶光處分中科廠房給矽品案，預計第 4 季完成交割入帳，預估可貢獻每股純益約 2.9 元。玉晶光擬發行 1 萬張現增，現增股以每股 355 元發行，擬募資 35.5 億元，現增案已在 11 月 4 日除權，現增募集資金將部分投入中國廠的產能擴充。股王大立光第 3 季營收為 184.83 億元，創新高，毛利率 69.11%，季減 0.48 個百分點，年減 2.19 個百分點，單季稅後純益為 85.65 億元，每股純益為 63.85 元，為歷史次高。大立光累計 2019 年前 3 季營收為 423.88 億元，毛利率 68.15%，年減 0.43 個百分點，稅後純益為 201.7 億元，年增 12.73%，每股純益為 150.37 元。
165,2019/11/13,〈鴻海法說〉搭三大趨勢應用 3-5年內毛利率目標上看10%,鴻海 () 今 (13) 日召開法說會，董事長劉揚偉指出，推動數位轉型升級已經 2 個月，效果很好，配合發展電動車、數位醫療、機器人等三大未來應用陸續發酵，3-5 年內毛利率將達 10%。劉揚偉表示，數位優化工業 4.0 不同，工業 4.0 聚焦在工廠運營管理，目前鴻海數位優化分三階段，富士康 1.0 是目前現況優化、2.0 是數位轉型、3.0 則是轉型升級。劉揚偉表示，富士康 1.0 的部分，聚焦分工、分享及興利、除弊，鴻海體系共有 300 多家子公司，把中央跟子公司的分工劃分更好，同時分享資訊及成果，將興建中央 IT 高速公路，讓廠區連接更有效率。至於興利，透過加強採購流程、降低成本，除弊則是導入系統化，排除人性影響，降低錯誤就能提升獲利。富士康 2.0 是現階段國際大廠在做的部分，但成功的廠商只有 3 成，這工作會持續下去，目前已推動了 8 個禮拜，效果很好，會持續推動下去。其中，智能決策、顧客一站式體驗，都要透過數位轉型建立起來，不只是建設，還包含鴻海組織及文化的轉型。至於富士康 3.0，劉揚偉強調，將聚焦電動車 (EV)、數位醫療、機器人等 3 大未來趨勢產業，同時強化發展人工智慧 (AI)、半導體、5G/6G 3 大核心技術發展。劉揚偉強調，3 大產業到 2025 年市場規模將達 1.2 兆美元，年複合成長率都在 20-30% 以上，目前正在成長期，鴻海有很多機會，目標 2025 年市占率要達 1 成。劉揚偉也透露，預計最快年底到明年第 1 季就會有成果出來，配合數位轉型同步推進，3-5 年毛利率目標衝上 10%。
166,2019/11/13,政院拍板 捷運三鶯線延伸八德段拚9年內完工,桃園市政府宣布，捷運三鶯線延伸桃園八德段可行性研究，今 (13) 日正式獲得行政院核可，預計 2 年內完成綜合規劃核定，並於核定後 7 年完工，總經費約 116.41 億元，通車後可望紓解八德、鶯歌、三峽及土城的通勤人潮，北北桃共同生活圈將逐步實現。桃園市捷運工程局長陳文德表示，行政院今天正式核定捷運三鶯線延伸八德段可行性研究，將接續辦理綜合規劃、環境影響評估及都市計畫變更等工作；計畫總經費約 116.41 億元，中央補助 50.85 億元，桃市府分攤 65.56 億元，自償率 30.07%。陳文德指出，捷運三鶯延伸八德段全長約 3.9 公里，設置 2 站，路線起點在三鶯線鶯桃福德站 (LB12 站)，以高架方式沿著八德區和強路至介壽路新闢道路，行經八德非都市計畫農業區轉為地下，銜接桃園捷運綠線 G04 站。新北市捷運三鶯主線預計在 2023 年底通車，三鶯延伸八德段可望在 2021 年完成綜合規畫核定，可銜接上捷運三鶯線主線工程機電系統的施工，使全線機電系統一致性；捷運工程局預計綜合規劃核定後 7 年完工，通車後可望紓解八德、鶯歌、三峽及土城的通勤人潮，北北桃共同生活圈將逐步實現。
167,2019/11/13,敬鵬Q3獲利回升 創近4季新高 前3季EPS 1.2元,今年以來全球車市銷售不振，敬鵬 () 今 (13) 日公布最新財報，第 3 季稅後純益為 3.16 億元，為近 4 季最好，每股純益 0.8 元，累計前 3 季稅後純益 4.77 億元，年增 602 倍，每股 1.2 元。敬鵬今年第 3 季營收 43.26 億元，產能利用率維持 8 成，毛利率 8.7%，季增 0.6 個百分點，年減 2.52 個百分點，稅後純益為 3.16 億元，季增 1.67 倍，年減 34.03%，為近 4 季新高，單季每股純益 0.8 元。敬鵬今年前 3 季營收 134.91 億元，毛利率 7.62%，年減 3.09 個百分點，稅後純益 4.77 億元，年增 602 倍，每股純益 1.2 元。敬鵬主管指出，第 3 季本業獲利微增，毛利率 8.7%，季增 0.6 個百分點，營業利益 1.06 億元，較上季增加 28.95%，另外第 3 季也認列部分去年平鎮廠火警部分保險理賠金額，約 3.5 億元。敬鵬桃園平鎮廠去年 4 月底火災理賠，產險業估約 11 億元，但敬鵬主管指出，火警理賠金額部分是依照重置價格進一步認定，目前仍難估算，除第 3 季認列的 3.5 億元，其餘理賠金額將待下一季進行設備重置、有資本支出時認列。敬鵬目前產能利用率維持 8 成，今年前 3 季產品應用別來看，汽車板占整體營收比重 80%，通訊板 3%，消費電子 5%，工業控制板 11%，其他產品為 1%；除汽車板外，敬鵬接單策略上，明年將擴大工業控制板接單，分散產品集中度。除敬鵬外，先豐 () 也都在第 4 季見到汽車板訂單回溫，敬鵬 10 月營收 15.42 億元，月增 7.48%，年減 1.11%，敬鵬主管指出，第 4 季訂單已見回溫，11 月接單也回升，將持續觀察汽車電子對產品的去化速度。敬鵬 10 月營收 15.42 億元，月增 7.48%，年減 1.11%，為 6 月以來新高點，累計前 10 月營收 150.43 億元，年減 13.17%。
168,2019/11/13,〈機器人理財論壇〉智能投資夯 估5-10年出現全自動化理財服務,鉅亨網今 (13) 日舉行「金融科技 刷新未來｜第二屆機器人理財論壇」，與會來賓提到金融科技革命正在改變市場，智能投資愈來愈流行，但機器人理財並不保證獲利，應該打破此迷思，智能投資平台降低風險勝於獲利，也因為機器學習仍存在盲點，預估未來 5~10 年才有可能出現安全、全自動化的機器人理財服務。今年論壇由資誠創新諮詢公司董事長劉鏡清、國泰智能投資團隊康利資產管理公司副總裁倪智承及元大投信指數暨量化投資事業群經理邱鉦淵，分別就「AI 人工智慧，迎來金融的轉型機會」、「大數據智能運算，顛覆了傳統交易方式」、「智能投資普及化，幫你創造不凡人生」等三大議題進行專題演講，除了深入探討智能理財的趨勢外，也希望協助投資人打破理財迷思，同時，三位講者也與鉅亨網總經理楊定國，進行頂尖交流對話。面對 AI 投資理財大趨勢，資誠創新諮詢公司董事長劉鏡清表示，金融科技公司和其他新進入者正在侵蝕傳統市場份額，銀行越來越注重「留客戰略」，而不僅僅是爭取新客戶，而競爭最激烈的客群是富裕、新興的富裕、小型企業和千禧世代，市場也因此從全通路模式慢慢轉變到數位通路模式。劉鏡清認為，數位財務管理是傳統大銀行與數位金融機構的必爭之地，而客戶體驗與系統運作扮演成敗關鍵。因此，在數位化過程中，銀行應該建立 6 大競爭優勢，包括：「整合客戶為核心的生態系統、預測客戶及洞察潛在客戶、全通路客戶體驗、先進的風險管理及符規、專注於最佳化數位體驗的運作模式、敏捷的文化及快速上市的運算方法」。不過，劉鏡清也指出，目前機器學習仍存在盲點，因此現今機器人理財尚無法做到全自動，仍有賴於人的介入，唯有透過「人機整合」的機器人理財，會較有保障，也較為完整，預估未來 5~10 年才有可能出現安全、全自動化的機器人理財服務。國泰智能投資團隊康利資產管理公司副總裁倪智承指出，近幾年市場和經濟不確定性大增，投資人或是專業經理人都很難預測市場波動漲幅，而智能投資的問世，民眾不需要對個股有深入的專業知識，僅須了解機器人理財平台的運作模式和特性，個股和資產類別的分析交由各領域專家代管即可。以海外機器人理財發展經驗來看，從了解客戶投資理財需求開始，到線上簡便完成開戶、提供投資組合建議、直接下單；或是直接採用機器人理財公司提供的投資組合，到因應市場變動可以自動再平衡（rebalance），調整投資組合等程序，都將吸引更多投資人採用。倪智承表示，藉由智能投資平台動態分散和再平衡資產類別，挑選績優基金經理人，可以增加 alpha 機會。以國泰智能投資平台來說，透過投資風險屬性分析，協助投資人篩選出資產配置商品組合，一旦市場遇到震盪，投資組合失衡，也會發出再平衡機制通知，提醒投資人重新檢視資產組合，同時也會針對投資組合提供調整方向。投資講求分散風險，元大投信指數暨量化投資事業群經理邱鉦淵認為，要達到真正風險分散，投資組合必須講求多角化配置，包括多元市場及多重資產類別，才能做到更分散的效果。所以，智能投資平台著重要點，不在於保證獲利，而是能夠透過系統化、量化的技術，降低人為判斷錯誤及投資風險，才能有助於長期績效之提高。由於 ETF 近年來已經成為許多人投資組合選項，邱鉦淵指出，元大 ETF-AI 智能投資平台是亞洲首家多元 ETF 投資策略平台，資產涵蓋股票、債券、商品及外匯，可以根據投資人退休、教育、息收、主題等不同使用目的、風險承受度，建構客製化投資組合。舉例來說，「類絕對報酬型」投組，仿照避險基金操作模式，兼具多空操作，以絕對報酬為目標，很適合交易型投資人。智能運算等顛覆性科技出現後，開始創造出新的市場機會，這些機會是將人工智慧導入傳統理財顧問服務，而非取代傳統理財顧問工作，傳統理財顧問的生產力因此大幅提升，投資者在使用機器人投資理財時，也能輕鬆選擇適合自己的投資組合模式，並清楚明瞭未來投資的趨勢。
169,2019/11/13,奇鋐Q3純益2.59億元 EPS 0.74元 1年多來新高,散熱廠奇鋐 () 與超眾 () 今 (13) 日公布第 3 季財報，奇鋐雙率雙升，稅後純益 2.59 億元，季增 12.1%、年增 37.7%，每股純益 0.74 元，創 1 年多來新高；超眾前 3 季稅後純益 5.88 億元，年增 48.1%，每股純益 6.81 元。奇鋐第 3 季營收 99.15 億元，季增 4.5%、年增 30.1%；毛利率 11.17%，季增 1.07 個百分點、年減 1.09 個百分點；營利率 3.34%，季增 1.16 個百分點、年增 0.33 個百分點；稅後純益 2.59 億元，季增 12.1%、年增 37.7%，每股純益 0.74 元，創 1 年多來新高。奇鋐前 3 季營收 263.13 億元，年增 24.6%；毛利率 11.05%，年減 0.58 個百分點；營利率 2.79%，年增 0.25 個百分點；稅後純益 6.7 億元，年增 31.2%，每股純益 1.9 元。奇鋐今日也宣布，將赴越南設立子公司及生產工廠，初期投資金額為 1500 萬美元 (約 4.65 億元)，不過廠房確切位置仍在討論，此外，為因應美中貿易戰及整合中國廠區，擬關閉上海廠，預計年底前將產線移至武漢廠，藉此提高產能效率、節省固定開支及管理成本。超眾第 3 季營收 21.79 億元，季減 1%、年增 4%；毛利率 22.58%，季增 0.73 個百分點、年增 3.66 個百分點；營利率 12.05%，季減 0.03 個百分點、年增 1.89 個百分點；稅後純益 2.13 億元，季減 8.6%、年增 21.3%，每股純益 2.47 元。超眾累計前 3 季營收 62.3 億元，年增 11.8%；毛利率 22.3%，年增 3.11 個百分點；營利率 12.01%，年增 2.24 個百分點；稅後純益 5.88 億元，年增 48.1%，每股純益 6.81 元。展望後市，超眾指出，手機營收占比已達 1 成，預期明年需求更大。
170,2019/11/13,鎖定伊斯蘭資金活水  證交所攜9家上市公司前進馬國引資,證交所海外引資馬不停蹄，今 (13) 日攜手宏碁、葡萄王、美律等 9 家上市公司共同前進馬來西亞吉隆坡，鎖定龐大的伊斯蘭資金動能，向東協市場投資人說明台灣資本市場優勢與未來展望。響應新南向政策，並提升台股市場能見度，證交所今年二度前進馬來西亞，並找來東陽、群光、智原、葡萄王、美律、晶技、宏碁、奇力新、矽創等 9 家上市公司同行，展現台股市場的優勢與成長潛力。證交所表示，馬來西亞近年來在資本市場在經濟景氣強勁帶動下穩健成長，其中，伊斯蘭資金規模更高居全球之冠，充沛的資金動能可望成為挹注台股的新動力。證交所指出，台灣高度發展的電子、精密機械等產業，在台股市場中扮演舉足輕重的角色，台股上市公司近年推動公司治理有成，多數企業符合馬國廣泛採用的伊斯蘭投資原則，有利於吸引當地投資人。本次投資說明會邀請當地資產管理公司、共同基金及政府基金等大型機構投資人與同行上市公司代表面對面會談外，證交所也藉此機會分享台灣產業的成長性、穩健的股利殖利率、優質的公司治理等面向說明臺灣市場的實力與深度。同時。證交所與當地機構投資人舉行多場會談，深入了解外資需求，盼能增加投資台股的金額。為擴大台灣資本市場，證交所持續赴海外引資，向機構投資人介紹國內優質企業，同時也積極開發具潛力的東協地區，期盼能吸引更多資金投入台灣股市，增進經濟成長的動能。
171,2019/11/13,〈廣達法說〉Q4筆電出貨估增個位數 伺服器全年仍雙位數成長,廣達 () 今 (13) 日舉辦法說會，展望未來，財務長楊俊烈表示，預期第 4 季筆電仍有 0-5% 成長，伺服器則維持全年雙位數成長，明年也樂觀看待雲端伺服器發展。楊俊烈表示，廣達第 3 季筆電出貨 930 萬台、季增 7%，優於預期，估第 4 季筆電出貨仍將成長個位數，但全年出貨量則維持年減，雲端伺服器方面，客戶涵蓋資料中心、企業雲端，預期今年全年將雙位數成長，明年也樂觀看待有同幅度增長。針對市場傳出廣達將放棄代工穿戴式裝置，副董事長梁次震表示，廣達並沒有說要退出或放棄穿戴式市場，對每一樣產品都將審慎評估，只要有獲益的都不會放棄。廣達董事長林百里表示，受到全球貿易戰影響，今年產業面臨大風大雨，但廣達在製造、營業成本都做很大幅度的調整，因此第 3 季整體效率提高、也帶動獲利成長，要歸功所有同仁的努力。展望未來，林百里表示，將帶領廣達扮演好研發型公司的角色，他也再次強調，未來科技是一架飛機，將由雲端、AI、5G、物聯網推動，並不容易受總體經濟影響，預期未來幾年 AI、5G 將成為大國在國防、國力的競爭項目，而在智慧製造、智慧醫療、智慧城市發展上，也仍有很大的發展空間。量子電腦發展方面，林百里表示，隨著 IBM、Google 近期推出量子電腦的願景，預期進入量子電腦時代，由於運算、資料更加複雜龐大，對廣達將更有利。
172,2019/11/13,程泰Q3 EPS 0.61元 近6季低點 前3季每股賺2.37元,工具機大廠程泰 () 今 (13) 日公告第 3 季財報，受到美中貿易戰影響，客戶持續觀望，需求持續疲弱，單季稅後純益 6720 萬元，季減 26.18%，年減 46.92%，每股純益 0.61 元，近 6 季低點。前 3 季稅後純益 2.61 億元，年減 39.34%，每股純益 2.37 元。程泰第 3 季合併營收 15.58 億元，季減 0.6%，年減 27.62%，毛利率 24.99％，季減 0.46 個百分點，年增 0.65 個百分點，營益率 7.06%，季減 2.4 個百分點，年增 3.17 個百分點；稅後純益 6720 萬元，季減 26.18%，年減 46.92%，每股純益 0.61 元。程泰前 3 季累計營收 46.49 億元，年減 26.9％，毛利率 25.55%，年增 0.98 個百分點，營益率 8.73%，年減 1.96 個百分點；稅後純益 2.61 億元，年減 39.34%，每股純益 2.37 元。程泰第 3 季營收與上季持平，但受到升值影響，業外遭、貶值侵蝕，影響毛利率，展望後市，程泰表示，目前還未明顯看到需求回溫跡象，營運是否落底仍待觀察。
173,2019/11/13,中華電明年加薪3% 績優員工調幅更上看5%,中華電 () 今 (13) 日宣布，為迎接明年 5G 商轉挑戰，針對部分專長的高科技人才、優秀員工，採定額加薪及績效表現加成調薪，平均調幅 3%，最高可超過 5%，從明年 1 月 1 日起生效。中華電 6 月召開股東會時，董事長謝繼茂曾允諾，儘管市場環境差，但也要給予優秀同仁肯定，將向大股東交通部爭取調薪，為員工做最大的爭取。中華電表示，為響應政府拼經濟、改善國內薪酬待遇，公司有盈餘要回饋員工加薪，以激勵員工士氣，自明年 1 月 1 日起，薪資平均調幅 3%。中華電指出，本次加薪設計，在總預算額度內，將運用攬才及留才等 2 大方面，並針對特殊專長的高科技人才，規劃有彈性的核薪機制，此外，年輕、基層及優秀員工等，採定額加薪、按績效表現加成調薪，績優員工的調幅將可超過 5%。5G 明年商轉，中華電也積極招募新血，預計今年招募 1600 人，業務包括 AI、大數據、物聯網、行動支付、資安及 5G 等專業人才，大學畢業起薪 37K，最高可達 48K。
174,2019/11/13,瓦城前三季EPS 13.49元創同期新高 全年獲利可望續寫新猷,連鎖餐飲集團瓦城 () 今 (13) 日公布第三季財報，單季稅後純益 1.15 億元，與去年同期持平，每股純益 4.95 元；累計前三季稅後純益 3.12 億元，年增 2.68%，每股純益 13.49 元，創同期新高，法人認為，瓦城全年獲利有望再寫新高紀錄。瓦城指出，第三季合併營收達 12.87 億元，年增 12.22%，主要來自新開店挹注，再加上成本費用控管得宜，營業利益率維持 11.79% 的高水準；累計前三季合併營收 37.55 億元，年增 14.75%，無畏景氣衝擊和成本上漲壓力下，營業利益 4.09 億元，年增 7.99%，營業利益率 10.89%，為近 5 年同期次高。 展望第四季，瓦城正加速展店，目前確定已簽約的門店共 25 家，其中 10 家已開幕，預計 11 月將再開出 4 家新店，展店主力為瓦城泰國料理和時時香 Rice Bar。目前瓦城在兩岸共有 131 家據點，其中台灣有 120 家，瓦城樂觀看在新店和既有店的同步挹注下，全年營收、獲利皆可望續寫新高，而進入 2020 年後，店數成長目標設定再增 20%。
175,2019/11/13,台股跌破11500點 外資中止連22買轉賣超 期貨未平倉也跌破5萬口,美中貿易戰談判進度不明朗，加上港股重挫，台股今 (13) 日終場下跌 52.54 點，其中投信賣超 2.9 億元，自營商買超 9.93 億元，外資更中止連 22 買，轉大賣 62.63 億元，三大法人賣超 55.6 億元；外資也同步減碼多單，未平倉口數跌破 5 萬口。部分，外資減碼淨多單 233 口，多單未平倉口數降至 49928 口；投信增持空單 18 口，空單未平倉口數增至 21353 口；自營商回補空單 84 口，空單未平倉口數降至 838 口。外資今日買盤集中電子股，除中信金、緯創、和碩獲外資買超上萬張外，外資買超上千張電子股包括神達、華通、晶電、致伸、鴻海、國巨、嘉聯益、創見、光寶科、台光電、志超、智邦，傳產股包括大成、南港、喬山、大同、華固、台泥、長榮航。外資買超最多是中信金、買超 23883 張，第 2 名緯創、買超 12306 張，第 3 名和碩、買超 11426 張，第 4 至 10 名依序為國泰中國 A50 正 2、永豐金、神達、華通、晶電、大成與南港。外資賣超方面，賣超最多為群創、遭大賣 24145 張，第 2 名為欣興、賣超 13814 張，第 3 名為友達、賣超 11623 張，第 4 至 10 名依序為微星、第一金、元大 S&P 原油正 2、燿華、南亞科、元大金、元大滬深 300 正 2。法人指出，升勢趨緩，不過還未大幅轉貶，下檔仍有支撐，短線指數將維持高檔區間震盪，若貶值幅度擴大，指數才有較大回檔可能，盤勢仍偏多看待。
176,2019/11/13,〈鴻海法說〉5G帶動明年伺服器需求佳 手機組裝良率將再提升,鴻海 () 今 (13) 日召開法說會，展望明年，董事長劉揚偉看好，5G 將帶動伺服器、網通等企業產品年增 10%，智慧手機等消費暨智能應用也可維持成長，且在工業互聯網、智慧製造等配合下，明年組裝良率不會下降，只會成長。劉揚偉指出，明年伺服器受惠 5G 建設加速，加上影音 APP 普及、算力、儲存應用增長，預計明年伺服器及網通市場成長態勢不會趨緩，也將帶動鴻海企業產品成長。至於消費暨智能產品以及運算產品，劉揚偉則估，明年受惠國際政經情勢好轉，2 大產品線均可望保持微幅成長，元件及其他應用也將成長。法人關心明年美系大客戶智慧型手機產品，設計可能更複雜提高組裝難度，進而影響鴻海生產良率，對此，劉揚偉坦言，智慧型手機複雜度提高是趨勢，預期到明年情況仍會延續。不過劉揚偉強調，鴻海目前在工業互聯網、智慧製造方面掌握度越來越高，就算手機結構越來越複雜、組裝也越來越精密，仍有信心良率不會下降、只會提升。
177,2019/11/13,〈敦泰法說〉Q4營收可望攀今年高峰 IDC挑戰市占30%,驅動 IC 廠敦泰 () 今 (13) 日舉辦法說會，董事長胡正大表示，第 4 季 IDC(觸控與驅動整合 IC) 出貨量持續成長，帶動營收表現優於上季，不過由於競爭者多，銷售單價受壓，毛利率恐低於上季，展望未來，晶圓產能足夠，預計營運將重返成長，IDC 將朝市占率 30% 前進。胡正大指出，生產線斷鏈危機已解除，敦泰第 3 季營運回溫，預計第 4 季可迎全年高峰，且 IDC 成長強勁，支撐淡季營運，但競爭者確實較多，價格持續下滑，進而影響獲利。展望明年，胡正大表示，將推 2 樣新產品，分別為 MUX 1:6 FHD、Dual Gate HD，搶中高階、中低階市場，今年第 3 季已開始小量出貨，開案數持續增加，預計明年可開始放量。至於 90 Hz MUX 1:3 FHD 是升級產品，目前已進入送樣階段，應用在 LCD 面板，並提供產品較高附加價值，預期可搭電競熱潮，搶攻 LCD 高階市場。胡正大指出，TDDI 的銷售單價會在第 4 季落底，明年第 1 季隨著新產品推出，價格可望回穩，市占率也在今年第 1 季時落底，估約 18%，預計明年將持續增加，長遠目標挑戰市占率 30%。胡正大認為，COF (覆晶薄膜) 價格為 COG (玻璃覆晶封裝) 的 2 倍，大多使用在高階機種，因此產量較小，預計明年封裝技術將仍以 COG 為主流。此外，手機全屏趨勢確立，嵌入式觸控晶片將成主流方案，預計將有高階機種改採 OLED 驅動 IC，並影響外掛型 TFT-LCD 出貨量下滑，不過，胡正大表示，隨著智能家電、工控、汽車等應用在 AIoT 推升下，外掛型 TFT-LCD 仍有發展空間。市場也關注光學指紋辨識進度，胡正大透露，目前正朝 2 方向前進，一是 OLED 面板的超薄光學指紋辨識，由於 5G 時代來臨，電池需求增加，依目前光學指紋辨識方案，手機空間恐無法有足夠電池空間，二是 LCD 面板光學指紋辨識，將採紅外線不可見光特性，克服 LCD 背光模組的阻礙，但兩者目前皆還在研發，對營收貢獻距離仍遙遠。
178,2019/11/13,佰鴻Q3每股賺0.46元 近8年新高 前3季純益創9年高,LED 廠佰鴻 () 今 (13) 日公告第 3 季財報，受惠產品組合調整，客製化比重拉升，稅後純益達 8429 萬元，季增 18%，年增 1.26 倍，每股純益 0.46 元，創近 8 年來單季新高，前 3 季稅後純益 1.83 億元，年增 1.43 倍，每股純益 0.98 元，寫下近 9 年來同期新高。佰鴻第 3 季合併營收 4.73 億元，季增 0.85％，年增 20.66%，毛利率 27.88%，季增 6.71 個百分點，年增 6.12 個百分點，營益率 12.22％，季增 5.41 個百分點，年增 11.58 個百分點；稅後純益 8429 萬元，季增 18%，年增 1.26 倍，每股純益 0.46 元。佰鴻前 3 季累計營收 13.25 億元，年增 6.26%，毛利率 24.32%，年增 5.91 個百分點，營益率 8.02%，較去年同期轉正；稅後純益 1.83 億元，年增 1.43 倍，每股純益 0.98 元。佰鴻為擺脫 LED 照明紅海市場，從 2013 年開始轉型，轉型成效近來也逐步開花結果，目前營運著眼毛利率約 20-30% 的客製化產品，客製化產品營收比重超過 6 成，客製化 SMD 模組成佰鴻今年上半年主要動能，也帶動毛利率較去年同期走揚，營益率轉正，獲利能力走強。受惠產品組合調整，客製化比重拉升，帶動佰鴻今年第 3 季獲利優於第 2 季，不過，第 4 季受 10 月假期因素影響，且市場能見度不夠明朗，預期營運將較第 3 季修正。
179,2019/11/13,宏達電Q3連6虧 EPS -2.86元 毛利率創近4年新高,宏達電 () 今 (13) 日公布第 3 季財報，稅後虧損 23.43 億元，較上季與去年同期收斂，每股虧損 2.86 元，已連續 6 季虧損，惟毛利率攀升至 22.88%，為近 4 年新高；累計前 3 季稅後虧損 70.04 億元，也較去年同期縮小，每股虧損 8.55 元。宏達電第 3 季營收 24.5 億元，季減 12.7%、年減 39.4%；毛利率 22.88%，季增 2.56 個百分點、年增 18.15 個百分點；營利率 - 98.57%，虧損較上季、去年同期增加；稅後虧損 23.43 億元，虧損較上季小幅增加、較去年同期收斂，每股虧損 2.86 元。宏達電累計前 3 季營收 82 億元，年減 58.2%；毛利率 19.05%，年增 18.1 個百分點；營利率 - 93.09%，虧損較去年同期增加；稅後虧損 70.04 億元，虧損較去年同期收斂，每股虧損 8.55 元。宏達電表示，VIVE COSMOS 頭戴式顯示器於第 3 季上市，可換式面板模組設計可隨著使用者需求，調整或擴充頭戴式顯示器的功能，有助營運表現。5G 方面，宏達電的 HTC 5G Hub 提供 4K 影片串流、低延遲遊戲體驗和多達 20 個用戶的 5G 行動熱點等功能，並可帶動 5G 生態系發展，此外，與美國電信商 Sprint 也在北美城市陸續擴展 5G 網路，展現研發尖端科技決心。
180,2019/11/13,〈鴻海法說〉全年營運估下滑 營收終止連2高 獲利也承壓,鴻海 () 今 (13) 召開法說會，董事長劉揚偉表示，第 4 季整體營運仍可優於第 3 季，不過，由於去年 iPhone 銷售高峰落在第 4 季，墊高比較基期，財務長黃德才指出，第 4 季及全年營運，仍會較去年衰退；也代表鴻海今年營收將終止連 2 年創高的紀錄，獲利也將面臨連 3 年衰退局面。劉揚偉表示，第 4 季智慧手機等消費暨智能產品預計季增 15% 以上、伺服器、網通等企業產品則季增 10%、不過電腦等運算產品估持平，連接器等元件及其他也估持平，整體營運估可望較第 3 季成長。不過以年對年來看，劉揚偉指出，消費暨智能產品去年同期基期較高，今年第 4 季恐較去年同期略減，不過，企業產品、運算產品、元件及其他應用則估持平去年同期。黃德才則估，今年第 4 季仍與往年趨勢相同，營運較第 3 季成長，不過，由於去年第 4 季基期高，今年第 4 季營收、獲利估將較去年同期衰退，全年營收與獲利，也將較去年下滑。
181,2019/11/13,霹靂Q3轉盈 EPS 0.22元 前3季每股仍虧0.56元,霹靂 () 今 (13) 日公告第 3 季財報，順利走出前 2 季虧損陰霾，單季轉盈，稅後純益 1124 萬元，年減 73.6%，每股純益 0.22 元。前 3 季仍持續虧損，稅後虧損 872 萬元，較去年同期轉虧，每股虧損 0.56 元。霹靂第 3 季合併營收 1.47 億元，季減 0.32%，年減 9.36%，毛利率 46.85%，季增 16.25 個百分點，年增 1.95 個百分點，營益率 3.96%，較上季的 - 12.53% 與去年同期的 - 1.22% 轉正；稅後純益 1124 萬元，較上季轉盈，年減 73.6%，每股純益 0.22 元。霹靂前 3 季累計營收 4.56 億元，年減 9%，毛利率 32.31％，年減 17.85 個百分點，營益率 - 10.64％，較去年同期轉負；稅後虧損 2872 萬元，較去年同期轉虧，每股虧損 0.56 元。霹靂財務長郭宗霖表示，由於觀眾觀影習慣改變，及線上盜版猖獗，近 2 年台灣市場劇集收入受到很大影響，今年更是顯著，導致營運連 2 季陷入虧損，不過，第 3 季在強化營運管理下，本業及業外均有獲利，營運單季轉盈。展望本季，郭宗霖指出，台日合作劇場版電影《Thunderbolt Fantasy 西幽玹歌》已於 10 月 25 日在台灣、日本上映，加上雙 11 及雙 12 線上購物熱潮帶動，來自海外市場營收收入比重也將提升。而隨著東離劍遊紀的 IP 開發成功，霹靂明年將推出《Thunderbolt Fantasy 東離劍遊紀》 第 3 季劇集，也將推出全新開發的劇集產品，以多元內容開創更多元營收。
182,2019/11/13,巨大E-Bike熱銷 Q3毛利率創21季新高 前3季EPS 7.32元,自行車整車廠巨大 () 第 3 季受惠傳統自行車及電動自行車新車上市， 捷安特歐洲、中國及亞洲其他市場，都有不錯銷售表現，第 3 季營收以 169.81 億元改寫新高，毛利率則以 22.99% 寫 21 季以來新高，累計前 3 季稅後純益 27.46 億元，年增 33.49%，每股純益達 7.32 元。巨大今 (13) 日公布最新財報，第 3 季營收 169.81 億元改寫新高，毛利率 22.99%，創 21 季以來新高，季增 1.78 個百分點，年增 0.48 個百分點，稅後純益 10.23 億元，季減 1.45%，年增 4.31%，每股純益 2.77 元。巨大今年前 3 季營收 476.95 億元，毛利率為 21.79%，年增 1.45 個百分點，稅後純益 27.46 億元，年增 33.49%，每股純益達 7.32%。巨大主管指出，今年前 3 季自有品牌在全球各主要市場的銷售表現，以捷安特歐洲子公司表現最佳，銷貨金額以計算雙位數成長，電動自行車延續今年上半年銷售佳績，前 3 季自有品牌電動自行車銷售金額，較去年同期成長超過 4 成。巨大美國子公司前 3 季營收以美元計算則是個位數成長，包含高級自行車及電動自行車都有不錯表現；中國內銷也因自行車市場復甦，前 3 季業績以計算雙位數數成長。展望未來，巨大指出，將審慎樂觀的態度面對大環境的挑戰。巨大 10 月營收 55.75 億元，月減 7.27%，年增 8.78%，前 10 月營收為 532.32 億元，年增 5.5%。
183,2019/11/13,〈廣達法說〉分散風險進行中 林口第三生產大樓明年Q4啟用,廣達 () 今 (13) 日舉辦法說會，面對全球貿易戰影響，廣達近期積極分散風險，擴大泰國、台灣生產基地，副董事長梁次震表示，位於林口的第三生產大樓預計明年第 4 季啟用，產品將配合客戶彈性調整。梁次震指出，廣達因地利之便，去年在林口新增一個廠，也預計在華亞科學園區集團總部對面，原公司停車場位置，再新建第三生產大樓，日前已正式動土開工，預計明年第 4 季完工啟用，產品將依客戶需求做彈性調整。董事長林百里表示，廣達台灣廠將以高附加價值、高自動化、高科技的產品為主，泰國則以機電產品為主，新廠房將全面建置自動化產線，並保留生產彈性，以客戶需求調整。林百里指出，全球貿易戰影響下，目前廣達在台灣、中國、泰國、美國、德國等地都有產線布局，有能力因應未來貿易戰的變化發展，日前也在泰國成立子公司，目前建置進度持續進行，強調是多一個生產基地給客戶選擇。
184,2019/11/13,高鐵延伸宜蘭路廊北移擁三優點 交通部：直鐵案可取消,高鐵延伸宜蘭路線首度曝光，初評結果顯示皆優於北宜直鐵。交通部政務次長黃玉霖今（13）日指出，這條路線遠離翡翠水庫核心區，往更北邊走，和原來規劃的北宜直鐵不同，且擁有避開拆遷戶、降低工程難度及經費等三大優點，因此，直鐵案可取消了。立法院交通委員會今日前往宜蘭考察交通建設，鐵道局說明，高鐵延伸宜蘭路線將行經翡翠水庫集水區的邊緣，長度較直鐵短，且較遠離水庫核心區，不管在系統運能、速度、行車調度或用地取得上，初評結果顯示皆優於北宜直鐵案。黃玉霖會後補充，高鐵延伸宜蘭路線規劃有三大優點，第一、可避開原本在南港段的幾十戶拆遷戶；第二、符合高鐵營運高達時速 300 公里的線形；第三、更遠離現在的國道 5 號路廊，工程難度將會大幅度降低，也減少工程經費。黃玉霖表示，北宜直鐵本來就需要像高鐵的替代方案，現在是用高鐵來取代直鐵，連路廊都往北移，減輕環境衝擊，替代方案經過一年來的規劃非常具體，原來的直鐵案就可以取消了。現階段高鐵延伸宜蘭工作已啟動綜合規劃作業，後續將依規劃方案提報環評審議，並於通過環評後，循行政程序將綜合規劃報告提報行政院核定。針對運量問題，黃玉霖指出，高鐵速度快，從原來的直鐵 27 分鐘，大幅縮短至 13 分鐘，可望吸引更多人來搭乘，但並不會取代北迴鐵路，同時，交通部也請鐵道局研議改善北迴鐵路的線形，以提升安全度；未來高鐵延伸宜蘭完工後，不僅可吸納國 5 的車輛，紓解塞車問題，更可以改善鐵路一票難求的狀況。
185,2019/11/13,健身機、工具機雙引擎發威 力山明年營收將連4年雙位數成長,力山 () 今 (13) 日召開法說會，力山表示，明年健身機營收將維持雙位數成長，工具機業務也受惠貿易戰轉單挹注，雙引擎將持續成長，加上新品陸續推出，看好明年營收續揚；法人估，力山明年全年營收將維持雙位數成長，將是連續第 4 年營收雙位數成長。力山今年以來受惠產能提升，加上工具機、健身機兩大事業客戶需求同步成長，營收規模持續擴增，前 10 月營收年增 55%，獲利方面，今年前 3 季受惠業外處分收益挹注，每股純益 6 元，單就本業獲利來看，每股純益達 2.07 元，大幅優於去年同期的 0.84 元。雖然力山今年工具機、健身機動能強勁，但健身機業務受大客戶家用型市場需求增溫，市場爆發性成長，推升營收顯著攀揚，成長優於工具機，使今年前 3 季營收占比由去年的 61% 提升至 69%，工具機占比則相對減少，由去年 35% 縮減至 28%。展望明年，董事長王坤復表示，從健身機客戶對明年的訂單預估量來看，健身機業務營收將續維持雙位數成長，工具機受惠美中貿易戰，已接獲國際大廠年訂單規模達數千萬元的轉單，將推升未來工具機營收向上，雙引擎驅動下，明年營運將持續成長。力山也指出，明年上半年除現有與新客戶外，電動工具機產品也有許多新品將推出，除貢獻營收外，毛利率也將因此明顯成長。力山今年第 3 季稅後純益 1.72 億元，季增 92.95%，年增 1.03 倍，每股純益 0.95 元。前 3 季稅後純益 10.89 億元，年增 6.12 倍，每股純益 6 元。
186,2019/11/13,〈華碩法說〉Q3純益季增逾2倍 近8季單季新高 前3季EPS 12.8元,品牌大廠華碩 () 今 (13) 日舉辦線上法說並公布第 3 季財報，稅後純益 56.33 億元，季增 235.3%、年增 68.5%，每股純益 7.6 元，為近 8 季新高，累計前 3 季稅後純益 95 億元，年增 34.7%，每股純益 12.8 元。華碩第 3 季品牌合併營收 884.67 億元，季增 24%、年減 5.6%，毛利率 15.3%，季增 1.5 個百分點、年增 3.6 個百分點，營益率 4.93%，季增 3.51 個百分點、年增 2.54 個百分點；稅後純益 56.33 億元，季增 235.3%、年增 68.5%，每股純益 7.6 元。華碩累計前 3 季品牌營收 2432.42 億元，年減 8%，毛利率 13.6%，年增 0.78 個百分點，營益率 2.6%，年減 0.8 個百分點，稅後純益 95 億元，年增 34.7%，每股純益 12.8 元。華碩表示，營運趨勢持續正向，電競、輕薄筆電將成兩大動能，在產品及營運管理上改善，逐步發揮效益，惟貿易戰對總體經濟環境及消費力影響，及處理器供貨尚不穩定，是短期較大營運風險。華碩第 3 季產品營收中，個人電腦占 71%、零組件則占 29%，依出貨地區來看歐洲占 32%、亞洲占 48%、美洲則占 20%。
187,2019/11/13,韓5G用戶數逾400萬 ARPU值提高20%  三星點出三個關鍵,三星今 (13) 日首度在台舉辦「贏戰 5G 星未來」並分享發展 5G 成果，三星中國研究院長張代君表示，韓國推行 5G 後 7 個月內，用戶數逾 400 萬戶，其中關鍵在覆蓋率、較吸引人的資費及 5G 補貼政策，也因導入 5G ，更帶動 ARPU 值 (每用戶平均收入) 提升 2 成。張代君表示，韓國 5G 註冊用戶達 400 萬戶，是 4G 用戶數的 2.5 倍，其中 25.8% 使用 2 個通訊設備、68% 為嘗試 4K 內容的重度用戶，而帶動用戶數倍增有 3 大關鍵，包括 5G 覆蓋率涵蓋 85 個城市、相比 4G 有更吸引人的資費及 5G 貼補政策。台灣三星行動資訊事業部副總陳啟蒙指出，消費者最在意 5G 的品質、價格與 4G 服務差異性，價格部分，三星與韓國系統業者一同合作，推出「無痛」方案，如延長分期付款時間、換新機優惠等，提升 ARPU 值。NCC 委員郭文忠表示，5G 網路陸續在全球多國商轉，台灣將在下個月啟動 5G 頻譜競價，政府規劃未來 3-4 年藉由 5G 推展虛實合一、產業創新等，此外，為讓產業蓬勃發展，延長 5G 使用期線、調降頻率使用費、放寬三共 (共頻、共網、共建) 規則，力拼明年年中即可開始提供 5G 服務。郭文忠指出，台灣民眾已習慣使用網路，台灣 4G 網路滲透率 124%，其中 4G 吃到飽用戶 44%，每人平均每月使用量達 35GB，全球排名前 2 名，將更有利於 5G 發展。
188,2019/11/13,和潤擴兩岸版圖 強化機車、大型商用車布局,和泰車 () 旗下和潤 () 今 (13) 日舉辦上市前業績發表會，和潤董事長田天明表示，和潤從台灣汽車金融起家，將逐步擴充產品線至個人消費金融和企業金融，看好機車和大型商用車分期的成長空間，同時，將進一步擴展在中國的版圖至二線城市，營運動能無虞。田天明說，今年是和潤成立 20 周年，推動股票上市是創業以來最具意義的里程碑。和潤是和泰車持股 65.77% 的子公司，隨著和泰車 Toyota 和 Lexus 前三季在台灣市占率達 31.9%，有效推動和潤在台灣汽車分期市場保持領先地位，前三季稅後純益 17.06 億元，年增近 30%，每股純益 4.55 元。和潤在台灣主要核心業務為汽車分期付款，近年來同步發展重型機車與一般機車分期、商用貨車與大客車分期、醫療設備分期、營建機具分期以及知名品牌工具機分期等業務，全台共有 15 個營運據點，去年各分期業務皆有所成長，總承作金額達 746 億元，年增 14%。展望後市，和潤將機車和商用車視為二大新成長引擎，去年此二項業務承作金額合計為 22 億元，占總承作金額比重從 2017 年度的 2.1% 提升至 2.9%；其中，機車承作金額為 14.71 億元，年增幅高達 51%。至於目前表現最強力的中古車業務，因國內車輛保有數量大，看好仍有很大的成長空間。另一方面，和潤在計程車新車分期市場具高市占率，隨著交通部推動「補助計程車汰舊換新」方案，後續可望進一步為和潤挹注新營運動能。此外，據台北市租賃公會資料統計，近 2-3 年設備租賃、分期市場均呈現每年穩定增長，顯示中小企業對於租賃分期公司的接受度提升，和潤同時正強化醫療、工具機、營建機具和大型商用車輛等四大產業布局，積極爭取優質客戶承作。在中國，和潤以汽車租賃、設備融資租賃和保理業務 (應收帳款收買) 為主，共在 25 個沿海和內陸一線城市設有營業據點，儘管去年中國經濟成長放緩，但獲利表現仍創新高，後續計畫將擴展至二線城市。
189,2019/11/13,〈銀行ATM拚市占〉邁向無現金交易 星展開第一槍12月起全面移除ATM機台,國銀 ATM 密度高居全球第一，為爭搶市占率銀行 ATM 功能不斷推陳出新，但外銀卻反其道而行，星展銀行宣布，12 月 2 日起將全面撤除移除各分行 ATM，成為全台第一家沒有設置 ATM 的銀行。星展銀行近期公告，自 12 月起將全面移除全台 40 家分行的 ATM 機台，因應 ATM 撤除銀行也將每月跨行提款免手續費交易筆數拉高至 15 筆；此外，未來自動補摺機服務時間調整為銀行營業日每天上午 9 點到下午 3 點半。星展銀行坦言，全面移除 ATM 機台，與客戶使用 ATM 次數越來越低有關，由於台灣 ATM 密度高居全球之冠，提領現金相當方便，加上無現金交易風潮日益盛行，因此決定將全台 40 台 ATM 全面移除，未來客戶如有提領現金需求還是可以透過其他銀行 ATM 跨行提領。為因應跨行提領交易手續費，星展銀行自 12 月起，包括活儲帳戶、新轉戶等存款戶每月跨行提領免手續費交易筆數與星禧數位帳戶一樣，每月皆可享有 15 次跨行提領免手續費優惠。星展銀行表示，目前星展銀行 (中國) 早在 2017 年就全面移除 ATM 機台，台灣是第二個跟進的亞洲市場，至於新加坡市場目前仍保有 ATM 機台供客戶提領。至於調整自動補摺服務，星展銀行表示，隨著網銀、行動銀行使用率日漸普及，現代人只要點開手機 APP 就能隨時掌握帳戶金流狀況，補摺頻率越來越低，因此將自動補摺服務時間調整與銀行營業時間一致，提供有需求的客戶補摺。據了解，目前僅星展銀行有移除 ATM 機台計畫，其他銀行尚無跟進打算。根據金管會統計，截至 8 月底止，全體國銀 ATM 機台數共 30080 台，其中市占率前三大銀行全由本國銀行包辦，分別為中國信託 (6023 台)、國泰世華 (4191 台)、台新銀行 (3647 台)。
190,2019/11/13,〈機器人理財論壇〉智能投資實現普惠金融 2023年全球自動化資產規模估2.55兆美元,鉅亨網今 (13) 日舉行「金融科技 刷新未來｜第二屆機器人理財論壇」，鉅亨總經理楊定國表示，投資環境多變，若不是高資產客戶，很難取得專業資產配置的建議和服務，但是智能投資的政策開放，可逐步達到實現普惠金融的目標。金管會證期局副局長蔡麗玲也表示，自動化顧問「高效率、低成本」的特性，其發展潛力很高，預估到 2023 年，全球自動化服務的資產管理規模可望達到 2.55 兆美元，顯示此商機龐大。由鉅亨網主辦的「金融科技 刷新未來｜第二屆機器人理財論壇」，邀請證期局蔡副局長麗玲致詞，資誠創新諮詢公司董事長劉鏡清、國泰智能投資團隊康利資產管理公司副總裁倪智承、元大投信指數暨量化投資事業群經理邱鉦淵進行專題演講，並邀請以上講者進行頂尖交流對話，共同探討金融科技刷新未來的機器人理財發展趨勢。楊定國致詞時表示，鉅亨網一直希望帶給投資人最專業的財經資訊跟投資理財觀點，隨著近年來金融環境的變化，像是美國總統川普只要一談話，新聞流量就會創新高，投資人在這樣多變的環境下，很多傳統的投資想法都面臨挑戰，因此建議投資人要把眼光放得更長遠，但是說起來很簡單，若不是高資產客戶，有時候很難取得專業資產配置的建議和服務。楊定國進一步指出，不過，現今金融科技快速發展，尤其在智能投資領域，因為主管機關政策的開放，讓資產管理業者能夠以更普惠金融的方式，提供一般大眾更專業的資產配置、動態調整投資組合的金融服務，讓一般投資大眾也可以享受與高資產客戶相同的專業尊榮服務，達到普惠金融之目的。蔡麗玲也表示，近年來金融科技普及 AI 人工智慧快速發展之下，金融業很多服務流程在進行創新調整，最重要的方向便是朝向自動化發展，也帶來很多創新商業模式。蔡麗玲舉例，金融機構所提供的傳統型理財顧問服務，比較是個別性的，屬於非常耗費人工、高成本的理財服務，因此，服務的客群多以高淨資產的投資人為主。一般的中產階級、小額投資人所能接觸的理財服務，都是都附屬在看盤軟體、下單系統的理財資訊服務。蔡麗玲表示，但是「自動化理財顧問」(俗稱機器人理財)，在金融科技基礎下，融入財務演算技術，完成個別性的財務規劃、資產配置、個股的投資，最重要的是動態投資組合的再平衡服務，自動化顧問「高效率、低成本」的特性，為金融產業帶來許多創新模式，且發展潛力很高，能更有效地實現普惠金融的目標。蔡麗玲表示，依 Backend Benchmarking 報告估計，2017 年全球自動化投資顧問平台的資產管理規模已超越 2000 億美元大關，而統計數據網站 Statista 更進一步預估，2019 年底全球規模可達 9805 億美元，2019-2023 年四年，可望以每年 27% 速度成長，到 2023 年預估自動化服務的資產管理規模可望達到 2.55 兆美元，顯示此將是很龐大的商機。而國內部分，截至今 (2019) 年 9 月底止，已有 7 家業者從事機器人理財相關顧問服務，包括：王道銀行、野村投信、復華投信、瀚亞投信、群益投信、富蘭克林投顧及鉅亨投顧，幫投資人管理的資產規模為 6.75 億元。蔡麗玲回顧金管會對於「自動化理財顧問」的開放進程，主要是 2017 年 6 月下旬發布「自動化投資顧問服務 (Robo-Advisor) 作業要點」，此為自律規範，規範自動化顧問、KYP（Know Your Product）、KYC（Know Your Customer）、投資組合再平衡作業程序等的定義，同年 8 月也放寬讓業者在一定條件之下，替客戶提供再平衡的交易服務。我國目前機器人理財的功能當中，有關電腦系統執行「再平衡交易」，原本須「逐筆徵詢客戶」，金管會已開放在一定條件下，可由電腦系統自動為客戶執行再平衡交易，即在與客戶事先約定下，機器人顧問可自動幫客戶找出最適合的投資組合、停利及停損。由於充其量只是「半自動化」，因此相較全球自動化投資顧問市場，台灣有相當大的成長空間。據了解，金管會目前正在研議將機器人理財擴大到全權委託投資，做到 AI 理財全自動化，但技術支撐夠不夠，這就需要靠資訊、科技相關專長人員繼續努力。蔡麗玲特別感謝主辦單位鉅亨金融科技股份有限公司舉辦此次論壇，邀集各領域專家分享所知所學，透過各方的智慧及意見凝聚，構思金融科技在金融投資的應用與發展。
191,2019/11/13,日企哈台近2年投資近千億 台股新勢力崛起,去年三井及伊藤忠集團積極加碼台灣，創下近年來日商來台投資新高紀錄，今年 JR 東日本集團也宣布擴大投資台灣，除咖啡館及旅行社外，也將跨足五星級飯店。《財訊》報導指出，日本加碼投資台灣邁入新紀元，產業範圍愈來愈多元，日資概念也在台股成為一股新崛起的勢力。今年 11 月 6 日，在日本擁有 49 家飯店的 JR 東日本飯店集團與國泰金 () 旗下國泰人壽簽約，將租下台北市南京東路、原六福皇宮威斯汀飯店的舊址，引進旗下 Hotel Metropolitan 品牌，並斥資 6 億元打造一家新五星級飯店—JR 東日本大飯店台北，這也是該集團在海外投資的第一家飯店。就在 JR 東日本集團正式進軍台灣的前不久，去年 2 月，日商伊藤忠集團也獲得投審會核准，以 6.65 億美元（ 196 億元）買下頂新集團持有台北 101 大樓的 37.17% 股權，並在去年 9 月董監改選後，取得 13 席董事中的 5 席，成為 101 大樓單一最大法人股東。根據《財訊》報導，在日商大舉進軍台灣下，去年投資額達 15.2 億美元（共 524 件），創下歷史新高；今年前 3 季累計達 11.2 億美元，已超越 2017 年全年的金額 6.4 億美元，顯示日商加碼投資台灣成為趨勢潮流。從去年日商來台投資的產業別來看，批發零售業達 132 件，排名第 1 ，住宿及餐飲業共 38 件，排名第 2，至於專業、科學及技術服務業共 30 件，排名第 3，顯示日商來台投資已從傳統製造業跨足到更多元領域。由於美中貿易戰已改變國際產業的分工生態，使得台灣的半導體產業更居關鍵地位，今年經濟部除計畫吸引 7000 億元台商資金外，也祭出策略吸引日商半導體重要產業鏈來台投資，希望爭取這些日商來台增設研發中心；另外，經濟部已將僑外來台投資聚焦在 5+2 產業創新與重點發展產業，因此，未來邀請日商來台投資應該也會以這些產業為優先。《財訊》報導指出，從政策風向、近期日商陸續拿下多家上市櫃公司多數股權及經營權來看，未來日資概念股在台股扮演的角色將會逐漸吃重，因此，投資人或許可更加關注此發展趨勢。
192,2019/11/13,泰金-KY前3季純益大增1.12倍 EPS 3.83元,家飾鑄件大廠泰金 - KY() 自有品牌及分散外銷客戶策略奏效，第 3 季營收以 2.78 億元創新高，稅後純益 3658 萬元，年增 17.62%，每股純益 1.09 元，前 3 季純益 1.21 億元，年增 1.12 倍，每股純益 3.83 元，法人估泰金 - KY 全年每股純益將挑戰 5 元。泰金 - KY 今 (13) 日公布最新財報，第 3 季營收 3.78 億元，創新高，毛利率為 24.06%，季減 0.59 個百分點，年增 0.69 個百分點，稅後純益為 3658 萬元，季減 18.84%，年增 17.62%，單季每股純益 1.09 元。泰金 - KY2019 年前 3 季財報營收為 7.62 億元，毛利率為 24.61%，年增 5.57 個百分點，稅後純益為 1.21 億元，年增 1.12 倍，每股純益 3.83 元。泰金 - KY 在第 3 季營收以 2.78 億元創新高，第 4 季接單更維持在此水準， 10 月營收以 1.02 億元創歷史次高，法人估全年營收可望年增 12-16%，將突破 10 億元大關。泰金 - KY 兩年多前著手布局拓展新客戶版圖，隨著美中貿易談判不確定性因素影響，加速公司與新客戶穩定的合作關係，在新客戶出貨逐步穩定下，也分散了原公司銷售過於集中特定客戶的風險，帶動今年前 3 季營收成長 14%，加上今年前 3 季主原料鋅鋁價格波動低，以毛利率能穩定在約 25% 的水準。泰金 - KY 今年打入北美第一大家飾與建材零售業者家得寶 (Home Depot) 供應鏈，同時擁有 OEM、ODM 與 OBM 的家飾鑄件生產，過去 2 年合併營收都保持在約 9 億元，在新客戶開發與自有品牌搶進北美市場同步發酵，今年可望上看 10 億元。泰金目前主要生產線集中在泰國，產品 80% 為 OEM 生產，10% 為 ODM 生產，去年 OBM 產品占約 1%，目前以金屬鑄件營收占 80% 最高，且泰金暫時並沒有進行大幅擴充產能計畫。
193,2019/11/13,〈鴻海法說〉Q3三率三升 純益季增8成 前3季每股賺4.87元,鴻海 () 今 (13) 召開法說會並公告第 3 季財報，毛利率回到 6% ，營益率 2.41%，淨利率 2.21%，呈現三率三升，稅後純益 306.64 億元，季增 80%、年增 23%、每股純益 2.21 元；前 3 季稅後純益 675.43 億元，年增 1.7%、每股純益 4.87 元。鴻海第 3 季營收 1.39 兆元，季增 20%、年增 1%；毛利率 6.01%，季增 0.7 個百分點、年增 0.14 個百分點；營益率 2.41%，季增 1.07 個百分點、年增 0.13 個百分點；稅後純益 306.64 億元，季增 80%、年增 23%；淨利率 2.21%，季增 0.74 個百分點、年增 0.4 個百分點，每股純益 2.21 元。鴻海前 3 季營收 3.6 兆元，年增 3.4%、毛利率 5.64%，年減 0.25 個百分點、營益率 1.81%、年減 0.25 個百分點、稅後純益 675.43 億元，年增 1.7%、淨利率 1.88%，年減 0.3 個百分點、每股純益 4.87 元。值得注意的是，鴻海上半年純益 368.78 億元，年減 11.3%，不過第 3 季營運亮眼，單季大賺 306.64 億元，也推升前 3 季稅後純益年增率由負翻正，全年純益正成長可期。鴻海第 3 季受惠 iPhone 熱銷、子公司富智康 (FIH) 轉虧為盈、工業富聯 (FII) 獲利成長，加上獲利導向政策奏效，帶動第 3 季獲利回溫。以鴻海第 3 季產品營收比重來看，消費暨智能產品 49%、伺服器及網通等企業產品 23%、電腦等運算產品 21%、元件及其他 7%。
194,2019/11/13,租屋族注意！租金補貼明年戶數翻倍 所得標準放寬,租屋族注意！總統蔡英文今（13）日宣布，租金補貼預計明年要從 6 萬戶擴大至 12 萬戶，並增加 28 億元的預算準備投入；內政部進一步指出，將放寬所得標準、設籍要求及申請時間等規定，讓不論單身、雙薪或有小孩的家庭都能減輕租屋負擔。總統今日出席「保二警消社宅及廳舍都更專案里程碑」活動，並聽取內政部次長花敬群簡報。蔡英文表示，針對租金補貼，政府預計明年名額將加倍，從 6 萬戶提高到 12 萬戶，並增加 28 億元的預算準備投入。內政部補充說明，現行的租金補貼每年編列約 6 萬戶的預算，主要照顧中低收入的弱勢家庭，單身者則要滿 40 歲，但很多剛出社會的上班族薪水不高，在都會區租屋負擔重，卻無法接受任何補助。因此，新的租金補貼方案正規劃將名額加倍，預計擴大到 12 萬戶，資格會納入 20 至 40 歲的單身青年，並且適度放寬所得標準，從原本的最低生活費 1.5 倍放寬到 2.5 倍。內政部舉例，以衛福部公布的今年度最低生活費標準計算，台北市最低生活費的 1.5 倍是每人每月 25507 元，放寬到 2.5 倍則是 42512 元，如此一來一般上班族，不論是單身、雙薪或有小孩的家庭都有機會申請到，也不會補貼到收入較高的族群。現行租金補貼要求申請人的戶籍地需與租屋地相同縣市，因此很多到外縣市工作的人需特地回原鄉辦理遷戶籍的手續。內政部表示，將協調地方政府一同檢討可行的辦法，以「租屋事實」為主要認定依據，不限制設籍，讓到外地工作、租屋的人更容易申請到補貼。另外，現行的租金補貼集中於每年 7、8 月間申請，超過期限才臨時有需求的家庭，必須等待隔年的機會。內政部目前正檢討將申請期間改為每年 2 次，讓租屋族能依據自身需求，決定要在哪一期提出申請。
195,2019/11/13,【群益投顧】指數反彈後又再次下跌， 月線持續上揚至11396 點， 多方則必須固守11400 點整數關卡,美國總統川普發表演說，重申美中即將簽署第一階段協議，但他也嚴厲表示若兩國若未達協議，對中輸美商品關稅將大幅提高。NASDAQ 收盤再創歷史新高，受波音與開拓重工下跌影響，除收盤持平，其他三大美股指數皆小漲，市場將轉為關注 Fed 主席鮑爾未來二天在美國眾院預算委員會的發言。一開盤就向下跌落，鴻海、台積電同步下跌，臻鼎、微星、正崴等跌幅不輕，但也有強勢電子股表現，國巨、華新科、神盾、和碩、立積、茂達等逆勢上揚，非電族群也有喬山、達新、寶雅、宏全等紅盤上揚，亞洲各國股市下跌居多，終場台股下跌 52 點，跌幅 - 0.46%，收在 11467 點，成交量降為 1142 億元。外資雖已連續買超台股 22 日，買超金額高達 1710 億元，但由於處於高檔，市場追漲力度大減，國內投資人似乎暫時觀望等待美中談判是否有進一步較明確行動，盤中強勢量大上漲股數量變少，反彈上攻態勢不強，僅有強勢漲停的國巨帶動被動元件族群普遍走揚，成交量也低於 1200 億元，技術線型上於日前大跌後低檔出現十字線，似乎代表將再有所變動，月線 11396 點持續上揚，因此短線上守住 11400~11500 點整理後才有機會重新上攻 11600 點。大聯大董事會，通過以每股 45.8 元公開收購取得文曄股權，預定最高收購數量 1.77 億股，約當文曄股份三成，最低收購數量則占文曄已發行股數 5%，收購期間從 11 月 13 日至 12 月 12 日止。文曄近兩年平均股東報酬率達 13.5%、現金殖利率也達 6%，長期業外投資收益會相當有可看性。大聯大表示，此舉單純屬投資行為，並撇除產業整併的說法。文曄第三季營收 962 億元，超越上一季度所預估的 930 億元高標，合併稅後淨利 8.2 億元，EPS1.38 元。累計前三季 EPS3.11 元。第四季預期通訊及車用電子業務將有季成長，手機客戶拉貨動能持續因此抵銷電腦、消費型電子、工業與儀器等領域的季度性滑落。展望本季預估季營收將介於 940～1，000 億元，4Q 季度 - 2%~ 至季 + 4%，年增約 10～17%。喬山 (1736) 前三季稅後盈餘 5.88 億元、年增 4.89 倍，EPS1.94 元，超過 2018 年度 EPS1.29 元也大幅優於去年同期每股虧損 0.5 元，歐洲大客戶訂單到手，預計明年開始供貨，將可貢獻公司營收。健身器材產業最旺季節為第四季，目前接單持續暢旺，應可再進一步推升營收及獲利的成長電源管理晶片廠茂達 (6138) 因 Intel 處理器第 3 季供貨正常，客戶開始進貨，帶動 PC 市場需求上升。筆記型電腦風扇馬達驅動 IC 今年預估出貨 7000 萬顆，市占率約 5 成，挖礦機需求回溫，電源管理晶片與風扇馬達驅動 IC 出貨暢旺，第 3 季業績因此能增速較快。明年上半年營運表現雖不及今年下半年強度，應較今年上半年成長頗多。電子：華新科 (2492)、和碩 (4938)、國巨 (2327)、神盾 (6462)、立積 (4968)。非電：喬山 (1736)、達新 (1315)、南仁湖 (5905)、寶雅 (5904)、宏全 (9939)。本文係研究員對大盤之看法，僅供參考，不做進出依據
196,2019/11/13,張忠謀真正接班人魏哲家 台積電大爆發的關鍵推手,台積電 () 創辦人張忠謀交班後的 500 天，真正接班人的樣貌終於愈來愈清晰，台積電 4.8 萬名員工，除內控單位之外，全部都由一個人指揮，他是台積電總裁暨副董事長魏哲家，現在台積電裡，最有權力的人。《財訊》報導指出，魏哲家上任後不僅大幅更動高階主管，強力整頓供應鏈，甚至祭出史上最高資本支出，對抗強敵三星，是台積電股價與市值一路創下歷史新高的幕後推手。今年初，一位和張忠謀認識多年的半導體公司董事長談到台積電，當時他就直言：「CC（魏哲家英文名）應變能力很靈活，他才是張忠謀真正的接班人。」當時外界仍對台積電的「雙首長制」深信不疑，沒人敢妄下定論；然而，根據《財訊》觀察，這 500 天的接班過程，赫然發現張忠謀的交棒藍圖，輪廓已經愈來愈清晰。今年台積電運動會後，劉德音和魏哲家首次共同舉行記者會，媒體關心的焦點之一，自然是雙首長制究竟是如何運作，《財訊》提問兩位如何分工？魏哲家簡短回答，「所有對外跟政府之間的關係，董事長代表公司，所有對客戶，把業務做好，我必須負責。」但究竟有哪些單位向魏哲家報告？哪些單位向劉德音報告？台積電的答案是，只有負責內控的單位，以及兩個基金會向劉德音報告，其他所有單位都向魏哲家報告。《財訊》報導，由劉、魏兩人分別出任董事長和執行長的制度，是美國普遍採用的公司治理方式，順著美國企業的操作邏輯，不難發現，多是以執行長為核心。以蘋果為例，絕大部分的報導關注蘋果執行長庫克做了什麼，卻很少有人知道蘋果的董事長叫 Arthur Levinson；談到微軟，執行長納德拉的公開談話，隔天就會變成產業頭條，但董事長其實是位非裔美國人，恐怕也沒什麼人知道。對照現在的台積電，魏哲家就是執行長，他不是向董事長劉德音報告，而是向董事會報告；換句話說，只有董事會才能否決他的決策，劉德音雖然負責領導台積電董事會，但在董事會裡，魏哲家也是副董事長。如今手握大權的魏哲家，過去一向予人笑咪咪的幽默先生形象，在接班後卻轉趨低調內斂，關鍵就在於，他去年 6 月 5 日接下總裁大位後，馬上遇到許多「內憂外患」的巨大挑戰。美中貿易戰的嚴厲考驗，造成全球經濟大幅波動，讓台積電三度在法說會上，調降營收獲利的預期，這是張忠謀時代鮮少發生的事；同時，從韓國三星到中國政府，都想趁亂超車。在內部，台積電也發生了網路中毒事件和品質問題，二次讓管理問題成為媒體緊盯的焦點。這些都考驗著魏哲家面對挑戰的應變能力，他的態度轉趨低調，但調整的動作卻愈發積極，不僅要對外擴業務、投研發，對內更積極鎖螺絲、上發條。這 500 天，魏哲家的表現其實相當不錯，雖然今年全球半導體產業較去年衰退 12%，台積電仍維持微幅成長，成為外資青睞的投資對象。《財訊》表示，在美國，像蘋果和微軟，創辦人放手後，股價和市值都大幅成長，現在，魏哲家接下台積電經營重責，建立起後張忠謀時代，專業經理人領導公司的模式，魏哲家能不能像蘋果執行長庫克一樣，接下賈伯斯棒子後，持續帶領公司股價與營收的成長，答案令人期待。
197,2019/11/13,小七攜手金莎、品客打造主題門市 Q4淡季添成長動能,統一超 () 搭上集團年底旺季行銷活動，今 (13) 日宣布 7-ELEVEN 攜手國際品牌金莎和品客，打造主題門市，估可帶動單店來客成長 10-20%，同時，全台 5500 間 7-ELEVEN 店內逾 50 款鮮食商品全數換上聖誕限定包裝，有助淡季銷售動能。另一方面，統一超為了擴大傳遞聖誕幸福氛圍，7-ELEVEN 將全台 5500 間門市內包括御飯糰、三明治、麵包、泡麵及飲料等共逾 50 項商品，全換上「愛 ‧Sharing」主題設計，可望在相對淡季之際，進一步推動鮮食銷售熱度。
198,2019/11/13,〈敦泰法說〉IDC出貨加持 Q3終止連3虧 EPS 0.29元,驅動 IC 廠敦泰 () 今 (13) 日公布財報，第 3 季受惠 IDC(觸控與驅動整合 IC) 成長顯著，推升營運轉盈，終止連 3 虧，稅後純益 0.73 億元，較上季轉虧為盈，年減 4%，每股純益 0.29 元，前 3 季稅後虧損 2.3 億元，較去年仍盈轉虧，每股虧損 0.85 元。敦泰第 3 季合併營收 25.73 億元，季增 20%，年增 2%，毛利率 23.18%，季增 0.26 個百分點，年減 1.26 個百分點，營益率 0.97%，較上季轉正，年減 0.29 個百分點，稅後純益 0.73 億元，較上季轉虧為盈，年減 4%，每股稅後純益 0.29 元。敦泰前 3 季合併營收 63.53 億元，年減 19.34%，毛利率 22.51%，年增 0.52 個百分點，營益率 - 5.46%，較去年由正轉負，稅後虧損 2.3 億元，較去年由盈轉虧，每股稅後虧損 0.85 元。敦泰第 3 季隨著晶圓代工產能恢復，加上傳統旺季，IDC 量產出貨數量增加，且觸控、顯示驅動、電容指紋產品也向上，終止連 3 季虧損。
199,2019/11/13,〈廣達法說〉Q3純益季增9% EPS 1.13元 前3季2.97元,廣達 () 今 (13) 日舉辦法說會並公布第 3 季財報，稅後純益 43.38 億元，季增 9.33%，年減 7.85%，每股純益 1.13 元，累計前 3 季每股純益 2.97 元，廣達表示，雖然近年在貿易戰影響下，但管控成本、產品組合調整效益逐步浮現，帶動整體表現較上季成長。廣達第 3 季營收 2651.42 億元，季增 7.9%，年減 6.03%，毛利率 4.82%，季增 0.05 個百分點，年增 0.43 個百分點，營益率 2.09%，季增 0.57 個百分點，年增 0.52 個百分點，稅後純益 43.38 億元，季增 9.33%，年減 7.85%，每股純益 1.13 元。廣達累計前 3 季營收 7322.13 億元，年增 2.9%，毛利率 4.69%，年增 0.35 個百分點，營益率 1.66%，年增 0.28 個百分點，稅後純益 114.29 億元，年增 4.1%，每股純益 2.97 元。廣達 10 月合併營收，達 957.54 億元，月增 6.06%、年減 7.22%，為今年單月新高，累計今年前 10 月營收 8279.66 億元，年增 1.65%。
200,2019/11/13,台股盤後—電金+傳產權值股同走弱 下跌52點 回吐昨日漲幅,美中貿易戰談判進度不明朗，加上港股重挫，台股今 (13) 日漲多回檔，電子三雄同步走跌，台塑四寶等傳產權值股也表現疲弱，國泰金與富邦金等金融權值股同樣處於盤下，指數開低走低，終場下跌 52.54 點，收在 11467.83 點，幾乎吐回昨 (12) 日漲幅，跌破 10 日線，並失守昨日站回的 11500 點關卡，成交量 1148.21 億元。台股今日上市股中，僅電通、電纜、水泥、生醫、營建、化生醫指數收紅，其餘均收黑，其中以電通指數表現最強勁、漲幅 2.03%，表現最弱勢的是鋼鐵族群、跌幅 1.61%。櫃買市場今日震盪走揚，終場小漲 0.07 點，以 143.1 點作收，成交量約 281 億元。部分，除化工、資服、遊戲、營建、鋼鐵、電設、文創、光電、紡織、機械、生醫指數收黑外，其餘均收紅，其中以網通指數表現最強勢、漲幅達 0.77%，表現最弱勢的為生醫指數、跌幅 0.66%。電子三雄方面，台積電終場下跌 0.33%，收在 304 元，再跌破昨日站回的 10 日線；鴻海盤後將召開法說，但法說前買盤並未進駐，下跌 1.43%，收在 89.7 元，失守 5 日線；股王大立光今日在平盤上下震盪，終場下跌 0.44%，收在 4520 元。被動元件族群大廠國巨啟動跨國併購，明年下半年將完成收購美商基美 (KEMET)，屆時市占率將衝上第 3 大，今日股價開盤直奔漲停 310.5 元鎖死，也帶動族群齊揚，興勤大漲逾 6%，華容、台嘉碩漲幅逾 4%，華新科、智寶、信昌電、蜜望實、大毅漲幅逾 2%。IC 設計族群今日表現續強，九暘連 2 日漲停作收，金麗科大漲逾 8%，茂達漲幅逾 5％，盛群、迅杰漲幅逾 3%，沛亨、揚智、海德威也有超過 2% 的漲幅。法人指出，外資仍持續買超，但期現貨操作上呈現不同調，升值氣勢也趨緩，甚至出現回貶趨勢，不過，還未大幅轉貶，下檔仍有支撐存在，短線指數將維持高檔區間震盪整理，若出現貶值，指數才有較大回檔空間。
201,2019/11/13,〈鴻海加碼亞太電〉斥100億元參與私募 富爸爸力挺競標5G頻譜,鴻海 () 今 (13) 日宣布，將斥資 100 億元，取得亞太電 () 私募股 10 億股，每股金額 10 元，以亞太電今日收盤價 6.91 元估算，溢價約 45%，持股比重也從 19.7%，攀升至 40.7%，鴻海表示，將攜手亞太電參與 5G 頻譜競標，計畫 2023 年完成 5G 行動寬頻業務投資計畫。鴻海表示，將與亞太電共同發展 5G 生態系應用，同時藉由亞太電提供的應用服務，開發符合運營商所需之下一代通信網路設備，落實集團深耕於 8K+5G、AI、智慧製造、智慧醫療等各種應用的佈局。依照鴻海的規劃，首要階段將與亞太電一同參與今年 12 月的 5G 頻譜競標，並持續進行 5G 行動寬頻之設備建置，規劃明年 1 月起的 2 年內，完成行動寬頻業務投資計畫。鴻海集團近年積極布局 5G 應用，除了在台北內湖大樓、新北土城廠區以及新竹交通大學打造 5G 實驗場域外，鴻海同時也攜手亞太電信、英特爾、交大等國內外產學研菁英組成的技術聯盟，佈局 5G 相關應用。
202,2019/11/13,矽力前3季獲利雙創高 EPS 18.29元,電源管理 IC 廠矽力 - KY() 今 (13) 日公布財報，前 3 季稅後純益、每股純益雙創新高，第 3 季稅後純益 5.89 億元，季減 14.64%，年增 6.13%，每股純益 6.54 元，前 3 季稅後純益 16.43 億元，年增 13.81%，每股純益 18.29 元。矽力 - KY 第 3 季合併營收 28.78 億元，季增 14.07%，年增 13.4%，毛利率 46.38%，持平上季，年減 1.09 個百分點，營益率 19.39%，季減 0.18 個百分點，年減 1.59 個百分點，稅後純益 5.89 億元，季減 14.64%，年增 6.13%，每股純益 6.54 元。矽力 - KY 前 3 季合併營收 74.56 億元，年增 4.4%，毛利率 46.32%，年減 0.03 個百分點，營益率 18.4%，年減 2.35 個百分點，稅後純益 16.43 億元，年增 13.81%，每股純益 18.29 元。矽力 - KY 第 3 季進入傳統旺季，消費性電子、通訊相關電源管理需求皆強勁，加上美中貿易戰帶來轉單，助攻營收攀新高，獲利則因匯率影響，導致純益較上季衰退。
203,2019/11/13,詩肯四大策略營運將谷底翻 明年獲利可望優今年,連鎖家具品牌商詩肯 () 今 (13) 日宣布，斥資 500 萬元開出詩肯台北旗艦店，董事長林福勤表示，趁著不景氣時擴張，今年調整體質、優化門市、議價結盟和品牌升級四大營運策略不變，只要家具業不要再向下走，看好明年營收、獲利均可較今年成長。由於家具業處在不景氣階段，詩肯前三季稅後純益 5347 萬元，年減 57%，每股純益 1.16 元，林福勤說，今年肯定衰退，不過，明年第一季農曆年後，預料第二季會轉好，「只要台灣家具業不再向下走，詩肯已做好因應策略，準備復甦」。林福勤看好，再不景氣台灣家具規模仍有 1000 億元，此次在台北內湖設立台北旗艦店，除是在家具一級戰區進行門市優化的重要調整，也宣示深根台灣持續投資的腳步不會停頓，預計「明年就看得到明顯的調整效益」。目前詩肯全台共有 130 家據點，其中詩肯柚木達 82 家、詩肯居家 41 家以及詩肯睡眠 7 家，林福勤說，暫時不會再快速展店，景氣不好先謹慎因應，同時轉移相對弱的店點，且不排除關閉獲利相對差的據點。就整體市況來看，林福勤直言，市場真的不好，難走但會繼續努力，詩肯是成熟的人帶領年輕人成長，並靠著生意分類化，例如開發皮製沙發、床墊等來強化成長動能。另外，詩肯第二季以 2.28 億元取得新加坡第二大家具零售商「NOVA」百分百股權，因 NOVA 商品定位相當平價具有競爭優勢，林福勤說，目前尚處在轉接期尊重舊有團隊，完成調整後，就會將商品快速導入台灣市場，成為成長新動能。
204,2019/11/13,國光生Q3純益逾1億元 EPS 0.31元 掛牌後首度單季轉盈,疫苗廠國光生 () 今 (13) 日公布第 3 季財報，受惠布局歐美市場有成，稅後純益 1.1 億元，較上季、去年同期轉盈，每股純益 0.31 元，為掛牌以來首度單季轉盈，累計前 3 季每股虧損 0.88 元。國光生第 3 季營收 5.06 億元，季增 3.81 倍，年增 60.6%；毛利率 40.82%，較上季轉為正數、年增 11.1 個百分點；營利率 20.05%，較上季、去年同期轉盈；稅後純益 1.1 億元，較上季、去年同期轉盈，每股純益 0.31 元。國光生累計前 3 季營收 6.72 億元，年增 61.7%；毛利率 8.52%，較去年同期轉盈；營利率 - 41.31%，虧損較去年同期收斂；稅後虧損 2.58 億元，虧損較去年同期小幅收斂，每股虧損 0.88 元。國光生表示，受惠美系客戶訂單出貨完畢、重組蛋白四價流感疫苗等在歐美市場上市，均推升第 3 季營運表現。展望後市，法人表示，本季營運動能將來自國內公費流感疫苗，由於施打日期較往年晚一個月，預計年底前出貨 410 萬劑，疫苗量大、單價高，第 4 季營運可望優於第 3 季。此外，國光生轉投資公司安特羅生技 ()，研發腸病毒 71 型疫苗，預計明年第 2 季申請藥證，國光生生產的四價流感疫苗，明年可望在泰國上市銷售，均可望帶動明年營運成長力道。國光生 10 月營收 1.63 億元，月減 39.19%、年減 34.18%；累計前 10 月營收 8.35 億元，年增 25.83%。
205,2019/11/13,電能市場需求推升 統振Q3獲利創8年新高 今啟動買回庫藏股,台整車廠今年以來銷歐電動自行車出貨量大幅增加，帶動統振 () 出貨歐盟的電池組產品強勁成長，帶動獲利成長，統振第 3 季稅後純益 2968 萬元，創 32 季以來新高，累計前 3 季純益 5689 萬元，每股純益 0.63 元，較去年同期轉虧為盈。統振第 3 季營收為 10.44 億元，創 21 季以來新高，在有利的出貨結構下，毛利率 16.96%，季增 1.82 個百分點，年增 2.64 個百分點，稅後純益 2968 萬元，創 8 年來新高，季增 75.37%，較去年同期轉虧為盈，勝過上半年盈餘的總合，單季每股純益為 0.33 元。統振前 3 季營收 28.19 億元，毛利率 15.48%，年增 1.21 個百分點，稅後純益 5689 萬元，每股純益 0.63 元，較去年同期轉虧為盈。統振總經理何明哲指出，目前集團電池封裝產能仍充足，銷歐電動自行車電池組以外，考量開發 5G 電信基地台、電動滑板車及儲能系統鋰電池組，將做為下一階段重要市場目標。何明哲指出，5G 通訊需求上來，將促成大量電信基地台改裝局端設備，原先備用、救援使用的鉛酸電池組，進一步汰換為高效鋰電池組；此外，目前各國政府積極推動綠電政策，企業儲能體系建置，也將是需求重點。統振在業績轉強下，今 (13) 日起 2 個月內將在 17 元以下的股價買回 3000 張庫藏股，將用於轉讓給員工。
206,2019/11/13,茂達明年風扇驅動IC市占衝7成 出貨量挑戰1億顆水準,IC 設計廠茂達 () 釋出對明年展望，總經理王志信表示，隨著日本同業淡出市場，明年風扇驅動 IC 在筆電的市占率，可望從今年 5 成提升至 7 成，出貨量從 0.7 億顆攀升至 0.98 億顆，挑戰 1 億顆水準，至於子公司大中 () 今年第 3 季為營運谷底，明年可望逐步好轉。王志信指出，上半年整體市況受貿易戰影響，茂達營運表現較淡，但第 3 季起，因客戶開始回補庫存，加上 Intel CPU 缺貨緩解，PC 需求明顯回溫，隨著 NVDIIA、AMD 降價推出 VGA(繪圖卡)，加上挖礦機需求回溫 30%，類比與風扇驅動 IC 出貨同步暢旺，也推升第 3 季營收創下今年新高。王志信表示，茂達第 4 季將延續上季動能，加上產品組合優化，營收、獲利表現看增，法人估，茂達第 4 季營收將攀今年高峰，達 13 億元，季增 11%，不過因今年上半年業績拖累，全年營收恐持平或微幅衰退，全年獲利則挑戰每股 4.5 元。產別類別來看，茂達風扇驅動 IC 今年出貨為 0.7 億顆，在筆電市占率約 5 成，隨著日本同業將資源轉移至高毛利車用、工業產品，明年第 2 季市占率估可達 7 成，出貨量挑戰 1 億顆水準。此外，茂達明年上半年將延續既有產品，擴大市占，下半年將推出機上盒、路由器等網通新產品，風扇也將切入智慧家電、基地台等新應用，遊戲機也將增加 2 個品牌客戶，未來也將朝 TWS(真無線藍芽耳機)、車用布局。P-Sensor 部分，王志信表示，目前已送樣給客戶，預計將應用在手機、TWS 上，但因導入時間較長，短期內不會有顯著營收貢獻。
207,2019/11/13,今年全台節電12.5億度 特力屋年省300萬元電費,台電今 (13) 日公布今年全台住宅及國中小學節電成效，總節電量已達 12.5 億度，等同於 32 萬戶全年用電量，更比去年同期多 3 億度；台電今年成立節能診斷中心，為連鎖居家品牌特力 () 旗下特力屋門市用電把脈，根據評估，全年可望省下逾 300 萬元電費。台電今天公布最新版節電成效調查，今年總節電量已高達 12.5 億度，等同於 32 萬戶全年用電量，更較去年同期增加 3 億度，同時呼籲工商業用戶一同響應。台電表示，今年主動在北中南成立節能診斷中心，派出節能工程師為企業用電把脈，自 7 月底成立至今，已為特力屋、嘉義大學等數十家企業及學校免費診斷並量身打造節能方案，擴大節電成效。特力屋 4 間門市已進行節能診斷，營運管理服務處經理林文雄指出，透過台電專業診斷，門市改採高效率照明燈具、汰換老舊空調冰水主機及水塔等設備，並調整電力契約。依據台電評估，整體改造完成後，預計全年最多可節電超過 800 萬度、省下逾 300 萬元電費。台電說明，今年 5 月首度公布節電大數據調查，以住宅、國中小學用戶為對象，並以去年夏月節電數據為準，從 22 縣市中挑出人口節電比例占比最高的鄉鎮市區中，選出冠軍來鼓勵全民節電。以 22 縣市節電冠軍地圖來看，今年共有 14 個縣市由同一行政區強勢蟬聯，台北市再度由松山區拿下冠軍，節電率達 20.8%，等於每 100 個松山人就有超過 20 個人實際節電，6-9 月累積節電達 600 萬度；新北市也由永和蟬聯，不過，高雄今年度則由楠梓區擠下左營一舉奪冠。
208,2019/11/13,台股盤中－港股重挫拖累+權值股熄火 跌破10500點回測月線,美股四大指數漲幅收斂，台股今 (13) 日受影響下跌 37.13 點開出，跌破 10500 點關卡，盤中受到港股壓抑，早盤一度跌逾 80 點，回測前低，權值股走勢也疲軟，大盤預估成交量約 1300 億元，盤勢陷入震盪。觀察權值三王今日表現，權王台積電面臨獲利了解賣壓，跌幅近 1%，拖累大盤表現，但仍力守 300 元，大立光則在盤上震盪，鴻海今日盤後將召開法說，但股價表現疲弱，早盤失守 90 元關卡，跌逾 1%。被動元件大廠國巨再啟跨國併購，擬收購美系被動元件業者 KEMET(基美)100% 股權，今日直奔漲停站上 300 元，帶動同族群力抗跌勢，智寶也有近半根停板，信昌電、華新科、奇力新、禾伸堂皆在盤上。IC 設計族群也持續抗跌，茂達漲逾半根停板，神盾、立積、M31、盛群、致新、矽力 - KY、譜瑞 - KY、瑞昱皆力守盤上，砷化鎵族群，穩懋、全新、宏捷科也相對大盤逆勢抗跌。盤面上弱勢族群則集中 PCB，臻鼎 - KY 法說報佳音，不過今日利多不漲，盤中一度大跌逾 8%，欣興、楠梓電、南電、華通與瀚宇博等，也都在盤下震盪，另外中鋼也召開法說釋展望，大成鋼跌逾 3%，中鋼、新光鋼、三星、豐興也在盤下。盤面上化學生技、建材營造、水泥與電器電纜等族群小漲，電子、鋼鐵、橡膠、航運等類股皆在盤下震盪整理。亞洲股市方面，香港三罷事件再起衝突，早盤大跌逾 500 點，跌幅近 2%，拖累亞股全面走跌，上証、滬深指數皆在盤下，日經指數、韓股也同步走跌，跌幅近 1%。法人表示，外資近日連 22 買超，但續買現貨、減碼期貨，顯示外資籌碼鬆動，且指數來到高檔價位，多頭調節心態恐難避免，短線居高思危，不宜追高。
209,2019/11/13,臻鼎-KY外資提兩大憂慮 降評至減碼,PCB 廠臻鼎 - KY() 今年折舊費用高達 80 億元，且 LCP 軟板應用市場需求具不確性，亞系外資今 (13) 日調降臻鼎 - KY 評等，由原先的「中立」調降至「減碼」，目標價由原先的 110 元上調至 121 元；臻鼎股價今日一度重挫逾 9 % ，最低跌到 139 元。臻鼎股價昨日以 153 元創高，子公司在大陸掛牌的鵬鼎，股價也以 48.95 元作收，雙創新高，鵬鼎昨日收盤價，更是去年 9 月 18 日掛牌以來的 3 倍。亞系外資看好，臻鼎明年業績將受惠天線與類載板業務推升，但是臻鼎折舊金額不斷增加，且市場具不確定性，加上第 3 季毛利率低預期，決調降評等，由原先「中立」降至「減碼」，目標價則上修至 121 元，估股價仍有 20.9% 的下修空間。臻鼎董事長沈慶芳昨日指出，臻鼎折舊費用估將由 2018 年的 60 億元提高到 2019 年的 80 億元。亞系外資強調，臻鼎明年大手筆投資天線、車用板、背光 PCB 等產品，考量新產線初期良率偏低，且折舊費用較高，恐影響明年獲利，意味臻鼎 - KY 毛利率和營益率高點恐將落在今年。亞系外資估臻鼎今年每股純益為 10.53 元，明年 11.53 元。
210,2019/11/13,全球Q3矽晶圓出貨面積連4季下滑 創近9季新低,國際半導體產業協會 (SEMI) 最新統計指出，第 3 季全球矽晶圓出貨面積持續減少，約 29.32 億平方英吋，已連續第 4 季下滑，並創 2017 年第 2 季來新低。據 SEMI 最新數據，第 3 季全球矽晶圓出貨面積約 29.32 億平方英吋，較上季的 29.83 億平方英吋減少 1.7%，較去年同期下滑 9.9%。SEMI 指出，地緣政治局勢持續緊張、全球經濟放緩等因素，對今年矽晶圓需求造成負面影響，與去年出貨量創新高相較之下，目前全球矽晶圓出貨量仍處於低檔水位。從國內矽晶圓廠表現來看，受到客戶持續去化庫存，需求疲弱、價格走跌影響，台勝科 () 第 3 季純益季減 53%，每股純益 0.74 元，近 9 季低點；合晶 () 稅後純益季減 18.9%，每股純益 0.6 元，近 6 季低點。環球晶則因長約比重高，稅後純益僅減 6.18%，每股純益 7.64 元，同為近 6 季低點。不過，合晶、台勝科均看好，第 3 季營運已落底，第 4 季起將緩步回溫，並看好明年上半年整體需求將明顯好轉。環球晶則認為，客戶庫存去化情況將持續至第 4 季、甚至明年，對明年展望樂觀，估下半年營運將優於上半年。
211,2019/11/13,喬山前3季EPS 1.94元超越去年全年 Q4營運加溫,健身器材廠喬山 () 打入全球連鎖健身房通路，第 3 季雙率雙升，稅後純益 3.41 億元，季增 54.3%，年增 78.7%，每股純益 1.12 元；前 3 季稅後純益 5.88 億元，較去年同期轉盈，每股純益 1.94 元，超越去年全年的 1.29 元，喬山看好第 4 季進入銷售旺季，接單動能持續暢旺，將是營運高峰。喬山第 3 季營收 61.59 億元，季增 9.7%、年增 13.9%；毛利率 50.11%，季增 0.17 個百分點、年增 2.2 個百分點；營利率 7.19%，季增 4.52 個百分點、年增 5.2 個百分點；稅後純益 3.41 億元，季增 54.3%、年增 78.7%，每股純益 1.12 元。喬山累計前 3 季營收 171.12 億元，年增 18.7%；毛利率 49.86%，年增 2.23 個百分點；營利率 3.65%，較去年同期轉盈；稅後純益 5.88 億元，較去年同期轉盈，每股純益 1.94 元，已超越去年全年獲利。喬山表示，受惠營收放大、稼動率提升、產品組合優化及費用控制得宜，帶動毛利率、營利率成長。展望後市，喬山看好，本季是健身器材產業旺季，接單可望持續暢旺，另除打入全球連鎖健身房通路外，也順利取得國際大型連鎖飯店供應商資格，預期本季將是今年營運高峰。
212,2019/11/13,〈大聯大收購文曄〉文曄開盤衝漲停 委買張數高掛95萬張,亞太半導體通路龍頭大聯大 () 對文曄 () 啟動非合意併購，預計斥資 81.1 億元，以每股 45.8 元，公開收購 3 成股權，由於溢價 26.87%，激勵文曄今日股價開盤隨即直奔漲停，委買張數高掛 94.8 萬張。大聯大預計，收購文曄股權數量最高 1.77 億股，占文曄已發行股數 3 成，收購時程自今日起至 12 月 12 日止。市場解讀，大聯大大動作入股，目的是要對文曄啟動敵意併購，儘管大聯大重申目的是財務投資，不過財務長袁興文日前在法說會上也指出，未來將推動數位轉型，但需從整體代理商的角度思考，因此外界解讀，大聯大短期不介入文曄經營，但長遠來看，仍有其背後的考量。另外，法人也認為，大聯大與文曄明年皆因德儀 (TI) 終止代理權影響營運，營收恐短少 545 億與 600 億元，連帶影響部分獲利，因此大聯大此時出手財務投資文曄，也有助明年獲利。
213,2019/11/13,桂盟Q3純益2.7億元歷史第三高 前3季EPS 6.01元,全球最大金屬鏈條廠桂盟 () 受惠歐美自行車鏈條補修市占率提升，加上中國市場需求回溫，第 3 季財報亮眼，稅後純益 2.7 億元，年增 36%，史上第 3 高；前 3 季稅後純益 7.57 億元，年增 6.67%，每股純益 6.01 元。桂盟第 3 季受惠中國內需市場回溫、自行車鏈條補修市場和高階運動休閒、電動自行車專用鏈條出貨增加，加上非自行車鏈條事業市況轉佳，第 3 季營收 13.2 億元，年增 15.8%，毛利率 41.5%，季減 1.46 百分點，年減 0.97 個百分點，稅後純益 2.7 億元，季增 15.34%，年增 36%，每股純益 2.17 元。桂盟前 3 季營收 38.86 億元，毛利率 42%，年減 0.47 個百分點，稅後純益 7.57 億元，年增 6.67%，每股純益為 6.01 元。桂盟主管指出，桂盟一直在產品組合優化、精實管理，帶動前三季三率三升，未來獲利成長驅動引擎，一是電動自行車零部件布局，除專用鏈條以外，也增加專用齒盤，產品線更豐富；二是增進歐美補修市場的市占率。鏈條補修市場的高毛利，一直是桂盟獲利成長主要動力，2019 年以來補修市場營收年增近 10%，隨著電動自行車及高階自行車的滲透率逐漸增加，補修市場將會在成長軌道上，帶動桂盟的獲利表現。
214,2019/11/13,國巨雙利多加持跳空直奔漲停 委買張數高掛逾7500張,國巨 () 今 (13) 日恢復交易，在宣布併購美商基美 (KEMET) 以及第 4 季需求優於預期，庫存持續下降等利多消息激勵下，開盤跳空鎖漲停 310.5 元，早盤委買張數高掛逾 7000 張。國巨斥資逾 500 億元併購美商基美，藉此跨入高階車用市場外，併購後，國巨營收將翻倍成長，獲利更將提升 8-9 成，是未來 5-10 年成長動能。董座陳泰銘昨日也親赴法說釋利多，認為被動元件市場出現一些強烈的訊號，整體需求優於預期，且稼動率拉升速度，也沒有需求來得快，第 4 季末庫存可望降至 70 天以下。
215,2019/11/13,華德動能獲住友商事參與私募 股價大漲逾25%,國內電動巴士廠商華德動能 () 董事會甫通過私募普通股定價相關事宜，日本住友商事以每股 25 元參與本次私募，預計總投資金額為 4.5 億 (約 1.26 億元)，持股比例約 7%，激勵今 (13) 日股價早盤飆漲超過 30% 至 21.77 元，盤中漲幅在 25% 左右。華德動能本次私募普通股對象是可以協助擴展全球業務行銷的策略投資人，而日本住友商事是初次參與華德動能私募，著眼於雙方合作電動巴士製造及服務，未來將持續在智能移動載具、汰役電池二次應用業務合作發展。華德動能看好，全球電動巴士和智能載具市場在未來數年內將有突破性增長，未來透過日本住友商事的全球行銷服務據點，可進一步拓展全球市場。華德動能是全球唯一採用六段電子自動變速箱的電動巴士廠商，並結合芬蘭設計東元電機生產的超高效能馬達，降低能耗並保有超高爬坡力及高速行駛能力，國產附加價值率超過 60%。日本住友商事已參與投資日本國內最大的電動車充電基礎建設計畫、歐洲最大的停車場業者，已及北美最大的共享汽車營運業者，對電動商用車相關事業採取積極性發展。華德動能上半年稅後純損 4800 萬元，已優於去年同期虧損 8300 萬元，每股純損 0.71 元；而今年前 10 月合併營收 1.59 億元，較去年同期微增 0.72%。
216,2019/11/13,多空搶控盤權 今朝看鴻海！周選結算莊家別攪局,匯率續升，外資熱錢對台股不離不棄，持續加碼，讓站回 11500 點關卡。多空搶短線控盤權，近日將白熱化，而今天盤後的鴻海法說會，將是重頭戲。外資已連買 22 個交易日的鴻海，將是大盤短多能否再度發動攻勢的重要關鍵。關鍵點位為 11483、11517 與 11559 點。台股短線多空強弱分界為 11500 點整數關卡，而 11517 點如能站穩，多頭才有機會重新整軍後再攻。如能突破 11559 點，則短多攻勢再起，將有機會再度挑戰 11588 與 11600 點。的而 11500 下方最重要的關鍵位置為 11483 點，不宜再失守，否則恐續往 11448、11413 回測。11413 也是 11400 點關前最重要的防線。第三季財報公布進入倒數計時，財報與法說會仍將是近 2 日搶占財經新聞版面的焦點。今日盤後的鴻海法說會與財報，更是攸關台股是否能再度發動攻勢。本波台股由於匯率衝破 30.5 元關卡，熱錢持續湧入，熱錢外溢效應，讓外資鎖定權值股中基期最低的鴻海，連買 22 個交易日。鴻海也是台股重要人氣指標，一般投資人也相當偏愛。總之，投資人別忘了「聽其言、觀其行」，外資如持續看好鴻海，得持續加碼買進才行。千萬不宜隨利多見報，出現爆量收黑。除了鴻海之外，PCB 族群仍是熱門人氣族群，另外今日還有發布購併訊息之後，恢復交易的國巨，是否牽動被動元件族群走勢? 也值得關注。短線上在財報公布高峰期，投資人得留意法人對個股的操作，以及法人的換股調節動作，盯緊法人新布局與加碼個股，趁勢搭第 4 季作帳行情順風車。(訊息僅供參考，請勿作為買賣股票之依據)
217,2019/11/13,台股盤前—外資期現貨不同調籌碼鬆動 慎防高檔賣壓逆襲,台股昨 (12) 日在外資繼續做多、內資賣壓收斂下，推升大盤指數重回 11500 點關卡，但市場觀望者眾，成交量不到 1200 億元，儘管外資連續 22 買，卻呈現期現貨不同調現象，加上美股四大指數平盤作收，預估台股恐將持續高檔震盪，短線慎防漲多賣壓出籠，勿貿然追高。美中貿易談判可望簽署初步協議，但美國總統川日前演講始終不肯透露細節，談話內容讓市場失望， 12 日平盤作收，、、等三指數則在平盤之上游移。在資金動能部分，外資昨日連續第 22 個交易日買超台股，鎖定 PCB、被動元件族群，買超金額擴大至 46.87 億元，內資部分自營商也由賣轉買，投信賣超金額亦呈現收斂，台股昨日重拾上漲動能，上漲 93 點收復 11500 點，化解月線失守危機。在產業消息部分，被動元件族群指標個股國巨再度啟動跨國併購，預計明年下半年完成收購美商基美 (KEMET)，市場預期完成收購後，國巨在被動元件市場市占率將衝上第 3 大。組裝龍頭大廠鴻海今 (13) 日即將召開法說，鴻海近期受外資青睞連續 22 個交易日獲外資買超，推升股價一路攻上 90 元關卡，5 日短期均線、月線同步回升，加上 10 月營收創歷史新高，今天可望挑戰連 23 日買超。法人表示，台股目前已獲外資 22 日買超，但卻呈現現貨續買、期貨減碼脫鉤現象，顯示外資籌碼有所鬆動，加上隨指數攻高獲利了結賣壓也隨之升溫，部分漲多個股恐持續遭賣盤調節，需留意技術指標過熱標的，勿貿然搶短。
218,2019/11/13,【新光證券】盤前分析,◆盤勢分析僅管美中談判狀況不明，但台經院上調台灣今明年經濟成長率、上市櫃 10 月合併營收 3.21 兆元，衝上今年以來單月新高，月增 0.33%，約四成六的公司前十月營收成長，已公布前三季財報企業有超過 27% 賺贏去年全年，吸引外資持續買超台股，12 日台股受上述消息影響，在連跌三天後開高走高，蘋概二大巨頭及金控股領漲大盤，推升大盤重返五日均線，終場收在 11520.37 點，漲 93.09 點或 0.81%，成交額 1195.63 億元。 OTC 指數收在 143.03 點，漲 1.06 點或 0.75%，成交額 270.93 億元。在外資及投信熱情買超下，12 日台股終止連三跌，惟 9 日 KD 值仍為死亡交叉， MACD 柱狀體轉為負值，技術面仍有過高壓力，日量萎縮逾二成，居高思違心態仍重。考量 11 及 12 月營收仍有蘋果及華為聖誕節拉貨效應，預估單月營收仍力守 3 兆元以上，全年營收有機會超越去年全年，預期基本面表現仍佳，另外，走升，外資連 22 天買超，籌碼面偏樂觀，台股有機會沿五日線走高，選股可留意前三季獲利賺贏去年全年、本益比低於大盤族群波段操作。
219,2019/11/13,【日盛投顧】盤前分析,"◆盤勢分析1. 美國 10 月 NFIB 小企業信心指數 102.4，略優於預期的 102，而市場仍聚焦川普是否會表態中美貿易戰進展，演說內容並未透露市場引頸期待的美中貿易談判細節，美股四大指數表現平淡，漲幅介於 0.00% 至 0.28%。其中指標股特斯拉、美光漲逾 1%，台積電 ADR 收跌 0.86%。2. 台股在經濟數據止穩，以及整體上市櫃 10 月營收亮眼加持下，揮別前一個交易日的大跌，電子股重啟漲勢，帶動指數最終上漲 93.09 點，漲幅 0.81%，收在 11,520.37 點，成交金額為 1,187.44 億元。三大法人合計買超 49.09 億元，外資買超 46.87 億元、投信賣超 1.04 億元、自營商買超 3.26 億元。3. 由以下三個面向檢驗方向及強弱：（1）量能：價漲量縮，不利於盤勢表現，後勢仍需回檔量縮，漲時量增。（2）均線：支撐為月線 (約 11,381 點) 附近，壓力為前高 11,668 點附近。（3）技術指標：KD 向下，9 日 K 值（64）高於 50，短線偏多整理。4. 漲幅 0.75%，收在 143.03 點，同步上揚。支撐為季線（141.3 點) 附近，壓力為 144.5 點附近，KD 指標向下，開口收斂，9 日 K 值（30）低於 50，短線整理。5. 觀盤重點：指數月線可視為波段支撐，而個股仍受季報基本面的考驗，波動持續劇烈，整理階段操作建議仍不宜追高，逢拉回不破支撐再行布局。台股選股方向可留意 IC 設計、運動休閒、內需、5G、PCB、設備、伺服器、車用等。6. 晶圓代工龍頭 2330 台積電 12 日召開季度例行董事會，會中決議通過第三季盈餘派發的 2.5 元現金股利，將於明年 4 月發放，同時核准 1,998 億 7,450 萬元資本預算案，主要用於擴充先進製程及先進封裝產能。7. 網路交換器大廠 2345 智邦受惠於高階網路交換機產品接單暢旺、佳音頻傳，繼 8、9 月營收迭創歷史新高後，第三季獲利又跟進來到峰頂，每股大賺 3.12 元，不僅創下單季新高，且直逼上半年每股獲利總和 3.85 元，經換算，前三季 EPS 6.97 元。8.2327 國巨 12 日宣布，將以每股 27.2 美元的現金收購美商基美（Kemet）所有發行在外流通之普通股，而以基美前一個交易日收盤價計算，約溢價 18.2％，收購規模高達 16.4 億美元（約 500 億元）。國巨董事長陳泰銘表示，將藉此敲開高階車電市場大門。9.1736 喬山前三季財報表現搶眼！累計今年前三季合併營收 171.11 億元、年增 18.76％，稅後盈餘 5.88 億元、年增 4.89 倍，EPS1.94 元，優於去年同期每股虧損 0.5 元，已超過 2018 年度 EPS1.29 元。喬山透露，公司剛拿到歐洲大客戶，預計明年開始供貨，將可貢獻公司營收。"
220,2019/11/13,盤前財經大事搶先讀2019年11月13日,南韓 10 月失業率美國 10 月 CPI紐西蘭央行利率決策法說會：鴻海、廣達、美律、力旺、昭輝、力山、敦吉、敦泰、樺漢股臨會：凱碩、羅昇車市龍頭和泰車 () 公布第 3 季財報，獲利大暴衝，單季就賺超過半個股本，並創新高，稅後純益衝上 33 億元，年增 37.8%，每股純益 6.04 元；累計前 3 季稅後純益 88.51 億元，年增 15.5%，每股純益 16.2 元，法人樂觀看待，在新車銷售暢旺帶動下，今年和泰車有望首次賺達 2 個股本。精測 () 昨 (12) 日舉辦法說會，總經理黃水可表示，明年第 1 季在 5G 商轉加速推升下，訂單能見度高，且 VPC(垂直探針卡) 今年營收比重已達雙位數，預計明年需求將持續增加，可望成為明年主要成長動能。美國總統川普週二 (12 日) 在紐約發表演說時警告，如果美中無法達成協議，將大幅提高對中國商品的關稅。川普重申中國「渴望」與美國達成貿易協議，雙方即將簽署第一階段協議，但他強調僅接受美國企業和工人有利的情況下才會簽署協議。工具機大廠上銀 () 昨 (12) 日召開法說，上銀表示，目前各應用產業表現不盡相同，工具機產業景氣仍無好轉跡象，預估最快明年第 2 季後才可望觸底回溫。而上銀目前營運處谷底，但看好明年第 1 季後將逐步好轉，明年除新品發酵，產業轉型升級趨勢帶動下，營運將比今年「好很多」。隨著中美貿易戰爆發，亞洲哪個開發中國家可接棒中國的「世界工廠」王座的爭論，再次成為焦點。一份最新的報告顯示，印度及印尼可能是目前的領先者。
221,2019/11/13,◆外資連續5日買超個股,外資連續 5 日買超個股1. 外資連續買超 5 日的股票(2317) 鴻海、(2888) 新光金、(4938) 和碩、(3037) 欣興、(2882) 國泰金2. 外資連續買超 4 日的股票(2317) 鴻海、(2888) 新光金、(4938) 和碩、(3037) 欣興、(8150) 南茂3. 外資連續買超 3 日的股票(2317) 鴻海、(4938) 和碩、(3037) 欣興、(2313) 華通、(2888) 新光金4. 外資連續買超 2 日的股票(2317) 鴻海、(3037) 欣興、(2313) 華通、(4938) 和碩、(2888) 新光金5. 外資當日 (12) 買超的股票(3037) 欣興、(2317) 鴻海、(2891) 中信金、(2313) 華通、(2449) 京元電子
222,2019/11/13,◆外資連續5日賣超個股,外資連續 5 日賣超個股1. 外資連續賣超 5 日的股票(00637L) 元大滬深 300 正 2、(2324) 仁寶、(1216) 統一、(6116) 彩晶、(2885) 元大金2. 外資連續賣超 4 日的股票(3481) 群創、(00637L) 元大滬深 300 正 2、(6116) 彩晶、(1216) 統一、(2884) 玉山金3. 外資連續賣超 3 日的股票(3481) 群創、(00637L) 元大滬深 300 正 2、(2409) 友達、(6116) 彩晶、(2324) 仁寶4. 外資連續賣超 2 日的股票(3481) 群創、(00637L) 元大滬深 300 正 2、(2409) 友達、(2324) 仁寶、(6116) 彩晶5. 外資當日 (12) 賣超的股票(3481) 群創、(2324) 仁寶、(2409) 友達、(2515) 中工、(2888) 新光金
223,2019/11/13,◆投信連續3日買超個股,投信連續 3 日買超個股1. 投信連續買超 3 日的股票(2313) 華通、(2448) 晶電、(3231) 緯創、(2888) 新光金、(3037) 欣興2. 投信連續買超 2 日的股票(2448) 晶電、(2313) 華通、(2888) 新光金、(3037) 欣興、(3706) 神達3. 投信當日 (12) 買超的股票(2448) 晶電、(3706) 神達、(2888) 新光金、(2886) 兆豐金、(6269) 台郡
224,2019/11/13,◆投信連續3日賣超個股,投信連續 3 日賣超個股1. 投信連續賣超 3 日的股票(2329) 富邦金、(2383)S 大聯大甲特、(3576) 鴻海、(3653) 全新、(3711) 台積電2. 投信連續賣超 2 日的股票(2329) 華泰、(3576) 聯合再生、(2337) 旺宏、(3653) 健策、(2891) 中信金3. 投信當日 (12) 賣超的股票(2891) 中信金、(2329) 華泰、(3576) 聯合再生、(2892) 第一金、(3481) 群創
225,2019/11/13,【鉅亨-盤前掃瞄】技術面,1.5 日均線 11557.36 點，10 日均線 11512.62 點，20 日均線 11380.81 點。2.6 日 RSI 為 45.61，12 日 RSI 為 65.60。3.20 日乖離率為 1.23。
226,2019/11/13,【鉅亨-盤前掃瞄】基本面,1.12 日交易日以 30.422 兌 1 美元作收，收盤升 1.3 分，成交值為 7.79 億美元。2. 集中市場 12 日外資買超 46.8 億元，投信賣超 1.0 億元，自營商買超 3.2 億元。3. 集中市場 12 日融資餘額較前 1 日增加 4.57 億元，成為 1410.95 億元，融券餘額較前 1 日增加 2567 張，成為 848583 張。
227,2019/11/13,〈神盾法說〉Q4客戶調整庫存營運低原先預期 仍看好長期動能,指紋辨識晶片大廠神盾 () 12 日舉辦法說會，財務長張家麒表示，第 4 季開始出貨給第 2 家中國客戶，但模組廠客戶為避免在年底前累積太多庫存、影響財報表現，拉貨態度較預期趨緩，第 4 季營運不如預期樂觀，但張家麒仍強調，此屬暫時性問題，不會有任何影響。張家麒指出，第 4 季毛利率可望持穩上季，業績則受客戶調整庫存影響，不過，該拿到的訂單都有拿到，下半年導入機種數多於上半年，2020 上半年的機種也在研發中，因此長遠來看，營運動能仍強。近期三星因採用超音波屏下指紋辨識出包，市場擔憂三星會改採 ToF (飛時測距) 3D 感測，取代屏下指紋辨識，張家麒認為，ToF 與屏下指紋辨識可相容，不會有所牴觸，採用 ToF 有三大挑戰，首先，ToF 成本高於光學式指紋辨識，平價機種導入不易，再者，ToF 感測模組需設置在手機上緣，無法迎合全屏趨勢，最後，砷化鎵產能有限，故難以取代光學式。張家麒指出，非蘋陣營來看，超薄指紋辨識與現今解決方案皆由單指按壓，產品附加價值提升不大，故廠商採用態度兩極，超薄雖可省下電池空間，但使用的晶圓面積是光學式的 5-10 倍，成本與產能仍是較大的考驗。相反地，大面積指紋辨識不受限單指觸壓，可雙指或多指，增加用戶體驗，廠商興趣度高；至於量產時程，神盾認為，超薄量產不會像光學式落後對手半年，預計最快今年底或明年第 1 季推出，而大面積指紋辨識的時程則較市場預期快。至於 8 吋晶圓產能較緊，現有產能恐不足供應明年出貨量，神盾認為，會將部份產能移至 12 吋晶圓廠，但因明年仍以光學式為大宗，因此如何分配光學及超薄式指紋辨識產能，尚在評估。
228,2019/11/13,華映籌措員工工資 擬處分楊梅、龍潭2廠,大同 () 發布重訊，旗下子公司華映擬召開股臨會，討論處分楊梅廠及龍潭廠，資金將優先償還積欠員工工資，此外，因華映大量解僱勞工工資達法定標準，相關負責人已禁止出國。大同表示，為籌措資金償還員工及有擔保、無擔保債權，華映擬與債權銀行等相關單位，處分楊梅廠及龍潭廠的資產、土地、廠房等主要財產。大同指出，已開立勞工債權信託帳戶，優先用於償還員工債權及資產處分相關費用，後續視資產處分進度，必要時再設立兩個信託帳戶，加速取得資金償還債務。另董事長林郭文艷接獲勞動部來函，因華映積欠大量解僱勞工工資達法定標準，依法規定華映代表人及實際負責人，禁止出國，大同強調，此案對大同無重大影響，不過對於當事人不公平，擔心權益受到影響。勞動部日前指出，華映預計於 11 月 30 日大量解僱員工，不過 8-9 月工資尚未給付，共有 1842 名勞工、積欠金額達 9000 萬元，桃園市政府勞動局限期華映給付卻仍未給付，已經達到《大量解僱勞工保護法》限制出境的規定。
229,2019/11/13,事欣科Q3純益季增近5倍 前3季EPS 3.64元賺贏去年,工業電腦廠事欣科 () 第 3 季在處分不動產挹注下，稅後純益 2.14 億元，季增 498%、年增 186%，每股純益 2.62 元，累計前 3 季每股純益 3.64 元，超越去年全年。事欣科第 3 季營收 21.02 億元，季增 14%、年減 2.6%；毛利率 23.36%，季增 0.9 個百分點、年減 1.41 個百分點；營益率 0.88%，季增 0.67 個百分點、年減 5.3 個百分點；稅後純益 2.14 億元，季增 498%、年增 186%，每股純益 2.62 元。累計事欣科前 3 季營收 56.86 億元，年減 10.8%，毛利率 2.421%、年增 1.08 個百分點，本業獲利損平，但在業外挹注下，稅後純益 2.95 億元，年增 49%，每股純益 3.64 元，超越去年全年。展望第 4 季，法人預估，事欣科受美中貿易戰影響而遞延出貨之機台將陸續於第 4 季完成驗收入帳，加上子公司恩德接單狀況回升，第 4 季本業營運可望回穩。
230,2019/11/13,中鋼：今年應為鋼市谷底 明年展望審慎樂觀,中鋼 () 董事長翁朝棟指出，各國高爐廠已紛紛加大減產力道，鋼價築底階段確立，加上明年建築、汽車以及機械等三大用鋼產業，預計將逐步回穩復甦，也將帶動鋼材需求，今年應為鋼市需求谷底，明年展望審慎樂觀。中鋼 12 日召開集團聯合法說，翁朝棟引言時指出，全球鋼廠如 US Steel、TATA、日鐵、POSCO、KOBE 等，第 3 季起幾乎全面瀕臨虧損，因此鋼廠勢必竭力停損，高爐廠已紛紛加大減產力道，鋼價築底階段確立。以近期國際行情來看，美國鋼廠近期熱壓每噸已陸續調漲 40 美元，印度、俄羅斯的低端報價情況好轉，中國鋼價也震盪反彈走強，翁朝棟表示，受惠今年第 4 季旺季需求遞延，加上明年回補庫存需求，將帶動鋼價彈升。從需求及產業應用面來看，翁朝棟則認為，建築業及機械業可望受惠東南亞、印度等新興及開發中國家，強力推動基礎建設及能源相關的投資，並更換老舊設備，都將支撐用鋼需求。此外，台商回流設廠也將帶動廠房建材用鋼需求逐步釋出，綠能風電需求明年更可望大量釋出。翁朝棟也看好，汽車業因各國政府陸續推出各項減稅等優惠刺激措施，預期明年包括中國、印度、俄羅斯及德國等汽車消費大國，需求將谷底反彈，而電動車快速成長，則將帶動電動車馬達用鋼、車用鋼材及鋁材需求。
231,2019/11/13,離岸風電下階段達10GW 沈榮津：規劃每年釋出1GW公開競價,台灣首座離岸風場海洋風電今 (12) 日舉行風場啟動典禮，預計年底將正式進入商轉，經濟部長沈榮津表示，目前規劃「區塊開發」政策將在 2026 至 2035 年，每年釋出 1GW 公開競價，以達總統宣示的 10 年 10GW 目標，並會要求部分項目國產化。沈榮津表示，目前規劃每年釋出 1GW，將先以資格標要求國產化，再以價格標篩選出合理、便宜的電價，希望藉此讓國際開發商、系統商及國內設備供應商，看到有秩序的經濟規模。另一方面，針對部分廠商反映希望將國產化標準改以占比計算，沈榮津表示，都會與廠商溝通，目前正在蒐集意見，詳細規劃預計明年第 1 季公布。台灣首座商業規模離岸風場海洋風電，為丹麥沃旭能源、日本 JERA、澳洲麥格理資本及上緯投控 () 共組的國際策略聯盟共同完成。經濟部今也舉辦電子資訊國際夥伴績優廠商 (IPO Awards) 頒獎典禮，由經濟部沈榮津部長親自頒發 6 大獎項予 Google 等 18 家國際電子資訊領域相關廠商，以鼓勵其對臺灣產業發展之卓越貢獻，預期 108 年度 IPO Forum 電子資訊外商對台灣採購金額將持續成長，可望達到 1245 億美元。經濟部為鏈結國際資源轉化為國內產業能量，設立 IPO Awards 獎項，推動產業提升附加價值及國際競爭力，並表揚國際廠商在技術研發、策略投資、綠色系統、創新應用、軟性價值及採購等 6 大面向，對台灣產業的貢獻，而本屆獲獎名單包括谷歌、美光、戴爾、IBM、LINE、微軟、蘋果、輝達等 18 家廠商。
232,2019/11/13,和泰車獲利暴衝 單季賺逾半個股本 全年EPS有望突破20元,車市龍頭和泰車 () 公布第 3 季財報，獲利大暴衝，單季就賺超過半個股本，並創新高，稅後純益衝上 33 億元，年增 37.8%，每股純益 6.04 元；累計前 3 季稅後純益 88.51 億元，年增 15.5%，每股純益 16.2 元，法人樂觀看待，在新車銷售暢旺帶動下，今年和泰車有望首次賺達 2 個股本。就前三季來看，前 10 大車商僅三家成長，以和泰車旗下 TOYOTA(含 LEXUS) 新車掛牌數達 99744 台，年增幅 11.3% 最多，市占率達 32%，稱霸整個車市。進入 10 月後，和泰車買氣仍維持暢旺，神車 TOYOTA ALTIS 10 月掛牌數 2714 台，在國產中大型房車級距中拿下 76.5% 市占率，再加上 RAV4 單月單月掛牌達到 3739 台，銷售創新高，推升 TOYOTA 共銷出 11944 台，年增 52.93%。此外，LEXUS 10 月銷出 2235 台，年增 38.13% 也表現亮眼，其中，NX 熱賣 992 台，年增幅高達 73%，RX 銷售 427 台，再加上瞄準年輕族群的入門款 SUV UX 銷售 337 台，合計 LEXUS SUV 三劍客為品牌貢獻逼近 80% 的銷量。展望後市，由於第 4 季和泰車獲原廠增家進口油電車供應配額，已調高全年新車銷售目標至 13.5 萬台，並二度上修全年車市估至 43.5 萬輛。和泰車總經理蘇純興更已表態，明年看不到不好的理由，主要是汰舊換新補助進入最後一年，買氣可望再增，同時，已規畫明年推出全新國產休旅車，對銷售樂觀看待。
233,2019/11/12,六輕台塑化煉製一廠傳火警 造成一名工人燒傷送醫,台塑企業雲林麥寮六輕廠區內台塑化 () 煉製一廠，今 (12) 日下午 2 時傳出火警，以強大水柱壓制後，火勢在 15 分鐘內獲得控制，但造成一名工人燒傷送醫。台塑化煉製一廠今日下午 2 時，原油常壓蒸餾單元 (M01) 在進行輕油分離設施拆卸壓力錶過程中，發生氣體洩漏冒煙，塑化消防隊出動 7 部消防車，以強大水柱壓制，並啟動緊急安全防護系統。據悉，火勢已於 15 分鐘內獲得控制，不過，有一名工人在拆除作業時，第一時間遭火勢燒傷，已送醫救治。
234,2019/11/12,微星Q3純益季增逾3成 EPS 2.03元 近5季新高,微星 () 今 (12) 日公布第 3 季財報，稅後純益 17.13 億元，季增 36.46%，年增 13.8%，每股純益 2.03 元，為近 5 季新高，累計前 3 季稅後純益達 5.06 元，每股純益 5.06 元；展望第 4 季，法人表示，英特爾與超微仍有新品推出，加上中國雙 11 與美國耶誕節購物節旺季，預期微星今年第 4 季營運可望持平第 3 季。微星第 3 季營收 328.14 億元，季增 25.51%，年增 14.35%，毛利率 13.34%，季減 0.69 個百分點，年增 0.18 個百分點，營益率 5.8%，季增 0.55 個百分點，年增 0.67 個百分點，稅後純益 17.13 億元，季增 36.46%，年增 13.8%，每股純益 2.03 元。微星累計前 3 季營收 884.46 億元，年減 0.4%，毛利率 13.36%，年減 1.3 個百分點，營益率 5.28%，年減 1.53 個百分點，稅後純益 42.76 億元，年減 20.3%，每股純益 5.06 元。法人表示，微星近期積極拓展非電競產品，預期今年 AIoT 產品將可成長 15-20%，另外主推高階電競產品，筆電也有個位數成長，在中國雙 11、美國耶誕購物季需求推升下，第 4 季營運可望持平第 3 季。微星日前也公布 10 月合併營收 118.11 億元，月增 0.77%、年增 0.19%，創下歷史新高，累計今年前 10 月合併營收突破千億元，達 1002.57 億元，月減 0.31%。
235,2019/11/12,〈電信董座訪NCC〉電信高層籲標金不應太高 中華電投資金額估逾600億元,NCC 今 (12) 日邀請 5 大電信高層，進行 5G 頻譜競標第一階段面談，針對 5G 標金與資本支出，遠傳 () 董事長徐旭東認為，由於 4G 仍需攤提折舊費用，5G 標金金額不應太高；至於後續建設費用，中華電 () 董事長謝繼茂預估，5G 建置成本 1 年約 100 億元，總金額估超過 600 億元。據 NCC 公布的首波頻譜底價，3.5GHz 頻段釋照底價 243 億元、28GHz 頻段底價 25 億元及 1800MHz 頻段底價 32 億元，3 頻段合計 300 億元，國庫收入目標為 400 億元。徐旭東指出，全球逾 15 個國家已啟動 5G 商轉，照國際最終標金結果來看，400 億元屬合理，不過台灣僅 2300 萬人口，標金不應超過 400 億元，且目前電信商仍在攤提 4G 折舊費用，盼最終 5G 標金不要炒太高。遠傳總經理井期認為，各家競標情況應「量力而為」，另政府取得標金後，可將部分資金回饋 5G 產業，讓應用加速發展。台灣之星指出，已備妥至少 170 億元投入 5G 市場，為 5G 第一次釋照、頻率競標及未來營運做足準備。至於後續的 5G 資本支出，謝繼茂表示，2014-2019 年 4G 約投入 600 億元，不過 5G 的基地台成本、設備成本、建置數量等都比 4G 多，1 家業者 1 年 5G 的資本支出上看 100 億元，總金額將超過 600 億元。NCC 詢問亞太電 () 頻譜的使用規劃，董事長呂芳銘則回應，亞太電將專注在智慧生活，會以高頻、低頻相互搭配，並積極發展 5G 垂直應用。另市場傳出，亞太電首波 100 億元私募增資案，鴻海 () 以海外公司參與認購，呂芳銘對此強調，一切依照程序進行，預計 11 月 21 日前完成第一階段的私募。
236,2019/11/12,蘋果PCB廠獲利亮眼 欣興Q3純益32季來新高 華通、健鼎EPS創高,蘋果 PCB 供應鏈第 3 季獲利表現亮麗，華通 ()、健鼎 () 單季稅後純益都創新高，欣興 () 第 3 季稅後純益也衝上 12.61 億元，創 32 季以來新高，同時超越上半年 9.19 億元表現，每股純益 0.87 元，前 3 季稅後純益 21.8 億元，年增 1.28 倍，每股純益為 1.5 元。欣興第 3 季營收 229.49 億元，創新高，毛利率為 15.36%，季增 2.16 個百分點，年增 1.26 個百分點，稅後純益 12.61 億元，創 32 季來新高，單季每股純益 0.87 元。欣興前 3 季營收為 599.63 億元，毛利率 13.48%，年增 3.92 個百分點，稅後純益 21.8 億元，年增 1.28 倍，每股純益為 1.5 元。華通第 3 季獲高階 PCB 產品推動，稅後純益 14.72 億元創新高，每股純益 1.24 元，毛利率也達 18.93%、營益率 12.95%、稅後純益率 9.04%，獲利表現三率三升，前 3 季稅後純益 23.8 億元，年增 21%，每股純益達 2 元。健鼎今年上半年單季均稱霸 PCB 業每股純益王，第 3 季營收、毛利率及每股純益也創新高，稅後純益 20.06 億元，每股純益 3.82 元，超越法人預期，前 3 季稅後純益 43.73 億元，每股純益達 8.32 元，仍稱霸前 3 季每股純益王。
237,2019/11/12,〈電信董座訪NCC〉謝繼茂：加速5G建置速度 拚明年7月商轉,5G 頻譜競標將於 12 月 10 日展開，NCC 今 (12) 日邀請 5 大電信高層進行第一階段面談，針對 5G 基地台建置規劃，中華電 () 董事長謝繼茂表示，取得執照後需半年準備作業，目標明年 7 月開台，建置速度將比預期快，估 3 年內可達 5 成人口涵蓋率，比政府規劃時程縮短 2 年。NCC 邀請 5 大電信業進行「108 年度行動寬頻業務釋照第一階段書面審查到會面談及後續評分作業」，對 5G 競標與展望表達意見。5 大電信高層均出席，包括遠傳 () 董事長徐旭東、總經理井琪，中華電信董事長謝繼茂、總經理郭水義，台灣大 () 董事長蔡明忠、總經理林之晨，台灣之星董事長林清棠、總經理賴弦五，亞太電信 () 董事長呂芳銘、總經理黃南仁等人。據 NCC 規劃，得標 3.5GHz 頻段的業者，5 年內基地台涵蓋全國人口要達 50%，謝繼茂對此表示，5G 建設計畫速度比預期快，估 3 年就可達 5 成涵蓋率，5 年後涵蓋率可達 100%，不過台灣 4G 建設、涵蓋率已足夠，5G 不需全面布局，僅針對重點區域進行設備建置。謝繼茂指出，5G 牽涉國家競爭力，也是重要平台，中華電會盡快完成網路建設，讓相關產業能透過 5G 加速發展，也讓加值創新應用服務再升級。徐旭東則表示，5G 建設計畫希望能再加快腳步，不過遠傳已推行 4.5G 網路，算是提早準備，此外，遠傳涵蓋的業務層面廣，如金融科技、行動支付等服務，將逐步加深應用面。台灣之星則指出，已做足萬全準備，全力搶下競標 5G 入場門票，尤其是成熟應用的 3.5GHz 頻段，確保在 5G 時代取得一定的競爭力、絕不缺席。
238,2019/11/12,〈神盾法說〉Q3毛利率創3年來新高 前3季EPS 9.65元,指紋辨識晶片大廠神盾 () 今 (12) 日舉辦法說會，並公布財報，第 3 季毛利率因軟體演算法更新，加上產品組合改善，創近 3 年新高，稅後純益 2.9 億元，季增 22.88%，年增 57.21%，每股純益 4.23 元，前 3 季稅後純益 6.6 億元，年減 5.11%，每股純益 9.65 元。神盾第 3 季合併營收 20.75 億元，季增 9.27%，年增 30.34%，毛利率 44.01%，季增 5.93 個百分點，年減 8.51 個百分點，營益率 17.96%，季增 5.66 個百分點，年增 3.43 個百分點，稅後純益 2.9 億元，季增 22.88%，年增 57.21%，每股稅後純益 4.23 元。神盾前 3 季合併營收 53.67 億元，年增 14.05%，毛利率 41.21%，年增 4.92 個百分點，營益率 14.18%，年減 2.79 個百分點，稅後純益 6.6 億元，年減 5.11%，每股稅後純益 9.65 元。神盾第 3 季受惠中系、韓系客戶拉貨力道轉強，營收創新高，毛利率也因演算法軟體更新，加上光學指紋辨識出貨比重拉升，帶動毛利率創下近 3 年新高。
239,2019/11/12,精測明年Q1能見度高 VPC將推升未來營運成長,精測 () 今 (12) 日舉辦法說會，總經理黃水可表示，明年第 1 季在 5G 商轉加速推升下，訂單能見度高，且 VPC(垂直探針卡) 今年營收比重已達雙位數，預計明年需求將持續增加，可望成為明年主要成長動能。黃水可指出，明年晶圓測試及 VPC 需求將增加，晶片載板需求則放緩，現在 VPC 產能滿載、供不應求，故因應客戶需求積極擴產，預計明年將每月產能將達 100 萬針 (Pin)。隨著 5G 手機需求明朗，黃水可認為，市調機構資策會預估，明年 5G 手機數量將達 2.6 億支，但消費者希望能同時處理 4G 與 5G 的產品，因此手機數據機與處理器實際需求數量，有機會比預估數字樂觀。黃水可認為，探針卡產業具獨特性，從材料、藥水、檢測，到自動化設備，皆需自給自足，目前整體生態系尚未完整，建置進度約 80%，明年精測將逐步完成布局。黃水可表示，精測未來毛利率將維持在 50-55%，今年折舊費用約 2.6 億元，最快 11 月開始認列新廠折舊，一年費用約 0.9 億元。至於低軌道衛星的印刷電路板，黃水可指出，已與客戶完成第一階段專案，但目前與早期談的規格有些許變動，預計將持續確認後續合作方向及模式。
240,2019/11/12,〈英業達法說〉產線調整年底完成 明年資本支出估低於今年,代工廠英業達 () 今 (12) 日舉辦線上法說，總經理巫永財表示，因應美中貿易戰，今年是產線調整年，力拚年底前產線調整完畢，最壞的影響就是目前的情況，英業達也已備妥因應措施，明年估不會再增加因調整產能所需的資本支出。受美中貿易戰影響，英業達申請台商回台計畫，預計斥逾 48 億元，回台擴建既有龜山與大溪廠房，另外向中電 () 購置桃園廠房，擴展並轉移部分筆電與伺服器產能回台灣，位於歐洲的捷克廠區也將承租新廠辦，擴大伺服器生產。法人關心明年資本支出進度與產能調配，巫永財表示，目前伺服器與智慧裝置產能已調整完畢，筆電則分階段調整，預期今年底前將調完所有受影響的產品線，估明年不會再增資本支出，未來若客戶有需求，才會再進行調整。英華達方面，總經理何代水指出，智慧裝置的產線仍以上海為主要生產基地，今年因應貿易戰，中國南昌與馬來西亞檳城等地，也陸續投入生產與開發新品，將持續採取全球分布生產策略，維持產品毛利率，並配合客戶降低風險成本。
241,2019/11/12,網家獲利面轉強 連3季賺錢 前3季每股純益1.1元,台灣最大電商集團 PChome 網路家庭 () 今 (12) 日公布第 3 季財報，單季稅後純益 0.56 億元，較去年同期轉盈，連 3 季獲利，每股純益 0.48 元；累計前 3 季稅後純益 1.29 億元，優於去年同期大虧 9.84 億元，每股純益 1.1 元，獲利表現漸入佳境。網家董事長詹宏志表示，為加速建構完整 P 幣點數生態圈，網家今年陸續將旗下 PChome24h 購物、商店街市集、露天拍賣三大電商平台及 PChome 旅遊，先後導入 Pi 拍錢包和 P 幣應用，未來將持續以 P 幣為發展核心，整合內部各項資源，並打通各個服務間會員帳號，發揮集團事業體綜效。網家第 3 季首度邀請藝人張鈞甯擔任網家代言人，有效推動女力消費，女性消費者占比達 60%，而首創的七夕、父親和中元節三節合一「心禮節」檔期，因結合社群媒體曝光擴大新用戶觸及率，推升 18 至 24 歲消費者占比衝上最高，消費族群趨向年輕化。另一方面，PChome24h 購物是台灣電商唯一全系列 Apple 授權經銷商，第 3 季開賣全新 iPhone11 系列新機，現貨首賣銷售半小時，業績突破億元，刷新去年同期銷售成績。而網家子公司露天拍賣 7 月導入日本樂天市場商品，美國 eBay 與日本 Rakuten 海外總物件數已達 7000 萬件，也一口氣擴大 P 幣跨境應用。PChome 商店街 / 個人賣場則是自 7 月起推連續 3 個月成交手續費僅需 1% 的優惠，吸引新賣家成長近 40%，平均訂單金額年增 2.6 倍。至於 Pi 錢包，實體合作通路數再創新高，全台已累計超過 18 萬店點，應用場景囊括虛擬、食品業、飲料店、速食店及百貨業。進入第 4 季零售旺季，網家啟動 One PChome 生態系，結合集團各事業建構 P 幣生態圈，並積極拓展線上線下合作通路，樂觀看營收和獲利成長。
242,2019/11/12,橘子Q3純益季增65.9倍 每股賺1.84元 前3季EPS 3.93元,橘子集團 () 今 (12) 日公告第 3 季財報，受惠多款遊戲新作上市與改版挹注，產品組合有利，單季稅後純益 3.2 億元，季增高達 65.9 倍，年減 39.4%，每股純益 1.84 元。前 3 季稅後純益 6.83 億元，年減 53%，每股純益 3.93 元。橘子第 3 季合併營收 23.9 億元，季增 21%，年減 26.9%，毛利率 44.81%，季增 4.5 個百分點，年增 2.85 個百分點，營益率 17.13％，季增 14.2 個百分點，年減 0.23 個百分點；稅後純益 3.2 億元，季增 65.9 倍，年減 39.4%，每股純益 1.84 元。橘子前 3 季累計營收 72.81 億元，年減 37%，毛利率 42.26%，年增 8.91 個百分點，營益率 12.48％，年減 2.01 個百分點；稅後純益 6.83 億元，年減 53%，每股純益 3.93 元。橘子指出，第 3 季受惠《魔力寶貝 M》、《天堂 Remastered》新遊戲上市及其他多款遊戲改版，挹注營收成長，加上高毛利產品組合提升，帶動毛利率攀揚，且 2 款新遊戲重要推銷費用已於第 2 季投入，使推銷費用減少，推升整體獲利攀揚。展望後市，橘子表示，第 4 季將有線上遊戲《新龍之谷》、手遊《罪惡童話：集體崩壞的公主》上市，明年則有手遊大作《龍之谷 M：世界》接力登場，挹注營運動能。娛樂社交電商有閑、樂利等也將因應年底傳統電商旺季，推出多項優惠活動，刺激交易量。
243,2019/11/12,台勝科Q3 EPS 0.74元 近9季低點 前3季每股賺5.02元,矽晶圓廠台勝科 () 今 (12) 日公告第 3 季財報，客戶需求持續疲弱，加上價格下跌劇烈，單季稅後純益 2.88 億元，季減 53.25%，年減 81.07％，每股純益 0.74 元，近 9 季低點。前 3 季稅後純益 19.46 億元，年減 53.94%，每股純益 5.02 元。台勝科第 3 季合併營收 24 億元，季減 15.99%，年減 43.69%，毛利率 18.69%，季減 12.71 個百分點，年減 26.71 個百分點，營益率 12.71%，季減 13.21 個百分點，年減 27.8 個百分點；稅後純益 2.88 億元，季減 53.25%，年減 81.07％，每股純益 0.74 元。台勝科前 3 季累計營收 89 億元，年減 26.69%，毛利率 30.69%，年減 12.16 個百分點，營益率 25.28%，年減 12.81 個百分點；稅後純益 19.46 億元，年減 53.94%，每股純益 5.02 元。台勝科指出，第 3 季客戶需求仍疲弱，產能利用率約 80%，且價格下跌較劇烈，但受惠客戶庫存去化至一定水位，9 月起需求已逐步回溫，看好第 3 季營運落底，第 4 季價格緩跌、需求升溫下，營運可望優於第 3 季。
244,2019/11/12,防業者化整為零逃漏稅 關務署鎖定中國淘寶進口包裹,為杜絕「化整為零」、「高價低報」的現象，財政部關務署將透過「快遞貨物金流查核專案小組」，透過清查、比對跨境網購資料，避免有心人士以化整為零方式躲避逃稅，官員坦言，首要目標就是瞄準來自中國淘寶的進口包裹。中國淘寶以物品種類豐富多樣打響名號，也是不少台灣人網購首選跨境平台，每年雙 11 購物節，關務署都會針對來自中國的進口快遞包裹加強查核，關務署今 (12) 日表示，今年仍將來自中國淘寶的進口快遞包裹列為重點查核對象。根據關務署統計，去年進口快遞簡易報單從 2017 年的 3605 萬件增加至 4649 萬件，快遞貨物進口成長率約 28.98%，但也因進口數量龐大，讓部分業者心存僥倖，企圖以化整為零或是高價低報的方式逃漏稅。關務署官員表示，今年的進口快遞包裹將針對「化整為零」、「高價低報」兩大態樣加強查緝，同時也將研議透過網購金流、電商平台業者訂購資料、境外貨物承攬業者提供的訂購資料與運送文件進行勾稽比對，加強查核。官員補充，包括半年內頻繁交易次數高達數十次、金額超過百萬元的交易，通常都非一般自用交易，都會被列為重點查核對象。官員指出，今年前 9 月遭查獲的高價低報包裹共 12.39 萬件、年增幅約 11%；補稅金額共 9183 萬元、年減 4.9%。
245,2019/11/12,◆投信連續3日賣超個股,投信連續 3 日賣超個股1. 投信連續賣超 3 日的股票(2329) 富邦金、(2383)S 大聯大甲特、(3576) 鴻海、(3653) 全新、(3711) 台積電2. 投信連續賣超 2 日的股票(2329) 華泰、(3576) 聯合再生、(2337) 旺宏、(3653) 健策、(2891) 中信金3. 投信當日 (12) 賣超的股票(2891) 中信金、(2329) 華泰、(3576) 聯合再生、(2892) 第一金、(3481) 群創
246,2019/11/12,◆投信連續3日買超個股,投信連續 3 日買超個股1. 投信連續買超 3 日的股票(2313) 華通、(2448) 晶電、(3231) 緯創、(2888) 新光金、(3037) 欣興2. 投信連續買超 2 日的股票(2448) 晶電、(2313) 華通、(2888) 新光金、(3037) 欣興、(3706) 神達3. 投信當日 (12) 買超的股票(2448) 晶電、(3706) 神達、(2888) 新光金、(2886) 兆豐金、(6269) 台郡
247,2019/11/12,〈大聯大收購文曄〉著眼投資收益 無打算介入經營,亞洲半導體通路龍頭商大聯大 () 今 (12) 日公布，擬收購另一通路商文曄 () 的股權，財務長袁興文表示，此次投資著眼在投資效益，預計一年可貢獻約 8 億元收益，對於未來合作是否有反托拉斯疑慮，他強調，不打算介入文曄經營，因此無此問題。袁興文指出，依此次預計，最高收購股權數量估達 1.7711 億股，總計將需要 81 億元，目前自有資金高達 90 億元，其中包含銀行借款，因此收購資金無虞。袁興文表示，大聯大在 9 月底開始思考，目的是財務投資，與德儀停止代理權無直接相關，也預期此次投資，可開啟 2 家公司之間良性對話。今年前 10 月營收來看，大聯大年減 6.02%，達 4350.52 億元，文曄則逆勢成長 25.34%，達 2784.54 億元，2 家今年皆受德儀終止代理權影響，也同步啟動營運策略調整。法人認為，大聯大目前為亞洲半導體通路龍頭商，但若要推型數位轉型，仍需產業間緊密合作，因此文曄成為大聯大合作的首選，但未來如何發展，仍需仰賴 2 家合作意願。
248,2019/11/12,外資連22買 期現貨不同調 連22日買超鴻海56萬張,台股今 (12) 日由電子雙雄台積電與鴻海領軍反彈，指數開高走高，終場大漲 93.09 點，收在 11520.37 點，惟成交量縮至 1181.8 億元。三大法人方面，外資現貨連 22 買、買超 46.87 億元，惟期貨減碼淨多單 2101 口，投信則賣超 1.04 億元，自營商買超 3.26 億元，共買超 49.09 億元。其中，鴻海同樣獲外資連 22 買，共大買 56 萬張。部分，外資減碼淨多單，多單未平倉口數降至 50161 口；投信回補空單 1621 口，空單未平倉口數降至 21335 口；自營商回補空單 2260 口，空單未平倉口數降至 909 口。外資今日買盤集中電子股，欣興、鴻海、華通、京元電子、和碩獲買超上萬張，買超上千張則有南茂、燿華、光寶科、旺宏、神達、楠梓電、佳世達、臻鼎 - KY、義隆、中環、力成、奇力新、尖點、台光電、華新科、可成、建準。外資買超方面，買超最多是欣興、買超 27931 張，第 2 名鴻海、買超 24771 張，第 3 名中信金、買超 20215 張，第 4 至 6 名依序為華通、京元電子、和碩，買超張數均超過 13000 張，第 7 至 10 名分別為得力、南茂、燿華、光寶科，買超逾 3000 張。外資賣超方面，賣超最多為群創、遭大賣 35126 張，第 2 名為仁寶、賣超 10248 張，第 3、4 名為友達、中工，賣超逾 7000 張，第 5、6 名為新光金、玉山金，賣超逾 6500 張，第 7 至 10 名依序為富邦上証正 2、開發金、彩晶、國產，外資賣超張數均超過 5300 張。投信今日買超第 1 至 5 名依序為晶電、神達、新光金、兆豐金、台郡；投信今日賣超第 1 至 5 名依序為中信金、華泰、聯合再生、第一金、中美晶。國泰證期分析師蔡明翰認為，短線台股要強勢反彈，機率相當低，但還未大幅轉貶，下檔仍有支撐存在，估短線指數將維持高檔區間震盪整理，後續仍須留意走勢，若出現貶值，指數才有較大回檔空間。
249,2019/11/12,◆外資連續5日賣超個股,外資連續 5 日賣超個股1. 外資連續賣超 5 日的股票(00637L) 元大滬深 300 正 2、(2324) 仁寶、(1216) 統一、(6116) 彩晶、(2885) 元大金2. 外資連續賣超 4 日的股票(3481) 群創、(00637L) 元大滬深 300 正 2、(6116) 彩晶、(1216) 統一、(2884) 玉山金3. 外資連續賣超 3 日的股票(3481) 群創、(00637L) 元大滬深 300 正 2、(2409) 友達、(6116) 彩晶、(2324) 仁寶4. 外資連續賣超 2 日的股票(3481) 群創、(00637L) 元大滬深 300 正 2、(2409) 友達、(2324) 仁寶、(6116) 彩晶5. 外資當日 (12) 賣超的股票(3481) 群創、(2324) 仁寶、(2409) 友達、(2515) 中工、(2888) 新光金
250,2019/11/12,◆外資連續5日買超個股,外資連續 5 日買超個股1. 外資連續買超 5 日的股票(2317) 鴻海、(2888) 新光金、(4938) 和碩、(3037) 欣興、(2882) 國泰金2. 外資連續買超 4 日的股票(2317) 鴻海、(2888) 新光金、(4938) 和碩、(3037) 欣興、(8150) 南茂3. 外資連續買超 3 日的股票(2317) 鴻海、(4938) 和碩、(3037) 欣興、(2313) 華通、(2888) 新光金4. 外資連續買超 2 日的股票(2317) 鴻海、(3037) 欣興、(2313) 華通、(4938) 和碩、(2888) 新光金5. 外資當日 (12) 買超的股票(3037) 欣興、(2317) 鴻海、(2891) 中信金、(2313) 華通、(2449) 京元電子
251,2019/11/12,擺脫估列負債準備陰霾 中美晶Q3轉盈 每股賺2.76元,太陽能廠中美晶 () 今 (12) 日召開董事會，並通過第 3 季財報，受惠子公司環球晶 () 獲利貢獻，順利走出上季估列負債準備陰霾，稅後純益 16.07 億元，較上季轉盈，年增 94.43%，每股純益 2.76 元，前 3 季稅後純益 11.64 億元，年減 53.96%，每股純益 2 元。中美晶第 3 季合併營收 161.07 億元，季減 3.3%，年減 6.76%，毛利率 34.44%，季增 23.15 個百分點，年增 4.3 個百分點，營益率 25.3%，季增 21.56 個百分點，年增 2.87 個百分點；稅後純益 16.07 億元，較上季轉盈，年增 94.43%，每股純益 2.76 元。中美晶前 3 季營收 502.68 億元，年減 2.3%，毛利率 27.7%，年減 0.87 個百分點，營益率 19.43%，年減 1.19 個百分點；稅後純益 11.64 億元，年減 53.96%，每股純益 2 元。中美晶今年第 2 季針對最後一個尚未解決的太陽能多晶矽原料長約，提列虧損性合約估列負債準備案，預估負債準備總金額為 43.5 億元，認列在第 2 季銷貨成本中，衝擊當季毛利率表現，第 2 季營運因此轉虧，不過，第 3 季受惠子公司環球晶獲利貢獻，營運順利單季轉盈，重回獲利。中美晶董事會今日也通過公司章程的股利配發條款修訂案，將盈餘分派或虧損撥補的時間，修改為每 6 個月執行一次，未來將改採每半年派發股息方式，有助股東資金活用與投資活動，協助股東創造更大投資價值。
252,2019/11/12,南科擴建三期拍板 台積電將投資1.15兆元,行政院長蘇貞昌上周拍版南科擴建三期預定地落腳台南，外界相當關心晶圓代工龍頭台積電 () 的投資案進展，台南經發局今 (12) 日指出，台積電 5 奈米廠目前已進入試產，預計明年量產，3 奈米新廠則可望在明年動工，總計投資額達 1.15 兆元。經發局今日在市政會議進行業務報告表示，台積電 5 奈米廠投資金額約 5500 億元，今年第 1 季已進入試產階段，進程順利，預計明年量產，可帶來約 4000 個就業機會；3 奈米新廠則投資約 6000 億元，預定地位在南科園區最北端，預計明年動工，2022 年量產，可創造約 5000 個就業人口。在招商引資方面，經發局表示，每月持續召開投資會報，目前列管 2 億元以上投資案共 84 件，投資金額共計 2716 億元，日前更成立投資促進諮詢會，研擬對策、提供建言；台南市長黃偉哲強調，將全力改善台南投資條件，解決投資障礙，爭取更多國際大廠投資。另外，因應台商回流趨勢，截至 10 月，台南市經投資台灣事務所審查通過的台商回流共 21 案，投資金額達 546.45 億元，新增就業人數 7748 人。針對未來推動重點，經發局長郭阿梅表示，將持續招商加速工業區活化，同時配合中央政策，逐步推動南科擴建與沙崙綠能園區。經發局進一步指出，將以沙崙科學城為研發示範核心，於新豐地區規劃設置綠能產業園區，作為製造量產的生產基地，基地位於台 86 線上崙交流道下，依產創條例完成報編後，可釋出約 63 公頃產業用地供廠商設廠，目前已完成前置作業，規劃 11 月與廠商簽約，預估 3 年可完成園區核定設置。
253,2019/11/12,日勝生Q3轉盈 前3季每股賺0.37元,日勝生 (2547- TW) 今 (12) 日公布財報，第 3 季稅後純益 4.91 億元，較第 2 季轉盈，累計前 3 季稅後純益 3.4 億元，年減 90.67%，每股純益 0.37 元。日勝生近年以營建事業為基礎，規劃智慧建築、健康樂齡、循環經濟的發展策略，日勝生表示，第 3 季營建事業穩定獲利，加上資源循環事業日鼎水務、智慧城市事業萬達通實業、與轉投資京站實業等，皆貢獻收益，因此營運較第 2 季轉盈。日勝生第 3 季營收 19.58 億元，毛利率 60.76%，季增 22.21 個百分點，年增 38.81 個百分點，稅後純益為 4.91 億元，較第 2 季轉虧為盈，年減 80.19%，每股純益為 0.54 元；累計前 3 季營收 46.49 億元，毛利率為 49.4%，年增 26.48 個百分點，稅後純益為 3.4 億元，年減 90.67%，每股純益 0.37 元。日勝生推出的基地 1247 坪日勝生「超．站 S」建案，為捷運到站即到家的捷運聯開隔震宅，主打線上唯一全新聯開隔震宅，且公設比僅 29.8%，日勝生主管指出，10 月初公開成屋後呈現熱銷，推出 4 周來累計來客數超過 600 組，目前每週來客人數達 150 組以上，成交量持續加溫，銷售價格站穩每坪 80 萬元以上，建案總銷金額目標上看 40 億元。
254,2019/11/12,台股10月衝29年新高 散戶搭順風車 定期定額金額月增14%,台股 10 月站上 29 年來新高，不只大戶熱錢蜂擁進場買股，小額散戶也瘋狂買股，證交所統計，散戶單月定期定額投資金額達 6.4 億元、月增 14%，當沖成交值也從 26.76% ，小幅上升至 27.28%。證交所今 (12) 日公布 10 月份台股集中市場交易數據，隨著台股指數持續創新高，包括定期定額投資金額、交易戶數、當沖成交值的比重皆較 9 月成長。在定期定額部分，9 月投資金額 5.6 億元，10 月投資金額則增加至 6.4 億元，交易戶數則從 153 萬戶攀升至 165 萬戶；平均每日當沖戶數約 4.4 萬戶、比重 26.76%，10 月當沖戶數則攀升至 4.6 萬戶、比重 27.28%。另外，自然人成交值比重也從 9 月的 58.66% 微幅調降至 58.53%；外資成交值比重約 27.49%，10 月時成交比重微幅增加至 27.87%。
255,2019/11/12,〈國巨法說〉併基美跨入高階車用 陳泰銘：像蛋糕上的鮮奶油精華,國巨 () 今 (12) 召開法說會，董事長陳泰銘指出，併購基美 (Kemet) 讓國巨直接跨入車用安全、系統的高端市場，就像「蛋糕上的鮮奶油」，是最精華的領域。以產品類別來看，基美的鉭電容約占營收 41%，目前是全球市占第 1，而國巨並無鉭電容的產品，因此併購後，國巨在被動元件中，MLCC 市占將穩居第 3、晶片電阻與鉭電容則將是市占第 1。以產品應用來看，陳泰銘指出，併入基美後，國巨的車用產品營收占比將從 8% 提升至 11%，雖然只有增加 3 個百分點，但都是高附加價值的高端應用，就像蛋糕最上層的奶油，都是精華。陳泰銘坦言，過去國巨也做了很多車用，但目前亞洲、台灣能做車用的被動元件業者不多，能做的比較多在車用影音、GPS 導航，但基美是直接做進系統、ABS 等安全應用，屬高階市場，產品價格差 20 倍，國巨透過併購，直接進入這塊領域。另一個最大差異在日本市場，據了解，國巨目前日韓市場營收占比微乎其微，但基美有 14% 營收來自日本、韓國，併入後國巨除了能分散市場外，藉由基美也能進一步打進日韓市場。此外，陳泰銘也認為，基美先前併購日廠 TOKIN，也展現出本身就有很強的跨國併購能力，未來也不排除藉由基美發動新的併購案。
256,2019/11/12,〈上銀法說〉卓永財：美中貿易戰不會終結 東南亞建廠需求明年Q1浮現,工具機大廠上銀 () 今 (12) 日召開法說，集團總裁卓永財認為，美中貿易戰只會有逗點，不會劃下句點，在美中貿易戰推升下，製造商紛紛將生產基地轉移至東南亞，看好相關需求將在明年農曆春節後較為明顯。上銀今年第 3 季營運持續受美中貿易戰影響，客戶下單保守，態度觀望，卓永財認為，美中貿易戰只會有逗點，不會有句點，貿易戰本質不僅是貿易戰，更是國家政治競爭，將且戰且走。卓永財認為，貿易戰改變產業分佈型態，由過去的集中製造，轉為分散製造，在美中貿易戰推升下，製造業必然會往東南亞移動，其中以越南市場最為熱絡，其次為泰國，他並看好，由於購置廠房到採購機器需要前置作業時間，預期明年農曆春節過後，轉移至東南亞製造的需求將會較明顯。自美中貿易戰爆發以來，卓永財指出，市場持續消化庫存，今年上半年庫存已較去年底減少，目前供應商庫存又較前半年減少，持續去化中。至於台商回流需求，卓永財則認為，最快也要到明年下半年才會較為明顯。
257,2019/11/12,泰碩Q3財報亮眼 寫三個新高 EPS 1.15元,散熱廠泰碩 () 今 (12) 日公布第 3 季財報，受惠客戶需求帶動，加上價格持穩，毛利率 24.26%，創近 9 季新高，季增 0.08 個百分點，年增 1.85 個百分點，營利率 10.34%、稅後純益 9982 萬元、每股純益 1.15 元等，皆創歷史新高。泰碩第 3 季營收 12.97 億元，季增 24.2%，年增 28.1%；毛利率 24.26%，季增 0.08 個百分點、年增 1.85 個百分點，為近 9 季新高；營利率 10.34%，季增 1.23 個百分點、年增 3.53 個百分點，創新高；稅後純益 9982 萬元，季增 64.4%、年增 29.4%，創新高，每股純益 1.15 元。泰碩前 3 季營收 32.72 億元，年增 32.17%；毛利率 23.9%，年增 4.2 個百分點；營利率 9.31%，年增 6.57 個百分點；稅後純益 2.13 億元，年增 176.62%，每股純益 2.46 元。展望後市，泰碩因應新客戶及下半年銷售旺季，產線持續擴增，預期手機散熱模組，出貨將逐季成長，法人表示，由於泰碩為陸系基地台主要供應商，加上手機客戶銷售強勁，預期營運能一路旺至明年。泰碩 10 月營收 4.61 億元，再創新高，月增 1.34%、年增 59.5%；累計前 10 月營收 37.33 億元，年增 35.03%。
258,2019/11/12,緯創今年前3季純益年增逾4成 EPS 1.4元,代工廠緯創 () 今 (12) 日公布第 3 季財報，稅後純益 17.22 億元，季增 37.54%，年增 38.76%，每股純益 0.61 元，累計今年前 3 季稅後純益 39.64 億元，年增 41.9%，每股純益 1.4 元，緯創指出，本季在產品組合、轉投資事業股利挹注下，加上匯兌收益 1.16 億元，整體獲利優於去年同期。緯創第 3 季營收 2162.9 億元，季增 5.23%，年減 4.99%，毛利率 5%，季增 0.03 個百分點，年增 0.9 個百分點，營益率 1.55%，季增 0.02 個百分點，年增 0.32 個百分點，稅後純益 17.22 億元，季增 37.54%，年增 38.76%，每股純益 0.61 元。緯創累計今年前 3 季營收 6280.43 億元，年減 0.9%，毛利率 4.69%，年增 0.54 個百分點，營益率 1.32%，年增 0.26 個百分點，稅後純益 39.64 億元，年增 41.9%，每股純益 1.4 元。緯創表示，第 3 季在產品組合、營運成本控管下，加上轉投資事業股利、匯兌收益 1.16 億元挹注下，獲利表現優於去年同期，展望第 4 季，預期筆電出貨將可季增個位數，伺服器出貨則可望逐月成長，季增雙位數，桌機、顯示器則預估將小幅下滑。緯創日前也公告 10 月合併營收達 799.01 億元，月增 0.35%、年減 12.81%，為近 1 年來單月新高，累計今年前 10 月合併營收 7079.44 億元，年減 2.46%。
259,2019/11/12,台積電Q3每股配息2.5元 明年3/19除息,晶圓代工龍頭台積電 () 今 (12) 日召開董事會，通過多項議案，核准今年第 3 季每股配 2.5 元現金股利，預計明年 3 月 19 日除息；並通過將在日本設立 100% 持股子公司，擴充設計服務中心，為客戶提供工程支援服務。台積電今年股東會通過，每季董事會將核准通過分季分配現金股利，今年第 1 季每股已配息 2 元，第 2 季配息 2.5 元，將於 12 月 19 日除息，董事會今日通過，第 3 季每股將配息 2.5 元，維持上季配息水準。台積電先前也多次強調，明年起每年現金股利，將在 10 元以上。台積電表示，第 3 季配息基準日為明年 3 月 25 日，將於 3 月 19 日除息，依公司法規定，在公司決定分派股息之基準日前 5 日內，即明年 3 月 21 日至 3 月 25 日止，停止普通股股票過戶，並在 2020 年 4 月 16 日發放股利，美國紐約證券交易所上市的美國存託憑證，除息交易日也為 3 月 19 日， 與普通股一致。台積電也核准資本預算案 1998.745 億元，其中包括興建廠房及廠務設施工程，建置與升級先進製程產能，建置特殊製程產能，及明年第 1 季研發資本預算與經常性資本預算。台積電並核准資本預算 32.47 億元，用於支應明年上半年資本化租賃資產。除配息與資本預算案外，台積電董事會也通過，核准於日本投資設立 100% 持股子公司，以擴充設計服務中心，為客戶提供工程支援服務，目前台積電僅在台灣、美國與中國設有設計服務中心，未來日本子公司將成為台積電在全球第 4 個設計服務中心。台積電董事會也通過，核准任命翁銘莉女士擔任會計主管，自今年 11 月 13 日起生效。
260,2019/11/12,〈臻鼎營運展望〉新增產能明年3月開出 營收可望續攀揚,PCB 廠臻鼎 - KY() 今 (12) 日召開法說會，由於 10 月營收達 165.31 億元創新高，董事長沈慶芳也看好第 4 季營運將再升溫，今年營收可望打破去年 1179.13 億元的歷史新高紀錄，並看好明年營收將再向上突破。沈慶芳指出，明年包括印度組裝廠產能將開出，中國廠明年也將擴充淮安廠、深圳二廠則預期 3 月投產，另外秦皇島廠類載板產能也將擴充，有助營運持續成長。產品上，臻鼎以軟板起家，目前生產項目橫跨 PCB 軟、硬板、IC 載板、類載板、軟硬結合板、COF 等品項，沈慶芳指出，產品新應用包括汽車板、天線等，目前臻鼎軟板產值全球占比 25%，在多面向發展下，臻鼎也積極滿足客戶端「一站購足」等需求。臻鼎股價今天以 153 元作收創新高，子公司在大陸掛牌的鵬鼎股價也以 48.95 元作收，雙創新高價，沈慶芳指出，鵬鼎此收盤價，是去年 9 月 18 日在深圳以每股 16.07 元掛牌時的 3 倍。臻鼎第 3 季營收為 356.02 億元，創歷年同期新高，毛利率 23.47%，季增 3.43 個百分點，年減 2.29 個百分點，稅後純益為 34.05 億元，季增 1.8 倍，年減 9.37%，單季每股純益為 3.8 元。臻鼎前 3 季財報營收為 780.09 億元，毛利率為 20.59%，年增 0.03 個百分點，稅後純益為 50.05 億元，年增 2.44%，每股純益為 5.78 元。
261,2019/11/12,日成-KY大客戶抽單壓力緩 明年營運拚回穩,珠寶精品首飾生產大廠日成 - KY() 今 (12) 日召開法說會，由總經理林如茵親自回台主持，日成上半年已連 2 季虧損，且虧損幅度擴大，她坦言，上半年是公司成立以來沒有遭受過的現象，主要客戶無預警抽單，不過下半年已止血，公司處谷底復甦期，力拚明年轉好。林如茵指出，除開始強化 ODM 布局，也進一步定位為有精緻工藝的金屬相關製品廠，擴大生產品項。由於主要客戶潘朵拉無預警抽單，日成上半年合併營收衰退超過 50%，稅後虧損 1.3 億元，每股虧損 3.4 元，是歷來首見，不過第三季合併營收 4.7 億元，較第一、二季的 4.12 億元、2.46 億元已見回升。儘管日成第三季財報尚未公布，林如茵也未表態何時轉盈，但她認為「下半年已經止血」，主要大客戶潘朵拉業績些許成長，使近期對其出貨占營收比重回升至 30%。另一方面，日成內部正進行策略調整，廠區員工從 3500 人降至 2500 人，可有效減少人事費用，本身體質也逐漸調向 ODM，毛利率較 OEM 提升多達 10 個百分點。展望後市，林如茵認為，目前已處谷底，明年可望逐漸轉好，內部開始著重跨部門間合作的專案管理，與主力客戶更緊密的合作，從設計到樣品到最後生產，帶動業績成長 20%。林如茵進一步指出，隨著電商市場成長，代表商品需要更快速推陳出新，日成將積極以高品質和服務搶中國工廠流出訂單，接下來也定位為具有精緻工藝的金屬相關製品業者，不再侷限產品於珠寶飾品，藉此擴大出貨空間。
262,2019/11/12,〈英業達法說〉明年三大產品線同步成長 伺服器出貨估增5-10%,代工廠英業達 () 今 (12) 日舉辦線上法說，展望未來，總經理巫永財表示，預期第 4 季整體營運將持平第 3 季，差異將在個位數範圍內，但展望明年，三大產品線，包含筆電、伺服器、智慧裝置都可望成長，其中伺服器出貨將成長 5-10%，優於產業平均。展望明年，巫永財表示，英業達 3 大產品線都可望保持成長，筆電方面，雖然英特爾 CPU 仍有缺貨狀況，但今年下半年高單價產品比重增加，加上明年有新客戶，筆電出貨將持續成長。伺服器方面，巫永財認為，根據研調機構預測，明年伺服器市場仍將年增 4-6%，預期英業達將優於產業平均，其中傳統伺服器將年增 5-10%，資料中心則可望雙位數成長。巫永財進一步指出，目前英業達資料中心客戶占比接近 3 成，傳統伺服器則占 4 成左右，預期未來成長動能將由資料中心帶動，傳統伺服器方面，雖然整體出貨量下滑，但隨著附加價值提升單價也提高，預期資料中心、傳統伺服器營收都將成長。另外，面對 5G 通訊商機，巫永財表示，相關產品都正與客戶進行驗收測試，預期明年將陸續出貨。智慧裝置方面，英華達總經理何代水表示，今年整體表現將持平或較去年小幅增長，預估今年上下半年營收占比為 4:6，不過下半年出貨狀況都不錯，未來將持續配合客戶需求做調整。
263,2019/11/12,〈國巨法說〉陳泰銘：併基美後營收可望翻倍成長 獲利估增加逾8成,國巨 () 今 (12) 日召開法說會，董事長陳泰銘表示，對收購基美(KEMET)「感到非常興奮」，因為補足了國巨車用、工規的最後一塊拼圖，且併入基美後，將使國巨營收翻倍成長，獲利更將提升 8-9 成，是國巨未來 5-10 年成長動能。陳泰銘指出，車用、5G、工規等產品及應用，是國巨未來成長動能，去年併購的普思 (Pulse) 是拓展 5G 應用重要推力，現在併入基美，則可補足車用、工規的領域。陳泰銘也透露，跟基美提親的公司不少，包括很多美國公司，但市場重複性太高，而國巨是亞洲公司，在歐洲也有很強的通路布局，因此與基美在市場與通路可互補。陳泰銘指出，若擷取雙方過去 12 個月的營收與獲利擬製財報來看，併入基美後，國巨營收可望翻倍成長、對獲利貢獻也有 8-9 成，現金流、EBITDA 也都將同步增加 7-8 成。法人關心併購後恐要認列商譽減損，對此，國巨財務長楊文祥表示，股權收購價 16.4 億元，溢價 9.6 億，但不是商譽，因為實際交易最要到明年下半年才會完成，所以現在無法判斷商譽金額多少；陳泰銘則認為，現在商譽不像過去，要花 10 年、15 年去分攤，因此沒有考慮商譽折損。不過，國巨收購基美，還需要通過美國商務部審核，以及各地反托拉斯調查 2 個關卡，但陳泰銘認為，美國商務部審查是要避免中國背景，國巨先前已經先併購過普思，不會有太大的問題；反壟斷的部分，陳泰銘認為，國巨跟基美重疊性比較高的只有 MLCC，合計全球市占率 14-15%，應也不構成問題。
264,2019/11/12,〈上銀法說〉工具機景氣仍無好轉跡象 看好明年Q1後營運回溫,工具機大廠上銀 () 今 (12) 日召開法說，上銀表示，目前各應用產業表現不盡相同，工具機產業景氣仍無好轉跡象，預估最快明年第 2 季後才可望觸底回溫。而上銀目前營運處谷底，但看好明年第 1 季後將逐步好轉，明年除新品發酵，產業轉型升級趨勢帶動下，營運將比今年「好很多」。上銀科技董事長卓文恒表示，目前各應用產業表現不盡相同，日本工具機同業需求也持續疲弱，但半導體設備需求仍熱絡，自動化產業也維持成長。展望後市，上銀集團總裁卓永財指出，工具機產業景氣還是要到明年第 2 季後，才可望回溫，但上銀明年第 1 季起，在機電整合等新品專案陸續發酵下，營運將逐步好轉。卓文恒也強調，上銀營運已處谷底，看好明年第 1 季過後可望向上成長，此舉也比原先上銀預期還早，原本上銀預估，營運最快明年第 2 季觸底回溫。卓永財表示，明年新品將陸續發酵成熟，加上產業轉型升級成必然趨勢，上銀及集團子公司大銀 () 營運都將較今年「好很多」，不過，產業轉型升級的五軸機需求大量放量，還是得待 2021 年。上銀近年來已由元件、系統件、次系統一路發展至機電整合原創服務，卓永財指出，2 年前因為產業缺貨，上銀順利打入日本車廠供應鏈，而該車廠一條新產線近來規劃採用上銀滾珠螺桿、線性滑軌與機器人，及大銀馬達訂單，由上銀集團主導，整合其他系統商共同建置產線，目前已驗證合格，明年將正式出貨，雖然僅是一條產線訂單，但有助上銀打入其他德系、日系車廠供應鏈。雖然今年以來，工具機產業飽受美中貿易戰衝擊，不過，工業機器人產品受惠自動化需求強勁，營運相對不受影響，今年營收逐季增溫，第 3 季營收占比已拉升至 9%，且近來已有一家國內醫療器材廠採購 1000 台機器人，預計明年初陸續出貨，推升營運動能。新廠建置方面，卓永財表示，日本神戶新廠預計明年農曆年後，約第 1 季末動工；義大利廠已發包，近期會開始動工，預計 2021 年完工。他並預計，明年資本支出將與今年相近，維持 50 億元左右。
265,2019/11/12,〈大聯大收購文曄〉擬以每股45.8元收購3成股權 文曄：事前並不知情,大聯大 () 今 (12) 日召開董事會，通過以每股 45.8 元公開收購亞太通路商二哥文曄 () 股權，預計最高收購文曄 1.77 億股，約占文曄股權 3 成，收購期間自明 (13) 日上午 9 時起，至 12 月 12 日下午 3 時 30 分止，對此，文曄表示，先前並不知情，對此事暫不回應。大聯大表示，本次預計收購文曄，最低收購數量為 2951.68 萬股，約占文曄已發行股數 5%，若參與應賣的普通股股數達最低收購數量，本次公開收購條件即為成就，並繼續以本次預定最高收購數量 1.77 億股為上限，不過，若參與應賣的普通股股數超過前述預定的最高收購數量，將依以同一比例，向所有應賣人收購應賣持股。大聯大表示，文曄同屬電子零組件通路產業，觀察文曄歷年來營運績效及獲利，均屬穩定，近 2 年平均股東權益報酬率約在 13.5%、平均現金股息殖利率約有 6%，是良好財務投資標的。大聯大指出，預計透過此次投資，與文曄開啟良性對話的機會，目前並無打算進入文曄董事會，也無意圖影響文曄經營的計畫或想法。
266,2019/11/12,國光生四價疫苗獲泰國FDA藥證 明年營運添動能,疫苗廠國光生 () 今 (12) 日宣布，四價流感疫苗獲得泰國 FDA 藥證，預期明年可上市、銷售，為生物製劑產業展開新局面，展望明年，法人看好，國光生拓展東南亞市場外，新產線也將建置完成且訂單能見度高，估明年獲利可望增溫。國光生表示，繼兩個月前，獲泰國 FDA 核發三價流感疫苗藥證後，四價流感疫苗再獲藥證捷報，未來四價流感疫苗會是銷售動能之一，此外，將從泰國延伸到整個東南亞地區，更有利逐步拓展海外市場。展望後市，法人看好，國光生除拓展東南亞市場外，由於訂單能見度高，已擴增第 2 條產線，產能上看逾 6000 萬劑，產能擴充後，明年獲利可望增溫，2021 將是營運成長高峰期。國光生 10 月營收 1.63 億元，月減 39.19%、年減 34.18%；累計前 10 月營收 8.35 億元，年增 25.83%。
267,2019/11/12,公開發行公司注意！內部人不得進行有價證券借貸交易,金管會今 (12) 日表示，近來偶有公開發行公司的董事、監察人、經理人及持有公司股份超過股份總額 10% 的股東 (以下簡稱內部人)，因不諳證券交易法關於內部人股權管理的規範，於擔任公開發行公司內部人後仍參與有價證券借貸交易，而違反證券交易法規範。金管會表示，為維護證券市場交易秩序並兼顧內部人股權的管理，金管會早在 2006 年 8 月 23 日已釋示，公開發行公司董事、監察人、經理人及持有公司股份超過 10% 的股東（包括其配偶、未成年子女及利用他人名義持有的股票），不得進行有價證券借貸交易。金管會提醒，公開發行公司內部人應注意相關規定，如有違規情事，依證券交易法第 25 條及第 178 條第 1 項的規定，處新臺幣 24 萬元以上，480 萬元以下的罰鍰。
268,2019/11/12,全家Q3獲利創單季新高 前3季每股純益6.04元,連鎖超商全家 () 今 (12) 日公布第三季財報，單季稅後純益 5.89 億元，年增 8.7%，每股純益 2.64 元，創單季新高紀錄，前三季稅後純益 13.49 億元，年增 7.21%，每股純益 6.04 元。全家指出，本業便利商店整體表現穩健，前三季同店平均單日銷售成長 2.5%，來客數也同步成長，其中，會員消費和鮮食銷售是帶動業績的主要關鍵。全家表示，今年以來鮮食成長近 15%，以品群 (麵包、吐司、三明治、冷藏甜點) 和黑金品群 (現煮咖啡、茶) 表現最突出，而顧客忠誠計畫有效推升會員人數破 1100 萬。另一方面，全家領先同業推出的商品預售模式，貢獻業績年增達 50%，EC 包裹收入也在第三季回到成長的軌道，從而帶動相關轉投資事業獲利提升。其他業外方面，福比麵包廠產線產能穩定、維持成長步調，轉投資的餐飲事業在大戶屋帶動下，持續挹注獲利。全家仍持續擴展餐飲事業中，本季將引進 bb.q chicken 韓式炸雞旗艦版餐廳，成為在大戶屋、沃克牛排後的第三個品牌。至於在中國的轉投資，目前展店數已達 2667 店，共插旗 9 個地區。展望第四季，全家認為，前三季本業健康向上，在換季之後，將積極掌握溫降商機，搭配會員、EC 和鮮食等動能，穩健成長可期。
269,2019/11/12,〈國巨法說〉陳泰銘：Q4訂單需求優預期 庫存水位續降至70天以下,國巨 () 今 (12) 日召開法說會，董事長陳泰銘指出，目前被動元件市場出現一些強烈的訊號，整體需求優於預期，稼動率有拉升，但沒有需求來得快，第 4 季末庫存可望降至 70 天以下。陳泰銘指出，原先股東會時預估，第 4 季被動元件成品庫存將降到 90-120 天的健康水位，但透過壓低稼動率去化庫存，第 3 季末庫存已降到 86 天，反映策略奏效外，也顯現市場需求優於預期。陳泰銘表示，第 3 季末時認為第 4 季庫存水位將持續下滑，降至 70 天，但目前稼動率回升速度沒有需求來得快，因此預期第 4 季末，庫存天數將降至 70 天以下。展望明年上半年，陳泰銘強調，明年過年比較早，且美中貿易戰依舊未定，下游代工廠也在觀望是否要遷移產線，加上缺工因素，整體稼動率回升情形還要再觀察。至於 5G，陳泰銘表示，目前看到 5G 基地台需求加速中，雖然有些報告認為 5G 手機要到 2023 年、2025 年，但看起來會提前發酵，他認為，過往技術出來的時，大家都說會要很久才會看到效益，但 3G 轉 4G 只花 1 年 8 個月就轉移 75%，5G 是各品牌兵家必爭之地，預期速度只會快不會慢。 法人則看好，被動元件價格底部已逐步成形，需求回升下，國巨明年上半年營收可望重返成長軌道。
270,2019/11/12,調查：逾5成汽車駕駛支持純電動車 不排除換購,交通部公布最新自小客車使用狀況，根據統計，2018 年駕駛年齡平均為 48.6 歲，較 2016 年略增 0.6 歲；車輛登記數 2 年來增加 16 萬輛，平均每戶擁有 1.5 輛自小客車；調查結果也顯示，有 56.4% 的駕駛人贊成推廣純電動車取代燃油車，甚至不排斥換購使用。交通部自用小客車使用報告每 2 年辦理一次，本次共取樣 2.5 萬輛。根據調查，駕駛人平均年齡 48.6 歲，較前 2 次調查略增，其中以男性占 67.8% 較多；有就業者占 81.7%；平均每月個人所得為 4.4 萬元。在全球電動車趨勢潮流下，台灣駕駛接受度也愈來愈高，調查結果顯示，56.4% 自用小客車駕駛人贊成推廣純電動車輛取代燃油車，不贊成比率 23%，不知道 / 無意見者占 20.6%，其中，30 歲以上改用意願均高於 5 成，各年齡層中又以「40~ 未滿 50 歲」駕駛人意願 (57.5%) 最高。交通部表示，駕駛人願意購置的最優先考量因素為「健全的充電設施」，其次為「政府提供購車補助」，顯示自用小客車駕駛人贊成推廣純電動車輛，且不排斥換購或汰換使用，值得相關單位研擬政策及配套措施，結合空污防制計畫加速純電動車的推動。根據統計，2018 年車輛登記數較 2016 年增加了 16 萬輛，調查顯示，近 6 成的駕駛人家中有 1 輛車，另近 3 成家中有 2 輛，平均每戶擁有 1.5 輛自小客車；近 9 成駕駛人家中有機車，當中擁有 1 輛者占 37.6%，擁有 2 輛以上者占半數，平均每戶擁有 1.7 輛機車。交通部指出，約有 15%-30% 民眾需於居家或工作 (學校) 地點尋找停車位，尋找時間超過 10 分鐘者僅占約 2 成，平均尋找時間皆在 10 分鐘內，不過就地區別觀察，台北、新北居家附近找尋停車位分別要花 13.7 分鐘、10.5 分鐘，是停車最麻煩的地區，雙北通勤車輛需承擔更多成本。
271,2019/11/12,〈動力-KY展望〉明年新品量產+新產能開出 營運可望優於今年,散熱風扇廠動力 - KY() 搶攻 5G 應用，董事長許文昉今 (12) 日表示，已開發 5G 專用路由器散熱風扇，明年上半年進入量產，另中國江西新廠也將在明年首季試產，整體出貨可望成長 20%，法人估，動力明年營運可望優於今年。許文昉表示，已開發 5G 專用路由器的散熱風扇，並完成下游客戶認證，明年上半年可進入量產，加上持續與網通客戶開發多款高階散熱風扇產品，為明年營運添新動能。除 5G 專用路由器，動力近 2 年也積極布局 AI 智能風扇，許文昉指出，AI 智能風扇可透過手機收到訊號指示，控制風扇運轉的速度、溫度、LED 燈顏色等，明年 AI 智能風扇將跨足電競、雲端網路、智慧家電等高階利基型產品。展望後市，許文昉認為，受到挖礦產業萎縮、美中貿易戰衝擊等影響，客戶庫存水位高，導致今年上半年表現不佳，不過最壞的情況已過，雖然明年大環境仍不確定，但新品帶動下，營運樂觀看待。產能方面，許文昉表示，動力今年 7 月購置江西新廠，將原本的東莞廠產線，陸續遷移至江西廠，預計新廠明年第 1 季可開始試產，第 2 季進入量產，估出貨量可提升 2 成。
272,2019/11/12,〈永豐金法說〉證券據點縮水+調整結構 首創線上交割迎戰純網銀,永豐金 () 迎戰純網銀邁大步，繼今 (2019) 年 6 月銀行推出數位帳戶「大戶 DAWHO」後，銀行與證券合作，領先市場推出「大戶投」，也就是股票交易整合服務並綁定交割，「大戶 DAWHO」客戶可於永豐金證券網站直接開立交易帳戶，全程線上作業、首創最快 1 小時可下單。永豐金證券因應數位金融浪潮，除了大舉進攻線上業務「大戶投」，也已縮減 8 個據點，接下來各據點還將積極調整結構。永豐銀行總經理莊銘福表示，「大戶 DAWHO」數位帳戶整合存款、信用卡、外匯、基金與 ibrAin 智能理財五大核心功能，提供 100 萬以內活期存款利率 1.1%、申購指定基金手續費 0 元、專屬信用卡享國內 2% 與國外 3%，及指定通路最高加碼至 8% 現金回饋無上限等優惠，上市才 4 個月，截至 10 月底止，大戶數位帳戶開戶數為 17 萬戶，新增台外幣存款金額逾 160 億元，預估年底將可達 20 萬大戶。永豐銀行進一步攜手永豐金證券，推出「大戶投」，首創線上交割，只要是「大戶 DAWHO」客戶，即日起可立即開立證券帳戶並綁定為交割戶，全程數位化整合，符合數位原生世代投資理財需求，不僅可直接於線上約定證券交割，亦能維持原有數位帳戶的優惠。正因為數位轉型，永豐金證券總經理江偉源表示，證券據點從去年的 55 家，縮減了 8 家，目前只剩 47 家，證券業務也積極調整結構，財富管理、高端業務還是需要有專人服務，但是一般理財投資，利用大數據、AI、線上投資就可以完成，因此證券通路的型態朝向輕型化調整。永豐金證券前三季累計稅後純益 14.0 億元，較去年同期大幅成長 141.7%，獲利創下 10 年來的同期新高。永豐金證券總經理江偉源表示，第三季複委託手續費收入顯著成長，帶動整體手續費淨收益達 12.9 億元，較上季成長 11.9%。永豐金證券今年在財管信託業務，再繼續出現爆發性成長，以 35.4 億元的增加規模，在開辦財管信託業務的 11 家券商中，拿下今年前三季的成長王。永豐金控總經理朱士廷表示，「大戶投」是金控旗下二大子公司強化數位服務發展的重要里程碑，未來將持續整合金控旗下產品。
273,2019/11/12,〈未來科技展〉童子賢：今年產業可望平穩度過 印度、越南布局評估中,和碩 () 董事長童子賢今 (12) 日表示，產業今年全年表現不會比去年差，雖然今年以來受美中貿易摩擦、地緣政治等因素影響，廠商忙於調整產能，但預期今年可望平穩度過，在產線調整布局方面，他強調，印度、越南等地設廠仍在評估中，將配合客戶調整。和碩日前釋出，考慮往印度、越南設點，童子賢表示，和碩已在印尼設廠，但當地腹地不夠大，且和碩拓展海外產能，不可能 100% 在印尼，包含印度、越南都列入考慮，但具體時間不便透露，預期未來 2 年會比較明朗。童子賢表示，全球很多廠商包含中國廠商在內，都已先往中國境外布局，因為中國人力成本太貴，加上貿易戰、關稅效應助推，但產業聚落移轉，像東南亞國家，無法像中國一樣能在旺季時找到大量員工，加上相關的法令規範不同，因此產線調整主要是因應客戶需求，並不會完全離開中國市場。童子賢進一步指出，越南北部今年就傳出供電問題，今年夏天飽受考驗，但當地外商產能並未全開，電力已經吃緊，相關的配套措施還有待改善。展望第 4 季，童子賢表示，第 4 季前半段仍在旺季需求尾巴，但 11、12 月需求將緩步下滑，不過今年和碩與客戶溝通，在控管人員、調整生產成本、稼動率上，今年整體調整比去年好很多，未來也將朝此方向努力，至於明年，則要再觀望全球政經局勢變化。童子賢今以台北市電腦公會理事長身分出席科技部未來科技展前記者會，對於未來科技發展，他指出台灣正邁向少子化、高齡化，如何透過科技提升食、衣、住、行、育樂的生產力、便利性，將是未來重要的課題。
274,2019/11/12,【日盛投顧】指數回10日均線之上,"【日盛投顧】指數回 10 日均線之上◆盤勢分析1. 台股在經濟數據止穩，以及整體上市櫃 10 月營收亮眼加持下，揮別前一個交易日的大跌，電子股重啟漲勢，帶動指數最終上漲 93.09 點，漲幅 0.81%，收在 11,520.37 點，成交金額為 1,187.44 億元。三大法人合計買超 49.09 億元，外資買超 46.87 億元、投信賣超 1.04 億元、自營商買超 3.26 億元。2. 由以下三個面向檢驗方向及強弱：（1）、量能：價漲量縮，不利於盤勢表現，後勢仍需回檔量縮，漲時量增。（2）、均線：支撐為月線 (約 11,381 點) 附近，壓力為前高 11,668 點附近。（3）、技術指標：KD 向下，9 日 K 值（64）高於 50，短線偏多整理。3. 漲幅 0.75%，收在 143.03 點，同步上揚。支撐為季線（141.3 點) 附近，壓力為 144.5 點附近，KD 指標向下，開口收斂，9 日 K 值（30）低於 50，短線整理。4. 觀盤重點：指數月線可視為波段支撐，而個股仍受季報基本面的考驗，波動持續劇烈，整理階段操作建議仍不宜追高，逢拉回不破支撐再行布局。台股選股方向可留意 IC 設計、運動休閒、內需、5G、PCB、設備、伺服器、車用等。PCB、半導體、運動休閒、設備廠、蘋概、伺服器等族群走強1.PCB：5G 商機持續延燒，以及蘋果手機、穿戴裝置等加持下，族群仍是輪漲表現，相關個股如 4958 臻鼎 - KY、6269 台郡、2383 台光電、8155 博智、3037 欣興、8046 南電、2313 華通、2367 燿華等營運有望受惠。2. 半導體：歷經修正後，呈現反彈，仍是盤面焦點，IC 設計領航股包括 3034 聯詠、2458 義隆電、6679 鈺太、3661 世芯 - KY、6415 矽力 - KY、3227 原相、6138 茂達，IC 封測 2449 京元電、8150 南茂、6510 精測、6683 雍智科技等營運有機會持續增添動能。3. 運動休閒：2020 東京奧運推升需求，紡織股王 1476 儒鴻 3Q 季報攀峰，股價上攻，帶動相關運動休閒個股如 1464 得力、9802 鈺齊 - KY、9904 寶成、9914 美利達、8924 大田、8928 鉅明等股價走漲。4. 設備廠：台系設備廠，如 3413 京鼎屬應材供應鏈成員，另外及紫外光光罩盒供應商 3680 家登、設備商 6667 信紘科、6196 帆宣與 2464 盟立、3131 弘塑、無塵室工程 2404 漢唐等，營運都將同步受惠先前 2330 台積電釋出上調資本支出的商機。"
275,2019/11/12,〈永豐金法說〉前3季獲利創5年同期新高 下一站進軍東南亞,永豐金控 () 今 (12) 日召開 2019 年第三季法說會，總經理朱士廷表示，今年前三季累計稅後純益 95.5 億元，較去年同期成長 20.5%，每股純益 0.85 元，前三季獲利不僅創下 2014 年以來歷年同期新高，也已經超越去 (2018) 年全年；年化 ROE(股東權益報酬率) 8.87%，每股淨值 12.94 元。海外布局方面，朱士廷表示，成都分行開業後，中國佈局宣告完整，接下來將前進東南亞申設分行。永豐金控前三季累計淨收益 278.5 億元，較去年同期成長 11.0%，其中，利息淨收益 118.3 億元，手續費淨收益 84.7 億元，較去年同期成長 5.7%，朱士廷表示，子公司銀行及證券財富管理手續費收入皆較去年出現雙位數成長，核心收益持續成長，為金控獲利表現亮眼的主因之一。永豐銀行前三季累計稅後純益 79.3 億元，較去年同期成長 2.5%，獲利與金控同步創下 2014 年來歷年同期新高。永豐銀行總經理莊銘福表示，前三季核心收益中的手續費淨收益持續維持大幅成長的動能，金額 50.9 億元，較去年同期成長 18.9%，主要受惠於財富管理及放款手續費收入分別成長 18.0% 與 54.2%。此外，第三季存款與放款亦迅速成長，季底總存款較去年同期成長 20.0%，總放款較去年同期成長 16.0%，皆出現雙位數的大幅成長。永豐金證券前三季累計稅後純益 14.0 億元，較去年同期大幅成長 141.7%，獲利創下 10 年來的同期新高。永豐金證券總經理江偉源表示，第三季複委託手續費收入顯著成長，帶動整體手續費淨收益達 12.9 億元，較上季成長 11.9%。永豐金證券今年在財管信託業務，再繼續出現爆發性成長，以 35.4 億元的增加規模，在開辦財管信託業務的 11 家券商中，拿下今年前三季的成長王。談到海外布局，莊銘福表示，永豐銀行 (中國) 南京子行自 2014 年起開業後，陸續設立上海、廣州、成都等 3 家分行，提供客戶貿易融資及各項金流服務，除了滿足長三角、珠三角企業運營需求外，成都分行開業後，等於進一步開拓中西部，中國佈局宣告完整，接下來將前進東南亞申設分行。此外，繼去年獲標準普爾（S&P Global）及中華信評 (Taiwan Ratings) 調升信用評等後，永豐金控及子公司今年 9 月再獲惠譽調升信用評等。惠譽的評等報告指出，永豐金與永豐銀行在風險管理與經營策略上高度整合。永豐銀行發行人違約評等與個別實力評等的調升反映其近年來提升的市場地位，與減緩的風險偏好 - 尤其在中國相關策略方面。惠譽也認為，永豐銀行在競爭激烈的台灣銀行業中提升的市場地位頗具意義，同時亦反映該行經營階層的調整已改善先前公司治理問題。
276,2019/11/12,卜蜂Q4旺季營運向上 將積極在台擴充投資,肉品及飼料業者卜蜂 () 將持續擴大在台灣的投資金額，董事長鄭武樾今 (12) 日指出，卜蜂去 (2018) 年資本支出為 16.8 億元，今年前 3 季資本支出已達 12.5 億元，第 4 季將在蛋品、肉品方面持續投資。卜蜂今天在交易所召開法說會，鄭武樾指出，卜蜂轉投資瑞福蛋品，預計今年第 4 季興建完成 2 個蛋雞新場，共可增加飼養 20 萬隻蛋雞，連同目前原有產能估可達 46 萬隻；同時，雞蛋洗選蛋加工廠預計 2020 年第 1 季完成量產，屆時可再增加洗選產能每小時 12 萬粒，連同目前原有產能可達每小時 18 萬粒。同時，卜蜂轉投資瑞牧蛋品預計 2019 年第 4 季興建完成一個蛋雞新場，可增加飼養 16 萬隻蛋雞，連同目前原有產能可達 38 萬隻。目前，包括味全 ()、大成 () 及卜蜂等，均積極在台發展蛋品事業，大成蛋品目前在台市占率約 6-7%，卜蜂主管指出，卜蜂蛋品在台灣市占不及 1%。卜蜂今年前 3 季稅後純益為 9.4 億元，接近去年全年 9.51 億元，年增 47.94%，每股純益達 3.52 元。鄭武樾說，非洲豬瘟全球流竄，造成中國瘋狂進口肉品推升價格，第 4 季也是市場肉品交易旺季，在外在環境大幅變化下，對經營控管良好的業者有利，而在中美貿易戰延續及美國總統大選牽動及全球氣候變化的牽動影響下，卜蜂對第 4 季營運審慎樂觀。鄭武樾說，卜蜂扮演世界廚房的角色，將從原料到食品一條龍發展，透過網路及各通路發展符合都市生活的即食產品，並有快速客製化產品的能力。卜蜂第 4 季將進入飼料及肉品採購旺季，加上目前大宗物資價格走勢平穩，有助第 4 季旺季營運向上；雲林斗六設置年產 48 萬噸智慧飼料廠，將在明年第 2 季開出，首期產能達 24 萬噸，將有助明年業績成長。卜蜂積極進行多角化經營，擴大蛋品、肉品加工、豬肉分切、養鴨等事業，推升營收成長，也有利第 4 季獲利。卜蜂今年第 3 季營收 53.9 億元，毛利率 14.37%，季減 1.82 個百分點，年增 1 個百分點，稅後純益為 3.08 億元，季減 20.99%，年增 27.13%。卜蜂前 3 季營收 155.75 億元，毛利率為 14.97%，年增 1.29 個百分點，稅後純益為 9.4 億元，已接近去年全年獲利的 9.51 億元年增 47.94%，每股純益達 3.52 元。
277,2019/11/12,京站小碧潭新據點12月開出 明年營收暴衝,百貨商場京站 () 今 (12) 日表示，今年前 10 月營運穩健成長，隨著周年慶檔期將於 11 月 20 日登場，新店小碧潭的新商場預計 12 月開幕，持續挹注業績可期；法人認為，第四季將是最旺的一季，尤其新據點加入，勢必將推升明年營收顯著成長，預估新據點創造的年營收，將上看 6 億元。京站小碧潭新據點位於新店 IKEA 樓上，京站總經理柯愫吟說明，營業面積約 4500 坪，美食占比達 80%，營運後將成為新店最大的美食商場，而其他 20% 業種則引進有機超市、生活雜貨相關櫃位，可與 IKEA 業種相輔相成。由於京站在餐飲業種上有良好的操作與定位，位於台北車站的京站時尚廣場餐飲營收占比一向穩在 40% 左右，每年約為京站貢獻超過 5 億元的營收，因此，法人樂觀看待，小碧潭京站開出後，不排除每年可為京站貢獻上看 6 億元的營收。柯愫吟指出，新據點開出前幾年需要攤提折舊，預計 3 年後轉盈，貢獻獲利。柯愫吟也透露，今年以來已評估 10 多個新案，新據點希望以可靈活經營的中小型賣場為主，除了北部，也有意進軍中南部市場，尤其看好捷運周邊的機會，但目前並無確切的計畫，而一旦確定，只要是千坪以下的空間，通常僅需耗時 6-8 個月即可營運。另一方面，京站將於 11 月 20 日進行 10 周年慶，強打最高 21% 的回饋率，自家的 Q PAY 行動支付系統也首度參與周慶回饋，據悉京站去年周慶業績達 10 億元，今年力拚超過去年水準，但京站坦言，成長目標不便透露，主要原因是目前正在申請上市。京站前 10 月營收達 10.69 億元，年減幅僅 1.94%，幾乎不受電商市場侵蝕，京站主管分析，主要是因主力年輕客群消費力較不受景氣影響，且轉運站位置人流大，帶來不少自助星馬等地的自助觀光客，推升餐飲、女裝等銷售成長。
278,2019/11/12,〈臻鼎營運展望〉Q3純益勝過上半年總和 前3季每股純益5.78元,PCB 廠臻鼎 - KY() 今 (12) 日在交易所召開法說會，並公布最新財報，第 3 季稅後純益為 34.05 億元，單季每股純益為 3.8 元，勝過上半年總合，前 3 季財報稅後純益為 50.05 億元，年增 2.44%，每股純益為 5.78 元。在已公布前 3 季財報的 PCB 廠中，臻鼎每股純益，僅次健鼎 () 的 8.32 元。臻鼎 2019 年第 3 季營收為 356.02 億元，創歷年同期新高，毛利率 23.47%，季增 3.43 個百分點，年減 2.29 個百分點，稅後純益為 34.05 億元，季增 1.8 倍，年減 9.37%，單季每股純益為 3.8 元。臻鼎 2019 年前 3 季財報營收為 780.09 億元，毛利率為 20.59%，年增 0.03 個百分點，稅後稅後純益為 50.05 億元，年增 2.44%，每股純益為 5.78 元。
279,2019/11/12,夜市抵用券回收近百萬張 經部估創造逾1.4億元消費效益,經濟部為響應擴大國旅秋冬遊補助方案，推出夜市抵用券引發熱潮，經濟部今 (12) 日公布統計，截至 11 月 11 日止，已經回收 94 萬張夜市券，撥款超過 4709 萬元，預估整體可創造逾 1.4 億元消費效益，提振內需成效顯著。針對參加觀光局旅宿補助的自由行旅客，經濟部 9 月中旬加碼祭出每房 200 元的夜市抵用券。經濟部透過臉書指出，許多夜市攤商都反應買氣確實受到激勵，根據統計，目前已回收 94 萬張夜市券，撥款超過 4709 萬元，預估創造逾 1.4 億元消費效益。根據經濟部統計，截至 11 月 6 日止，花蓮東大門夜市收券近 15 萬張，暫居全台夜市之王；高雄六合夜市收券 9 萬多張，排名第 2；宜蘭羅東夜市 7 萬多張，位居第 3。經濟部夜市券活動開跑至今，大約已發出 800 萬張，經濟部提醒，夜市券使用期限只到 12 月 31 日，呼籲民眾切勿錯過使用時機，預計明年 1 月會完成全部回收作業，預估總計投入 5.8 億元，可望帶動消費 17.4 億元。
280,2019/11/12,信紘科Q4營收估季減個位數 明年營運續強,半導體設備廠信紘科 () 第 3 季起陸續認列擴廠訂單營收，帶動營益率轉正，預計第 4 季擴廠訂單營收將全數認列完畢，營運估約持平上季，明年隨著設備市場回溫，營運可望重返 2018 年水準，法人估，信紘科第 4 季營收季減約高個位數，全年營收年增仍可逾 2 成。信紘科今年因接下較多擴廠訂單，帶動前 3 季營收年增近 3 成，但擴廠訂單毛利率低，影響今年獲利表現，累計前 3 季毛利率 13.34%，年減 13.38 個百分點，營益率 0.65%，年減 10.88 個百分點，稅後純益 0.28 億元，年減 65.86%。展望明年，信紘科表示，明年將避免策略性接單，並以販售設備、拆移管線等高毛利產品為主，同時，積極開拓中國市場，產品組合優化下，法人看好，信紘科明年營收約持穩今年，獲利重返 2018 年水準。信紘科 2018 年營收 10.04 億元，毛利率 24.39%，營益率 10.07%，稅後純益 1.03 億元，每股稅後純益 3.24 元。信紘科第 3 季合併營收 3.51 億元，季減 6.15%，年增 35%，毛利率 16.76%，季增 6.36 個百分點，年減 9.64 個百分點，營益率 5.13%，年減 6.98 個百分點，稅後純益 0.22 億元，季增 340%，年減 31.25%，每股純益 0.63 元。信紘科前 3 季合併營收 9.22 億元，年增 29.53%，毛利率 13.34%，年減 13.38 個百分點，營益率 0.65%，年減 10.88 個百分點，稅後純益 0.28 億元，年減 65.86%，每股純益 0.8 元。
281,2019/11/12,〈英業達法說〉Q3純益季逾2成 EPS 0.3元 近10季低點,代工廠英業達 () 今 (12) 日召開線上法說，並公布第 3 季財報，稅後純益 10.64 億元，季減 22.05%，年減 32.32%，為近 10 季低點，每股純益 0.3 元，英業達表示，第 3 季開始進行產能調整，加上匯損擴大，達 6.15 億元，影響整體獲利下滑，預期第 4 季表現將持平第 3 季。英業達第 3 季營運持穩，營收 1287.08 億元，季增 0.71%，年減 8.76%，毛利率 4.67%，季增 0.59 個百分點，年減 0.07 個百分點，營益率 1.46%，季增 0.47 個百分點，年減 0.37 個百分點，稅後純益 10.64 億元，季減 22.05%，年減 32.32%，每股純益 0.3 元。英業達上半年營收 3713.75 億元，年減 0.4%，毛利率 4.48%，年減 0.45 個百分點，營益率 1.19%，年減 0.48 個百分點，稅後純益 41.25 億元，年增 2.2%，每股純益 1.15 元。英業達表示，第 3 季營運持穩第 2 季，但去年第 3 季為去年全年高峰，加上今年受貶值影響，匯損擴大，合計第 3 季匯損達 6.15 億元，所幸整體產品組合調整符合預期，展望第 4 季，預期營運將持平第 3 季，差異在個位數範圍內。英業達 () 日前也公布 10 月合併營收達 481.76 億元，月增 6.56%、年增 4.26%，創近 14 個月新高，累積今年前 10 月營收 4195.51 億元，年增 0.14%。
282,2019/11/12,大同旗下尚新能源 標得新北太陽光電屋頂設置聯合標租案,新北市政府首度推出民間場域「聯合標租」太陽光電設置方案，由大同 () 轉投資尚新能源標得，新北市政府今 (12) 日舉辦簽約記者會，號召轄內民眾出租住宅屋頂設置太陽光電，並保障至少 10% 售電回饋作為案場租金，此外，更攜手經濟部工業局盤點案場，鼓勵工廠業者共同參與。新北市副市長吳明機表示，2013 年起即率北部縣市之先，透過辦理說明會及媒合會等方式，積極推動太陽光電發展，迄今民間場域已完成 508 處案場設置，設置容量達 18.86MW，今日再推出民間場域「聯合標租」太陽光電設置方案，由尚新能源與有意願參與的廠商及民眾代表簽約。吳明機指出，推廣過程中，許多工廠業者及民眾反應，由於無法分辨太陽光電廠商優劣、申請文件與流程複雜及租金回饋低等因素，大幅影響設置意願，因此市府今年度協助民眾制定契約並代為遴選廠商，同時保障至少 10% 售電回饋作為案場租金，鼓勵民眾共同參與太陽光電設置。為了擴大參與，新北市首度與工業局共同盤點工業區工廠案場，目前已取得 43 處案場合作意願，預計可增加設置容量至少 2MW，年發電量達 190 萬度，每年可減少 1005 公噸以上的碳排放量。工業局說明，以出租 300 坪工廠為例，約可設置 70KW 太陽光電設備，年發電量約 6.6 萬度電，每年可減少約 35 公噸碳排放，相當於種了 2900 棵樹，此外每年約可收取 5 萬元租金。工業局表示，新北市府簡化自行設置太陽光電系統的繁複作業，透過政府盤點足夠的屋頂面積量體，爭取較高的售電回饋金，由政府掛保證的光電廠商進場施作，設置者也能更安心。
283,2019/11/12,〈上銀法說〉Q3每股賺1.26元 近10季低點 前3季EPS 5.9元,工具機大廠上銀 () 今 (12) 日召開法說，並公告第 3 季財報，由於營運持續受美中貿易戰影響，客戶下單保守，加上業外受、貶值影響，第 3 季稅後純益 3.89 億元，季減 52%，年減 78%，每股純益 1.26 元，近 10 季低點。前 3 季稅後純益 18.27 億元，年減 59.6%，每股純益 5.9 元，為近 3 年同期新低。上銀第 3 季合併營收 50.63 億元，季減 16.8 %，年減 39.38%，毛利率 33.6%，季減 2.5 個百分點，年減 7.1 個百分點，營益率 12.6%，季減 4.8 個百分點，年減 13.1 個百分點；稅後純益 3.89 億元，季減 52%，年減 78%，每股純益 1.26 元。上銀前 3 季累計營收 161.97 億元，年減 28.6%，毛利率 35.54%，年減 5.2 個百分點，營益率 15.18％，年減 9.29 個百分點；稅後純益 18.27 億元，年減 59.6%，每股純益 5.9 元。上銀表示，第 3 季雖然受惠日韓貿易戰轉單，但營運持續受到美中貿易戰影響，客戶下單保守，加上歐美國家長假，使第 3 季營收呈現衰退。毛利率表現方面，上銀指出，由於市場供給仍大於需求，價格方面較彈性，加上產能利用率下滑，及、貶值影響，拖累毛利率表現。其中，匯率因素約影響第 3 季毛利率 0.7 個百分點，匯兌損失約侵蝕第 3 季每股純益 0.67 元。
284,2019/11/12,【運達投顧】籌碼面有利台股續攻,台股今天反彈然而量能萎縮，可見經過昨天的大跌後市場偏向觀望，但台股守穩月線多頭只是休息，後勢研判重點如下：1. 昨天香港反送中示威者發起「三罷」行動，出現擦槍走火情況，香港局勢惡化，加上中美貿易協議出現不確定性，昨天亞股全數回檔，港股重挫 2.62％、台股也大跌 1.31％、下跌 1.83％，由於中美貿易戰打打停停消息面一日數變，未全然朝負面發展，香港暴動事件在亞股造成波動加劇，不過昨天美股卻是開低後走高，終場小漲小跌並沒有破壞多頭的架構，全球股市的多頭指標 (美股) 仍維持多頭不變，今天亞股也都出現反彈的機會。近日我們對國際股市的結構說明：當美股維持多頭，接下來的重點應該放在落後的亞股是否有補漲機會。昨天受香港暴動影響出現拉回，造成陸股又跌破月線，但 9 月中以來的區間盤局並沒有遭到破壞，韓股拉回仍守穩月線，所以亞股並沒有因昨天的下跌而破壞多方結構。今天亞股反彈但香港事件的後續仍須再觀察，亞股的強弱仍是台股可否續創新高的指標。2. 由於中美貿易協議以及香港的不確定性，難免造成市場恐慌，不過是否演變成較大的波動這一點須從籌碼的角度來研判，昨天外資在現貨市場買超 32 億，而期貨市場從上週從高點多單調節了約 8 千多口，昨天外資期貨多單小增 157 口維持在 5.2 萬口，上週我們說明外資逢高稍有獲利調節是合理的，但重點是不可跌破 5 萬口，否則台股的整理會偏弱，結果外資昨天多單不減小增還維持 5 萬口之上，且摩台未平倉口數昨天也是增加，多單來到 24.9 萬口創近期新高，由此可見外資並沒有受到貿易協議及香港事件的影響而有轉賣的跡象，反而下週三的期貨結算在外資期現貨滿手多單的情況下，與我們週五預測本週後半週是台股上漲的關鍵時刻的機率頗大。3. 研判貿易談判與香港事件是否會造成股市的波動，還有一個重要的指標就在匯率，今年 5、8 月全球股市受貿易戰影響而出現大跌，當時市場資金以做為避風港，8 月底一路貶值到昨天，也沒有因香港事件而有明顯升值的訊號。所以只要沒有出現明顯大幅的升值，國際政經都不會有走空的風險，尤其美元與都還維持在 98 與 7 元附近波動也沒有出現大貶，這些都是對股市的穩定性有利。4. 台股今天反彈量縮，從 11 月至今台股漲多後的調整並沒有主流浮現，預計後半週愈接近台指結算權值股發動的機會愈大，在沒有主流的結構下操作上動作先不必太多，掌握低位階的個股低接等待出量起漲的機會即可。※以上內容由 蕭春源分析師 整理提供，投資人於投資前請審慎評估，遵守紀律，嚴設停利停損。
285,2019/11/12,台股盤後—電子雙雄領軍強彈 量縮漲93點 站回11500點,台股今 (12) 日一掃昨日重挫陰霾，由電子雙雄台積電與鴻海領軍反彈，台化、南亞等傳產權值股助攻撐盤，在前 10 月獲利表現亮眼下，國泰金與富邦金等金融權值股也強勁表態，指數開高走高，終場大漲 93.09 點，收在 11520.37 點，成功站回 11500 點與十日線，惟成交量縮至 1181.8 億元。台股今日上市股中，僅鋼鐵、電纜、玻璃、網通、造紙、光電、百貨、橡膠指數收黑，其餘均收紅，其中又以其他電子族群表現最強勢、漲幅逾 2.7%，表現最弱勢的是橡膠族群、跌幅近 3.5%。櫃買市場今日同樣開高走高，終場上漲 1.06 點，以 143.03 點作收，成交量約 268.8 億元。部分，僅鋼鐵、電通、觀光指數收黑，其餘均收紅，其中以遊戲指數表現最強勢、漲幅達 1.24%，表現最弱勢的為觀光指數、跌幅 0.23%。電子三雄方面，台積電中止連 3 日走弱態勢，股價開高走高，終場上漲 1.33%，收在今日最高點 305 元，站回十日線；鴻海為三雄中表現最強勢，終場上漲 3.53%，同樣收在今日最高點 91 元，站回五日線，及昨日失守的 90 元整數關卡；股王大立光以紅盤開出後不久，隨即翻黑，一路處於盤下，連 2 日走跌，終場下跌 1.41%，收在 4540 元，跌破十日線。IC 設計族群表現強勢，金麗科、九暘亮燈漲停，世紀漲幅達 8%，義隆大漲 5%，矽創漲逾 4%，合邦、沛亨、聯詠、尼克森、原相、敦泰、系微漲幅均超過 3%。印刷電路族群表現同樣強勁，華通、欣興漲逾 6%，建榮、台光電漲幅逾 5%，楠梓電上漲逾 4%，金像電、燿華、育富、聯茂漲幅均超過 2%。受惠台灣首座商業規模離岸風場海洋風電正式啟動，風電族群成盤面焦點，世紀鋼、春雨漲幅逾 2%，上緯投控、大亞、華城、台達電、亞力表現也不俗。國泰證期分析師蔡明翰指出，外資雖持續賣超，但亞股表現並未非常強勢，使台股漲勢受壓抑，加上升值幅度開始縮減，甚至出現回貶趨勢，在資金流並未持續流入下，指數今日雖反彈，但量能明顯縮減。蔡明翰認為，短線台股要強勢反彈，機率相當低，但還未大幅轉貶，下檔仍有支撐存在，估短線指數將維持高檔區間震盪整理，後續仍須留意走勢，若出現貶值，指數才有較大回檔空間。
286,2019/11/12,【群益投顧】指數跌深出現中級反彈，月線持續上揚至11380點，可望提高支撐力度,波音公布美國聯邦航空總署 (FAA) 未來幾週內將解除波音 737MAX 禁飛令，明年一月恢復使用，股價大漲 4.68%，使得美股出現小漲，但其他三大指數則因傳出川普未同意取消關稅訊息而仍出現小跌。2019 年阿里巴巴雙 11 全球狂歡節以 2684 億再創新高紀錄，但因香港發生警民槍擊案升高動盪事態，港股盤中雖有反彈，但今日早盤陸股依然小跌，在大跌後出現反彈，台積電、南茂、京元電、欣興等半導體類股出現強勢上揚，PCB 股如華通、台光電、臻鼎等也同步轉強走高，亞洲各國股市漲跌互現，終場台股反彈收紅 93 點，漲幅 + 0.81%，收在 11520 點，成交量降為 1181 億元。昨日台股大跌但外資依然買超台股 38 億元，自 10/14 外資開始買超起算已連續買超 21 日，買超金額為 1663 億元，由於外資並未轉為賣超，應可暫時穩住國內投資人信心，盤中多半時間反彈幅度為昨日下跌 152 點的 1/3，接近尾盤時突破 11500 點整數關卡，走勢尚屬穩定不致引發拉高後短線解套賣壓，且目前僅 3 日線下彎，待整理後指數不再逼近月線 11380 點後，應有機會重新上攻 11600 點之上。國巨 (2327) 今日向證交所申請停牌暫停交易，美商 Kemet 與國巨達成協議，國巨將以每股 27.2 美元，全資收購 Kemet 股權，此次公開收購價格溢價幅度約 26%，總交易金額為 16.4 億美元，Kemet 將自美國下市，交易將於 2020 年下半年完成，可望能提高國巨產品在車電市場能見度。南茂 (8150) 第三季財報毛利率 21.3%，較上季的 17.1% 及去年同期的 19.5% 明顯增高，稅後淨利 5.85 億元年增 33.3%，累計前三季稅後淨利 20.5 億元，年增達 250%，EPS2.83 元。南茂的 NANDFlash 封測訂單持續增加，公司預估 4Q 業績可望更佳，南茂 10 月營收 18.98 億元，較上月增加 8.5%，較 107 年同月增加 4.7%。累計 1-10 月營收 166.6 億元，較 107 年同期增加 8.7%。京元電 (2449) 第三季稅後淨利創 10.45 億元新高，累計前三季稅後淨利 20.3 億元，年增達 47.87%，主要受惠在歐美、大陸和台灣晶片廠客戶測試訂單增加、及併購的封測廠東琳營運持續改善，帶動獲利成長動能更勝營收。京元電 10 月營收 23.7 億元，月增 3%、年增 31.3%，改寫歷史次高。累計 1～10 月合併營收 207.6 億元，年增 22.5%，續創同期新高。華通 (2313) 第三季 EPS1.24 元，為近年來單季新高，累計前三季 EPS2 元與去年全年 EPS 相近，十月營收以 62.25 億元，創下單月歷史新高。欣興(3037)10 月營收 78.3 億元，較上月增加 0.65%，較 107 年同月增加 3.6%，累計 108 年 1-10 月營收 677.9 億元，較 107 年同期增加 7.93%。二者股價同步大漲約半支停板。電子：台光電 (2383)、華通 (2313)、臻鼎 - KY(4958)、京元電 (2449)、欣興 (3037)。非電：美時 (1795)、儒鴻 (1476)、美利達 (9914)、得力 (1464)、康友 - KY(6452)。本文係研究員對大盤之看法，僅供參考，不做進出依據
287,2019/11/12,〈動力-KY展望〉高階顯卡出貨旺 Q3毛利率衝30% 純益年增逾6倍,散熱風扇廠動力 - KY() 今 (12) 日公布第 3 季財報，受惠輝達及 AMD 高階顯卡出貨動能持續，毛利率衝上 32%，稅後純益 5040 萬元，年增 6.43 倍，每股純益 1.94 元，創近 2 年新高；累計前 3 季稅後純益 6390 萬元，年減 0.12%，每股純益 2.47 元。動力 - KY 第 3 季營收 3.56 億元，季增 62.6%、年增 5.3%；毛利率 32%，季增 18 個百分點、年增 17.15 個百分點；營利率 19.01%，較上季、去年同期轉盈；稅後純益 5040 萬元，季增逾 20 倍、年增 6.43 倍，每股純益 1.94 元。動力 - KY 累計前 3 季營收 8.49 億元，年減 10.7%；毛利率 23.89%，年增 3.05 個百分點；營利率 8.99%，年增 1.25 個百分點；稅後純益 6390 萬元，年減 0.12%，每股純益 2.47 元。展望明年，董事長許文昉表示，明年將有 AI 智能風扇、5G 基地台路由器等新品量產，其中 AI 智能風扇已送至下游廠認證，預期明年可開始接獲訂單，目標新品明年全年占整體營收比重 5%。動力 10 月營收 1.09 億元，月減 24.57%、年減 16.65%；累計前 10 月營收 9.68 億元，年減 11.46%。
288,2019/11/12,〈國巨再啟跨國併購〉併基美後 MLCC市占甩太陽誘電穩坐全球第三,被動元件大廠國巨 () 併購美商基美 (KEMET) 後，除了年營收規模衝 900 億元，MLCC 的產量占全球更來到 15%，可望甩開太陽誘電 (Taiyo Yuden)，坐上全球 MLCC 市占第 3 名市場地位。以目前全球 MLCC 產量市佔率來看，村田製作所 (Murata) 佔 31% 位居第 1、三星電機 (SEMCO)18% 排名第 2，國巨則以 13% 與太陽誘電 (Taiyo Yuden) 並列第 3，TDK、AVX 各佔 3%、國巨此次併購的基美則佔 2%。因此，國巨併購基美後，MLCC 的產量規模將提升至 15%，甩開太陽誘電，穩坐 MLCC 市占第 3 的市場地位，並可伺機向上挑戰三星電機。若以營收角度來看，基美貢獻更顯著，依照基美提供的資料顯示，全球被動元件市場產值預估在 280-320 億美元之間，國巨併入基美後，年營收規模幾近倍增，上看 30 億美元，佔整體被動元件市場產值約 1 成。觀察國巨的其他競爭對手，村田年營收規模約 142 億美元、三星電機落在 72 億美元，太陽誘電則約 26 億美元。
289,2019/11/12,台商回流享「五低」 學者：應調漲電價落實能源轉型,台灣近年面臨能源轉型的挑戰，台大風險社會與政策研究中心今 (12) 日指出，台灣長期利用低電價、低薪等「五低」條件來吸引投資、設廠，事實上，電價超過 50% 並沒有反映外部成本，這對於台灣長期發展是不良的，建議政府應調漲電價、制定整體計畫，在台商大舉回流之際，促使製造業脫胎換骨，落實能源轉型。台大風險中心今日舉辦「鉅變台灣：啟動長期能源轉型」論壇，教授周桂田表示，目前總統大選打得火熱，但卻未見任何總統候選人正視全球低碳、去碳經濟轉型下台灣未來產業競爭危機等議題。周桂田指出，台商回流可望帶動經濟成長，我們歡迎資源耗用少、高附加價值且有競爭力的台商，但如果還是讓台商回來繼續享用台灣的「五低」，所謂低電價、低水價、低薪、低土地成本及低人才成本，對台灣的長期競爭力來說是不良的，周桂田強調，真正要落實減碳，對氣候、市場、能源等重要關鍵就是電價。台大風險中心博士後研究員趙家緯說明，目前台灣發電成本 1 度約為 2.86 元，但電價 1 度卻只有 2.6 元，且尚未計算像是排碳、空污等外部成本，估計 1 年電力系統可造成超過 3000 億元的外部成本，意即電價超過 50% 沒有反映外部成本，因此，電價應該將漲幅拉上來。趙家緯表示，政府承諾在 2020 年完成能源稅推動等相關配套規劃，但迄今尚未啟動任何評估程序，而電價審議委員會已經連續 3 次凍漲，他呼籲政府應面對能源轉型問題，調漲電價，且要調漲至上限 6%，才能反映成本。周桂田指出，全世界氣候不只有災難預防問題，目前已成為市場機制，歐盟將要提高碳關稅，對於出口導向、製造業為主，又屬於全球供應鏈之一的台灣影響會非常大。周桂田建議，台灣應該要效法英國、德國，成立跨部會的獨立部門，監督減碳的成效，台商回流提高產業價值是關鍵，也是台灣脫胎換骨非常好的契機，行政院應該要進行跨部門的整合，進一步的盤點能源、家戶、建築與服務業等領域，制定整體計畫。
290,2019/11/12,台首座商業規模離岸風場 海洋風電正式啟動年底商轉,海洋風電第二階段已完工，並於今 (12) 日舉行風場啟動典禮，預計年底進入商轉。海洋風電董事長柏森文表示，此風場離岸工程在台前所未見，超過 10 艘大型船舶用於運輸與建造，行進距離相當於環繞地球 7 圈，海洋風場啟用是台灣離岸風電的重要里程碑，未來每年將可提供 12.8 萬戶家庭潔淨能源。海洋風電 (Formosa 1) 由沃旭能源持股 35%、JERA 持股 32.5%、麥格理綠投資集團 25%、上緯投控 () 持股 7.5%。第一階段 2 支風機共 8MW(百萬瓦)，已於 2017 年商轉；第二階段 20 支風機，發電容量共達 120MW，今年 1 月開始施工，5 月下旬進行海上安裝工程，並於 10 月 9 日全數完工，預計今年底商轉。海洋風電董事長、沃旭能源亞太區總裁暨台灣董事長柏森文表示，海洋風電計畫離岸工程在台灣前所未見，每支風機重量約 900 噸，葉片長度 75 公尺，風機高度達 182 公尺，相當於 50 層樓的高度，且在安裝過程中，用於運輸與建造的大型船舶超過 10 艘，船隻行進距離相當於環繞地球 7 圈。柏森文表示，海洋風場啟用是台灣離岸風電的重要里程碑，是首個商業規模的離岸風場，待海洋風電商轉後，每年將能為 12.8 萬戶家庭提供潔淨能源，並減少超過 24 萬 5600 噸碳排量，相當於 100 萬輛摩托車的碳排量。上緯投控總經理詹明仁表示，上緯自 2010 年投入離岸風電開發，到今天將第一座離岸風場海洋風電交給台灣社會，除為政府離岸風電政策的重大里程碑，也證明台灣企業具備規模離岸風電的開發能力。
291,2019/11/12,〈未來科技展〉聚焦醫材、AI技術 參觀人次目標衝破10萬人,科技部今 (12) 日舉辦 2019 未來科技展展前記者會，科技部部長陳良基表示，2017 年開辦未來科技展以來，2 年共吸引超過 7 萬次的參觀人潮，創造逾 4 億元產業新商機，今年聚焦在醫材、AI 應用、電子光電、智慧機械等技術上，預期今年參觀人次將上看 10 萬人。陳良基表示，台灣產業結構必須轉型、提升價值，面對 AI 或 AIoT 趨勢，台灣需要持續強化創新研發力、補強軟體的競爭力，並結合新科技與新應用服務。台北市電腦公會理事長童子賢表示，未來科技展聚焦在未來 10 年的科技願景，包含從食、衣、住、行、育樂，並結合物聯網 IoT、AI、5G，台灣在邁向少子化、高齡化的趨勢下，如何透過科技提升生產力、便利性，是未來重要的課題。台灣物聯網產業技術協會理事長黃崇仁表示，台灣在科技領域在全球相當具有優勢，尤其是半導體產業在台積電 () 的帶領下，在全球占有舉足輕重的地位，面對未來 5G、AI、IT 趨勢發展，樂見政府帶頭做起，協助學校到產業的科技發展。未來科技展今舉辦展前記者會也展示 5 大亮點，結合台大、清華、交大、國體大等學界單位，推出創新無線定位與追蹤系統、無毒智慧科技農業系統、運動訓練系統及其裝置、智慧隱形眼鏡系統之開發：以乾眼症診斷為例、個人特質整合語音互動之深度情緒辨識技術。2019 未來科技展 (FUTEX 2019) 將於 12 月 5-8 日在台北世貿一館登場，結合台灣學研單位的創新研發能量，透過平台加速科研成果轉化為實際驅動台灣產業結構轉型、拉動下一波經濟成長的新引擎，今年也匯聚生技與新藥、醫材、AI 智慧應用、電子光電、智慧機械與新穎材料等 88 項突破技術。
292,2019/11/12,柏文Q3獲利低預期 股價面臨200元保衛戰,連鎖健身業者柏文 () 第三季獲利低於法人預期，單季稅後純益 1.15 億元，年增僅 1.72%，每股純益 1.74 元，衝擊股價向下走軟，今 (12) 日盤中最低來到 201 元，創半年來新低，多方力守 200 元整數；柏文表示，今年底前還有 2 家新據點將加入營運，可望增添成長動能。柏文第三季合併營收 8.98 億元，年增 11.75%，毛利率 31.84%，略較去年同期成長 0.28 個百分點，營業利益 1.6 億元，年增 9.56%，營益率 17.86%，年減 0.36 個百分點；由於業外認列財務成本淨額大增，因此吃掉部分獲利表現。前三季稅後純益 3.48 億元，年增 23.27%，每股純益 5.32 元。截至 10 月底，全台健身工廠共有 43 個營運據點，會員人數約 20 萬人，柏文表示，第四季有台北市健康廠 11 月下旬開幕，新北市永和廠則預計於年底加入營運，今年共新開 6 家廠館，不僅是第四季、也為明年增營運成長動能。據柏文規劃，健身工廠明年將再開出 5 家大型廠館。法人指出，新館貢獻通常需要 1 年會較為明顯，而柏文短期面臨教練課程成長動能放緩，使市場擔憂其營收成長，儘管目前柏文正積極擴編教練人數，仍有待觀察後續的新據點效益和課程成長動能；若就長期來看，台灣健身市場仍深具成長潛力。
293,2019/11/12,主產品需求不振 先豐罕見連兩季虧損 前3季每股虧0.97元,永豐餘集團 PCB 廠先豐通訊 () 今年以來在基地台板、汽車兩大主應用市場需求不振影響下，第 2 、3 季連續兩季虧損，第 3 季毛利率更轉為負值，單季大虧 1.73 億元，前 3 季虧損 2.07 億元，每股虧損 0.97 元。先豐的通訊產品主力歐系客戶，拉貨遲遲沒有起色，汽車板 10 月起略有回溫，法人估，先豐整體營運好轉，最快在明年第 2 季後。先豐今 (12) 日公布最財報，第 3 季營收為 17.77 億元，毛利率為負 2.98%，較第 2 季及去年同期都由正轉負，稅後虧損 1.73 億元，是連兩季營運虧損，較去年同期也由盈轉虧，單季每虧損損 0.81 元。先豐前 3 季營收 55.74 億元，毛利率 4.01%，年減 5.79 個百分點，稅後虧損 2.08 億元，較去年同期盈轉虧，每股虧損 0.97 元。先豐除歐系主力客戶端拉貨遲滯，造成營收下滑，汽車板主攻 ADAS 系統板，今年以來全球汽車需求也不佳，不過，10 月後先豐汽車板出貨略有回溫。先豐通訊 10 月營收 6.61 億元，月增 13.99%，年減 4.93%，累計 2019 年前 10 月營收 62.35 億元，較去年同期衰退 0.14%。
294,2019/11/12,台股盤中－電子領軍重啟漲勢 市場仍觀望成交量縮至1200億元,台股揮別昨 (11) 日重挫陰霾，今 (12) 日反彈走高，由電子零組件族群、半導體、PCB 等領軍重啟漲勢，惟受到內資賣超調節，今日買盤觀望氛圍濃，估成交量約 1200 億元。台股昨日雖有外資與官股續買，但不敵大戶調節持股與內資多殺多賣壓襲擊，單日重挫 152 點作收，今天雖有美股收黑利空因素干擾，但買盤持續敲進下今日盤勢逆勢走揚，指數可望進一步挑戰收復 11500 點關卡。今天盤勢亮點聚焦電子族群，包括電子零組件、半導體等類股，包括京元電、嘉彰等在短線多單敲進下股價上攻，IC 封測族群京元電成交量衝上 2.2 萬張，引領股價轉強，盤中漲逾 5%，股價創波段新高。印刷電路板族群也是今日盤中亮點，包括華通、欣興、臻鼎 - KY 與友詮股價同步走揚反彈，其中友詮受惠單月營收創高，帶動股價突破週、月線，開盤後旋即攻上漲停。華通 10 月營收同樣繳出亮眼成績，吸引外資、投信連袂買進，在主力買超帶動下，成交量達 5.5 萬張，盤中股價大漲逾 4%，帶動股價持續在月線上走揚，盤中暫收 49.1 元。鴻家軍集團的臻鼎 - KY 公布 10 月營收創高，盤中吸引多單搶進帶動盤中股價大漲 5%。法人表示，外資連續 21 個交易日買超台股，但仍不敵內資大戶賣壓，台股盤勢仍處修正拉回壓力，但由於尚未貶破 30.5 ，後續可觀察外資動向，一旦失守 30.5 元，慎防外資反手轉賣，盤勢變天。
295,2019/11/12,力致改善子公司營運體質 現增5000萬元縮減虧損,筆電散熱模組廠力致 () 宣布，擬對 100% 持股的中國子公司辦理現金增資，以不超過 5000 張，總金額 5000 萬元為上限，力致連 2 年認列子公司虧損，現增募集的資金將用於改善營運體質，盼可縮減子公司營運虧損。力致表示，100% 持股中國子公司蘇州聚力電機，營業項目包括新型電子元器件、CPU 散熱模組、電腦用及電子電機用相關零配件，力致去年認列虧損 3602 萬元、前年認列 2083 萬元，為改善營運體質，擬辦理現增 5000 萬元。展望後市，力致表示，受惠筆電產品價格提升與銷售暢旺，帶動獲利上揚，且市場削價競爭情形已趨緩，將有助毛利率走揚，法人看好，第 4 季營收、獲利可望維持高點，全年每股純益上看 4 元。力致近年攻手機熱板、打入陸系基地台產品線，開發的新產品包括伺服器、通訊、高階繪圖卡均熱板等，力致表示，許多產品仍在開發階段，營收占比仍維持 1 成左右。力致 10 月營收 4.42 億元，月減 12.45%、年增 9.65%；累計前 10 月營收 40.06 億元，年增 12.25%。
296,2019/11/12,BMW、保時捷新車密集交車期 汎德永業Q4營收加溫,進口車商汎德永業 () 前 10 月合併營收達 266.33 億元，轉為正成長 0.4%，汎德永業表示，新車延遲到港遞延效應逐漸發酵，尤其是 BMW 三款新改款車詢問度高，本季開始交車，同時，保時捷主力車款 Cayenne Coupe 高性能跑旅車將自本月起大量交車；法人看好，第四季營收有望創今年單季最高，營運倒吃甘蔗可期。汎德永業指出，9 月受颱風影響，導致部分新車延遲到港，遞延效應已自 10 月開始顯現，本月起 BMW 2020 年式新車將陸續到港，交車數量明顯成長，第四季營收動能無虞。另一方面，BMW 新車買氣暢旺，主力車款 320i M Sport 自發表以來詢問度極高，預售情況良好，新車到港後本月將開始陸續交車，同時，新改款的 1 系列房車和 X 系列入門款休旅車 X1 均在本季交車，進一步推升業績成長。同時作為保時捷主要經銷商，汎德永業指出，受颱風遞延效應影響，部分新車延到 10 月交車，今年主力車款 Cayenne Coupe 高性能跑旅車將會自本月起大量交車，成為挹注營收成長新動能。汎德永業看好保時捷在國內市場的成長性，全球首間 Porsche NOW 快閃概念店日前已於台北信義新天地 A9 館登場，11 月將於台南南紡購物中心開設第二間快閃概念店，期藉此擴大在南台灣的銷售動能。汎德永業前 10 月維修保養業務占整體營收比重突破 12%，維持穩健成長表現，隨著新車銷售，看好售後維修保養需求量因此同步攀升，未來將增設結合銷售和售後服務全功能廠，以提升毛利率。
297,2019/11/12,〈國巨再啟跨國併購〉收購基美著眼五個目標 合併後年營收規模將衝900億元,國巨 () 今 (12) 日宣布以 16.4 億美元 (約 500 億元)，併購美系被動元件廠基美 (KEMET)，國巨發言人宋志翔表示，併購後有助增加國巨產品組合、擴大歐美市場能見度、進入日本市場、強化車電及 5G 市場、並擴大 KEMET 亞洲規模等五個目標，併購後國巨營收規模將上看 900 億元。宋志翔表示，基美產品屬高階領域，有助擴充國巨產品線，持續強化在車用電子、工業以及 5G 等利基型應用，提供客戶更完善的一站式購足服務。KEMET 在歐美市場也有一定的市占率，有助提升國巨在歐美市場的能見度，加上 KEMET 先前併入日系車用被動元件廠 TOKIN，國巨也可藉此跨入門檻較高的日本市場，KEMET 也能藉國巨在亞洲及東南亞的布局及通路擴大營業規模。宋志翔指出，以雙方去年第 4 季至今年第 3 季的營收估算，國巨營收約 475 億元、KEMET 則約 432 億元，以此估算，併購後國巨營收規模將突破 900 億元，超越去年歷史新高不過，KEMET 新聞稿指出併購金額 18 億美元，與國巨所稱的 16.4 億美元有所出入，對此，宋志翔解釋，16.4 億美元是股權收購金額，KEMET 計算的 18 億美元則是加計債務，國巨截至第 3 季約當現金 290 億元，接下來會透過合作銀行花旗，貸款 10 億美元，不過，併購案還需要經過各地主管機關通過對反壟斷法等相關審核。
298,2019/11/12,〈雙11捎捷報〉東森購物單日業績突破3.6億元 創開台20年來最高,東森 () 轉投資東森購物雙 11 業績傳捷報，統計 11 月 11 日全日東森購物網 ETMall 業績突破 2.8 億元，創開站 16 年以來單日業績最高紀錄，而全通路業績逾 3.6 億元，則是開台 20 年來歷史最高。東森購物前 10 月網路通路營收達 45 億元，年增 63%，電話行銷通路營收為 32 億元，年增 64%。為迎接此次雙 11 檔期，東森狂灑超過 3000 萬的東森幣刺激買氣，強勁挹注業績，東森購物觀察，網路銷售以保健、餐券和 3C 家電類別的成長最高，3C 類別中則以 Apple、HUAWEI、Samsung 銷售最熱，而餐券銷量較平日成長 30 倍。東森購物統計，本次雙 11 檔期出現一位 2500 萬元刷手，總共購買 1691 件商品，一位破千萬刷手，共購買 1704 件商品，另外還有十位百萬刷手，幾乎都是購買 OPPO 手機、HUAWEI 華為手機、vivo 手機、Apple MacBook 13.3 吋筆記型電腦和 Apple iPad 平板電腦等 3C 類產品為主。雙 11 當日消費的會員輪廓，女性占 70%，男性占 30%。
299,2019/11/12,郭明錤：新Apple Watch將導入更多LCP軟板 台郡、臻鼎受惠,蘋果無線耳機 AirPods 銷售佳，並進一步推出新產品 AirPods Pro ，中國天風證券分析師郭明錤進一步對蘋果另一穿戴裝置 Apple Watch 指出，明年下半年蘋果 Apple Watch 軟板將採用更多 LCP 軟板，台廠包括臻鼎 () 及台郡 () 等，都將因此受惠。郭明錤認為，Apple Watch 對防水能力的要求較 iPhone 高，因此具抗潮能力的 LCP (液晶材料軟板) 需求可望增加，且 Apple Watch 5 已具備不遜於 iPhone 6S 的運算能力，明年下半年推出的新款 Apple Watch ，對提升內部與外部傳送速率要求將更高，預期將採用更多 LCP 軟板，取代傳送速率較慢的 PI 軟板。郭明錤指出，陸廠東山精密、臻鼎與台郡等，都是明年新款 Apple Watch LCP 軟板用量最大受益者，單價較高的 LCP 軟板，將帶動供應商未來數年營運成長。郭明錤估， Apple Watch 將是明年蘋果成長幅度最大的硬體產品，估 2019 年出貨將達 2100-2300 萬支，明年成長到 2500–2700 萬部。郭明錤強調，Apple Watch 快速成長的關鍵，包括硬體設計符合穿戴裝置產品， 軟體與生態體系成熟，同時，Apple Watch 也獲 AirPods (TWS) 成長帶動。郭明錤認為，LCP 軟板單價較 PI 軟板高 40-50% 或以上，估東山精密、臻鼎與台郡的 LCP 軟板出貨比重將逐年增加，並成未來數年關鍵成長動能，預期 Apple 所有硬體產品都將全面提升 LCP 用量，且為降低風險，也將自 2020 年大量採用東山精密、臻鼎與台郡所生產的 LCP，這些廠商未來也將供貨更多 LCP 軟板給 iPhone 與 iPad。
300,2019/11/12,台股盤前—回測月線機率大 年底結算前恐有新一波調節賣壓,台股昨 (11) 日平低盤開出後，一路下修，最低一度跌至 11409.83 點，終場收 11427.28 點，下跌 152.26 點，成交值放大至 1493 億元。法人認為，短線回測月線機率大，接下來將進入年底結算，恐怕還會有新一波調節賣壓，得留意指數能否能否站穩萬一大關。美國總統川普表示，美國只會簽署對美國來說是正確的協議，並表示磋商進展較他預期慢，讓投資人擔心美中難以達成協議，雖然續創新高，但、標普、則同步收跌。市場消息方面，被動元件大廠國巨今 (12) 日宣布，擬以總價 18 億美元 (約 547 億元)，收購美系被動元件業者 KEMET(基美)100% 股權，每股交易金額 27.2 美元，較 KEMET 周一收盤價 23.02 美元，溢價約 18%，預計明年下半年完成交易，KEMET 將自美股下市。15 家上市櫃金控 10 月獲利全數出爐，雖然 15 家金控單月獲利較前月微幅衰退，但累計前 10 月稅後純益突破 3000 億元大關、達 3186.46 億元，已超越去年全年稅後純益 2937 億元，提前 2 個月達陣，更創歷史新高，其中，富邦金前 10 月 EPS 率先突破 5 元，國泰金登上 10 月獲利王、前 10 月純益王。聯發科傳出繼首顆中高階定位 5G 系統單晶片 (SoC) 獲多家品牌大廠導入後，明年第 2 季將量產的第 2 顆 5G 晶片，也獲華為開案採用，該晶片定位打入中階市場，且聯發科第 3 顆 5G 系統單晶片也已在籌備中，將瞄準主流、更平價的市場，盼達到全系列 5G 產品覆蓋。法人認為，短期指數回測月線機率大，接下來即將進入年底結算，後續恐怕還會有新一波調節賣壓，觀察指數能否站穩萬一大關。
301,2019/11/12,〈國巨再啟跨國併購〉斥547億元收購美廠KEMET 每股交易金額27.2美元溢價約18%,國巨 () 今 (12) 日宣布，擬以總價 18 億美元 (約 547 億元)，收購美系被動元件業者 KEMET(基美)100% 股權，每股交易金額 27.2 美元，較 KEMET 周一收盤價 23.02 美元，溢價約 18%，預計明年下半年完成交易，KEMET 將自美股下市。KEMET 在全球有 23 個製造工廠，產品包括陶瓷電容，磁性材料、傳感器以及薄膜和電解電容。應用在高級汽車電子、工業、航空航太，醫療以及智慧手機，雲端及網絡設備、無線通信、5G 等，在全球擁有 1600 多個專利。國巨表示，併購將有助強化消費電子產品以及高端汽車，工業，航空，電信和醫療領域的市場布局，合併後的國巨在全球將擁有 42 個製造工廠和 14 個研發中心，也有助進一步強化全球布局。以每股收購價 27.2 美元來看，除了較 KEMET 周一收盤價溢價約 18% 外，較最近 30 個交易日的成交量加權平均價 (VWAP) 溢價 26%，較其過去 90 個交易日的 VWAP 溢價 37%。
302,2019/11/12,【新光證券】盤前分析,◆盤勢分析美股上周五再創新高，但 11 日亞股走弱，加上香港反送中情勢再度升溫，恆指重挫 600 點，日、韓指數也同步下跌，進一步拖累台股表現，開盤指數跳空開低 11570.33 點，一路向下殺盤，加上權值股、蘋概股、被動元件等族群走弱，盤中重挫逾百點，將上周漲幅全部吐回。盤面各類股幾乎全盤皆墨，最為弱勢則屬電子、塑化、觀光等族群。終場收在 11427.28 點，跌 152.26 點或 1.31%，成交額 1539.1 億元。 OTC 指數收在 141.97 點，跌 2.45 點或 1.7%，成交額 400.71 億元。整體而言，近期國際利多消息頻傳，台股則已先行反應，目前台股籌碼面及技術面仍偏多，但短線面臨拉回修正整理壓力，後市須關注能否守住月線 11362 點，短線不宜過度追高。雖然台股有權值股支撐大盤指數，仍慎防中小型股獲利賣壓出籠。市場行情仍以 5G 概念股、 PCB 上下游產業及散熱族群為觀察主軸，選股進入汰弱留強階段。
303,2019/11/12,盤前財經大事搶先讀2019年11月12日,法說會：卜蜂、上銀、聯邦銀、永豐金、英業達終止掛牌：陽光能源 - DR暫停交易：國巨、大聯大電信三雄昨 (11) 日公布 10 月自結，台灣大 () 每股純益 0.37 元，贏過中華電 () 的 0.32 元及遠傳 () 的 0.22 元；台灣大累計前 10 月每股純益 3.83 元，持續蟬聯每股純益王寶座。中鋼 () 昨 (11) 日公告 10 月營收，量價齊跌下，單月營收 276.78 億元，月減 4.3%、年減 24%；前 10 月營收 3094.83 億元，年減 7%，不過，近期美國鋼市回溫，中鋼看好，第 4 季將是營運以及盤價近期的谷底，明年第 1 季可望回溫。15 家上市櫃金控 10 月獲利全數出爐，雖然 15 家金控單月獲利較前月微幅衰退，但是累計前 10 月稅後純益突破 3000 億元大關、達 3186.46 億元，不但已超越去年全年稅後純益 2937 億元，可說是提前兩個月達陣，更創歷史新高的獲利水準。台商回流讓不動產市場回溫，根據財政部統計，與不動產交易有關的土地增值稅與契稅兩者同步增加，其中土增稅單月稅收 91 億元，年增幅 2 成，契稅 10 月稅收約 13 億元、較去年同期增加約 2 億元。行政院主計總處昨 (11) 日公布 9 月全體受僱員工經常性薪資平均為 41845 元，年增 1.72%，不僅終結連續 6 個月年增高於 2% 的表現，更創下 28 個月以來最低增速，主計總處表示，主要原因是金融保險業等按月發放績效獎金減少所導致。
304,2019/11/12,【日盛投顧】盤前分析,"◆盤勢分析1. 美中貿易不確定持續存在，香港抗議活動升級，全球市場低氣壓蔓延，週一美股漲跌互見，漲跌幅介於 - 0.53 至 0.04％，美股四大指數中長期趨勢偏多，短期高檔整理。美國聯邦航空總署將在未來幾周內解除波音 737 MAX 禁飛令激勵波音股價大漲 4.68%。2. 由以下三個面向檢驗方向及強弱：(1) 量能：上漲成交量大於月均量或下跌量縮方有利大盤止穩。(2) 均線：支撐為 11,300 點附近，壓力為 11,668 點附近。(3) 技術指標：KD 開口向下，9 日 K 值位處超買區，短線拉回整理。3. 以的線型及指標角度而言，支撐為 141 點附近，壓力為 145 點附近，KD 技術指標開口向下，9 日 K 值小於 50，短線整理。近期法人著墨較深的族群包括 IC 設計、矽晶圓、晶圓代工、PA、PCB、生技等。4. 觀盤重點：觀察台股指數是否能守穩在月線之上，回檔是否量縮或上攻成交量大於 20 日均量，台股選股方向可留意 5G、半導體、PCB、蘋概、工業 4.0、生技、內需、運動風、金融、車用等。5. 上市櫃公司 10 月營收昨（11）日全數出爐，單月總營收為 3.21 兆元，月增約 0.34%，為今年單月最佳，但較去年同期減少約 3.5%；前十月總營收 28 兆 6,351 億元，年減 0.4%。6. 上市櫃金控公司前十月獲利突破 3,100 億元，創歷史新高，是 15 家金控總獲利首度超越 3,000 億元大關。其中，2881 富邦金控昨（11）日公布前十月每股純益為 5.22 元，穩居金控每股獲利王寶座，10 月及前十月獲利則由 2882 國泰金重新奪回第一。7. 群聯（8299）昨（11）日公布第 3 季財報，毛利率較前一季大增逾 5 個百分點至近年單季高點 27.42%，獲利更是季增 1.1 倍，每股純益 8.28 元，創新高，直逼上半年獲利總和，前三季每股純益 16.71 元，傲視上市櫃記憶體族群，本季旺季來臨，看好營收走勢。8. 筆電出貨下滑沒在怕，受惠於智慧手錶、家用智慧音箱等非 PC 產品出貨佳，廣達（2382）10 月營收攀上 957.54 億元，創下今年新高，月增幅度達 6.1％，累積前 10 月營收為 8,279.66 億元，年增 1.7％，今年全年營收有機會持續站上兆元大關。9. 被動元件大廠 2327 國巨及半導體通路龍頭 3702 大聯大今（12）日均暫停交易，外界臆測兩家公司可能再度出手併購。由於兩家公司申請同一天停牌，引發市場揣測；大聯大周一澄清與國巨無關，詳細內容將依法公告。"
305,2019/11/12,◆外資連續5日買超個股,外資連續 5 日買超個股1. 外資連續買超 5 日的股票(2317) 鴻海、(2888) 新光金、(3481) 群創、(00672L) 元大 S&P 原油正 2、(2882) 國泰金2. 外資連續買超 4 日的股票(2317) 鴻海、(2888) 新光金、(3481) 群創、(2882) 國泰金、(4938) 和碩3. 外資連續買超 3 日的股票(2317) 鴻海、(2888) 新光金、(4938) 和碩、(8150) 南茂、(3037) 欣興4. 外資連續買超 2 日的股票(2317) 鴻海、(2888) 新光金、(4938) 和碩、(8150) 南茂、(2313) 華通5. 外資當日 (11) 買超的股票(2317) 鴻海、(2888) 新光金、(2313) 華通、(3037) 欣興、(4938) 和碩
306,2019/11/12,◆外資連續5日賣超個股,外資連續 5 日賣超個股1. 外資連續賣超 5 日的股票(00637L) 元大滬深 300 正 2、(2610) 華航、(1216) 統一、(6116) 彩晶、(2344) 華邦電2. 外資連續賣超 4 日的股票(00637L) 元大滬深 300 正 2、(1216) 統一、(2367) 燿華、(2610) 華航、(2885) 元大金3. 外資連續賣超 3 日的股票(00637L) 元大滬深 300 正 2、(1216) 統一、(6116) 彩晶、(3481) 群創、(2367) 燿華4. 外資連續賣超 2 日的股票(00637L) 元大滬深 300 正 2、(3481) 群創、(1216) 統一、(2834) 臺企銀、(6116) 彩晶5. 外資當日 (11) 賣超的股票(00637L) 元大滬深 300 正 2、(3481) 群創、(2409) 友達、(2891) 中信金、(6116) 彩晶
307,2019/11/12,◆投信連續3日買超個股,投信連續 3 日買超個股1. 投信連續買超 3 日的股票(2313) 華通、(2891) 中信金、(2448) 晶電、(3231) 緯創、(2888) 新光金2. 投信連續買超 2 日的股票(2313) 華通、(2448) 晶電、(3231) 緯創、(2888) 新光金、(3037) 欣興3. 投信當日 (11) 買超的股票(2313) 華通、(2448) 晶電、(3037) 欣興、(2888) 新光金、(8150) 南茂
308,2019/11/12,◆投信連續3日賣超個股,投信連續 3 日賣超個股1. 投信連續賣超 3 日的股票(2383) 和碩、(2329) 元大台灣 50、(6213) 開發金、(2449) 玉山金、(2337) 廣達2. 投信連續賣超 2 日的股票(2383) 台光電、(2329) 華泰、(3711) 日月光投控、(3653) 健策、(2449) 京元電子3. 投信當日 (11) 賣超的股票(2449) 京元電子、(2337) 旺宏、(2329) 華泰、(3653) 健策、(3711) 日月光投控
309,2019/11/12,【鉅亨-盤前掃瞄】技術面,1.5 日均線 11582.10 點，10 日均線 11493.98 點，20 日均線 11360.40 點。2.6 日 RSI 為 52.89，12 日 RSI 為 58.24。3.20 日乖離率為 0.59。
310,2019/11/12,【鉅亨-盤前掃瞄】基本面,1.11 日交易日以 30.435 兌 1 美元作收，收盤貶 2.3 分，成交值為 7.46 億美元。2. 集中市場 11 日外資買超 32.3 億元，投信賣超 3.1 億元，自營商賣超 10.9 億元。3. 集中市場 11 日融資餘額較前 1 日減少 11.03 億元，成為 1406.38 億元，融券餘額較前 1 日減少 6903 張，成為 846016 張。
311,2019/11/11,15家金控前10月賺逾3100億元 創歷史新高,15 家上市櫃金控 10 月獲利全數出爐，雖然 15 家金控單月獲利較前月微幅衰退，但是累計前 10 月稅後純益突破 3000 億元大關、達 3186.46 億元，不但已超越去年全年稅後純益 2937 億元，可說是提前兩個月達陣，更創歷史新高的獲利水準。從 10 月單月獲利來看，國泰金、中信金、兆豐金、元大金、第一金、合庫金、台新金、永豐金、開發金、日盛金等 10 家金控表現較上個月獲利成長。進一步觀察累計前 10 月每股純益，富邦金、國泰金、中信金、兆豐金、元大金、新光金、玉山金、第一金、華南金、合庫金、台新金等 10 家金控，均已超過 1 元。富邦金 () 自結 10 月稅後純益 23.78 億元，較去年同期成長 10%，累計今年前 10 月稅後純益 560.83 億元，年成長 7%，今年前 10 月稅後純益已超越去年全年 477.3 億元，累計每股純益也率先突破 5 元大關、達 5.22 元，持續榮登金控每股純益龍頭。富邦人壽因股息收益旺季已過，且 10 月承保表現良好使得業務費用較高，單月稅後純益縮水到只剩下 417 萬元，累計前 10 月稅後純益 274.34 億元。台北富邦銀行 10 月稅後純益 16.72 億元，較去年同期成長 10%，主要受惠於手續費收入與金融市場操作帶動收益成長。累計前 10 月稅後純益 185.91 億元，較去年同期成長 11%。國泰金 () 自結 10 月單月稅後純益 41.3 億元，前 10 月稅後賺 562.8 億元，無論單月或是累計純益都居金控之冠，不過因為國泰金股本較大，累計每股稅後純益 4.18 元仍居亞軍。國泰金 10 月繳出好成績，主要是國壽處分股票，資本利得入袋，國壽單月稅後純益就貢獻 20.5 億元，挹注金控累計前 10 月一舉扭轉前 9 月獲利仍比去年衰退的情況，較去年成長 1.97%，資產價值續成長下，金控 10 月底每股淨值上升至 50.7 元。中信金 () 累計前 10 月稅前純益首度超過 500 億元，稅後純益已超過 400 億元、達 408.15 億元，稅前及稅後純益均已超越 2014 年全年稅前純益 452 億元及稅後純益 394 億元歷史高點，改寫新高。中信金總經理吳一揆表示，2014 年中信金因認列日本東京之星銀行廉價購買利益，使獲利大幅提升，而今年金控獲利創造佳績，則是因銀行核心業務及資產規模穩健成長，及合併台灣人壽保險公司後雙核心獲利引擎策略奏效，因此再次創下中信金控獲利新高峰。兆豐金 () 自結 10 月稅後純益為 25.25 億元，月增近 3%；累計前 10 月稅後純益 252.73 億元、每股純益為 1.86 元，已經超越去年同期獲利，年增率約 3%。其中，以子公司兆豐證獲利大躍進，主要因台股 10 月強漲、成交量回升，自營操作、承銷股票均有獲利，使兆豐證券 10 月單月獲利 1.71 億元，與去年同期的虧損 7100 萬相比有大幅成長。兆豐銀 10 月稅後純益也貢獻 20.38 億元，年增近 6 成，累計前 10 月稅後純益 213.96 億元。新光金 () 自結 10 月稅後純益只剩下 2.89 億元，之所以比起上個月的 14.21 億元大幅縮水，是因為子公司新壽轉為虧損， 10 月強升，使得新壽匯兌成本超過 50 億元，動用外匯價格變動準備金 39 億元，外匯準備金餘額 10 月底剩下 43.8 億元，新壽 10 月因此稅後淨損 2.53 億元。新光金 10 月稅後雖然大減，但前 10 月稅後純益 192.87 億元，仍年增 15.4%，累計 EPS 為 1.57 元。且在 63 億元現金增資及 12 億元股票未實現利益挹注下，新壽 10 月底淨值增至 1145 億元，新光金每股淨值攀升到 15.31 元，均創近年新高。玉山金 () 在各項業務穩健成長、保持優良資產品質下，單月稅後純益 17 億元，累計前 10 月稅後純益 174.9 億元，前 10 月獲利較去年同期成長 19.7%，再創歷年同期新高，EPS 為 1.51 元。第一金 () 自結 10 月稅後純益 15.55 億元，累計前 10 月稅後純益為 169.32 億元，較去年同期成長超過一成，EPS 為 1.36 元。第一金主要核心子公司一銀 10 月因為金融交易亮眼，帶動一銀單月稅後純益達 16.24 億元。華南金 () 自結 10 月合併稅前純益為 11.91 億元、合併稅後純益為 10.07 億元；累計合併稅前純益 163.77 億元、合併稅後純益為 139.86 億元，每股稅後純益為 1.15 元，每股淨值為 15.35 元。　台新金 () 自結 10 月稅後純益為 12.63 億元，較前月成長約 33%，累計前 10 月稅後純益 131.80 億元，年成長 10%，累計 EPS 為 1.09 元。台新銀行 10 月稅後純益 11.00 億元，較去年同期大幅成長 55%，主要是各項核心業務獲利動能穩健成長，特別是來自於投資收益的挹注，讓獲利明顯優於去年同期；累計前 10 月稅後純益為 111.11 億元，年成長 15 %，資產品質仍維持穩健，截至 10 月底，台新銀逾放比率為 0.18 %，備抵呆帳覆蓋率為 767.96 %。台新證券 10 月份稅後純益 0.28 億元，較前月增加 0.10 億元，主要是證券市場行情回溫且交易熱絡，經紀業務的成交量及市佔率皆創新高，帶動獲利增加；累計前 10 月稅後純益 3.95 億元，年成長 44%。永豐金控 () 自結 10 月單月稅後純益 10.29 億元，累計 1-10 月稅後純益 105.74 億元，年成長 28%。其中主要子公司永豐銀行 10 月稅後純益 8.54 億元，年增 17%、月增 134%；累計 1-10 月稅後純益 87.82 億元，年成長 3.7%；永豐金證券 10 月稅後純益 1.61 億元，累計 1-10 月稅後純益 15.57 億元，年成長 236%。開發金 () 自結 10 月獲利 4.36 億元，開發金控發言人張立荃表示，受到中美貿易戰氣氛趨於和緩、半導體業展望樂觀帶動及外資持續買超等因素影響，臺股指數創 29 年新高，帶動證券及壽險等業務獲利動能，前 10 月稅後純益 111.24 億元，較去年同期大增約 56%，EPS 達 0.76 元。開發金各子公司中，凱基銀行 10 月獲利來自淨利息與手續費收入貢獻，加上金融投資收益穩健，惟因增提授信備抵準備影響，10 月稅後獲利 1.58 億元，累計前 10 月稅後獲利 30.27 億元。台股 10 月成交量較前月回升，整體市場走勢正向加上外資買超，帶動經紀、自營操作等業務皆有獲利貢獻，凱基證券 10 月稅後獲利 4.16 億元，累計前 10 月稅後獲利 49.66 億元。子公司中華開發資本受海外投資部位評價波動壓抑，10 月稅後虧損 1.95 億元，累計前 10 月稅後獲利 19.59 億元。中國人壽 10 月稅後獲利 9.25 億元，累計前 10 月稅後純益 138.76 億元。
312,2019/11/11,盛弘轉投資效益顯 Q3毛利率衝高 EPS 1.62元,盛弘醫藥 () 今 (11) 日公布第 3 季財報，受惠醫療本業穩定成長及轉投資事業效益逐步顯現，累計前 3 季毛利率 21%，創新高，稅後純益 1.65 億元，年增逾 1 倍，每股純益 1.62 元。盛弘第 3 季營收 7.83 億元，季增 0.4%、年減 9.79%；毛利率 21.07%，季減 1.5 個百分點、年增 2.8 個百分點；營利率 3.96%，季減 0.3 個百分點、年增 1.12 個百分點；稅後純益 7849 萬元，季增 18.8%、年增 109%；每股純益 0.77 元。盛弘累計前 3 季營收 19.12 億元，年增 12.6%；毛利率 21%，年增 4 個百分點；營利率 3.32%，年增 0.37 個百分點；稅後純益 1.65 億元，年增 132%，每股純益 1.62 元。盛弘表示，與優盛醫學 () 簽署戰略合作協定，旗下兩大連鎖藥局系統「躍獅」與「佑全健康人生」共 202 家的通路，將分階段業務配合，目標朝向臺灣連鎖藥局龍頭地位邁進。此外，盛弘近期拓展大健康生態圈，布建電商智慧採購平台、社區型躍獅連鎖藥局、精準健診及長照網等 4 大醫療事業，樂觀看待成為未來營運動能。
313,2019/11/11,安集Q3純益年減39.25% 前3季EPS 1.69元,太陽能廠安集 () 今 (11) 日公布財報，第 3 季稅後純益 0.46 億元，季減 17.86%，年減 39.25%，每股純益 0.49 元，前 3 季稅後純益 1.59 億元，年減 1.33%，每股純益 1.69 元。安集第 3 季合併營收 3.09 億元，季減 22.75%，年減 39.15%，毛利率 26.73%，年增 2.48 個百分點，年減 2.78 個百分點，營益率 20.13%，季增 1.09 個百分點，年增 0.52 個百分點，稅後純益 0.46 億元，季減 17.86%，年減 39.25%，每股稅後純益 0.49 元。安集前 3 季合併營收 12.28 億元，年減 8.92%，毛利率 23.06%，年增 1.44 個百分點，營益率 17.61%，年增 0.78 個百分比，稅後純益 1.59 億元，年減 1.33%，每股稅後純益 1.69 元。安集指出，目前客戶以地面型太陽能居多，發酵時程較屋頂型長，且屋頂型案件送審時程較預期慢，預計明年才會見到營收貢獻，至於先前發行的 3 億元公司債，將用於興建或購置電廠，維持穩定的營收來源。
314,2019/11/11,◆投信連續3日賣超個股,投信連續 3 日賣超個股1. 投信連續賣超 3 日的股票(2383) 和碩、(2329) 元大台灣 50、(6213) 開發金、(2449) 玉山金、(2337) 廣達2. 投信連續賣超 2 日的股票(2383) 台光電、(2329) 華泰、(3711) 日月光投控、(3653) 健策、(2449) 京元電子3. 投信當日 (11) 賣超的股票(2449) 京元電子、(2337) 旺宏、(2329) 華泰、(3653) 健策、(3711) 日月光投控
315,2019/11/11,◆投信連續3日買超個股,投信連續 3 日買超個股1. 投信連續買超 3 日的股票(2313) 華通、(2891) 中信金、(2448) 晶電、(3231) 緯創、(2888) 新光金2. 投信連續買超 2 日的股票(2313) 華通、(2448) 晶電、(3231) 緯創、(2888) 新光金、(3037) 欣興3. 投信當日 (11) 買超的股票(2313) 華通、(2448) 晶電、(3037) 欣興、(2888) 新光金、(8150) 南茂
316,2019/11/11,◆外資連續5日賣超個股,外資連續 5 日賣超個股1. 外資連續賣超 5 日的股票(00637L) 元大滬深 300 正 2、(2610) 華航、(1216) 統一、(6116) 彩晶、(2344) 華邦電2. 外資連續賣超 4 日的股票(00637L) 元大滬深 300 正 2、(1216) 統一、(2367) 燿華、(2610) 華航、(2885) 元大金3. 外資連續賣超 3 日的股票(00637L) 元大滬深 300 正 2、(1216) 統一、(6116) 彩晶、(3481) 群創、(2367) 燿華4. 外資連續賣超 2 日的股票(00637L) 元大滬深 300 正 2、(3481) 群創、(1216) 統一、(2834) 臺企銀、(6116) 彩晶5. 外資當日 (11) 賣超的股票(00637L) 元大滬深 300 正 2、(3481) 群創、(2409) 友達、(2891) 中信金、(6116) 彩晶
317,2019/11/11,◆外資連續5日買超個股,外資連續 5 日買超個股1. 外資連續買超 5 日的股票(2317) 鴻海、(2888) 新光金、(3481) 群創、(00672L) 元大 S&P 原油正 2、(2882) 國泰金2. 外資連續買超 4 日的股票(2317) 鴻海、(2888) 新光金、(3481) 群創、(2882) 國泰金、(4938) 和碩3. 外資連續買超 3 日的股票(2317) 鴻海、(2888) 新光金、(4938) 和碩、(8150) 南茂、(3037) 欣興4. 外資連續買超 2 日的股票(2317) 鴻海、(2888) 新光金、(4938) 和碩、(8150) 南茂、(2313) 華通5. 外資當日 (11) 買超的股票(2317) 鴻海、(2888) 新光金、(2313) 華通、(3037) 欣興、(4938) 和碩
318,2019/11/11,〈中鋼展望〉處分東亞聯鋼持股逾9億元 中鴻鋼胚料源充足營運不受影響,中鋼 () 今 (11) 日公告，擬以總金額 33.34 億 (約 9.34 億元)，處分東亞聯鋼 A 種特別股 3334 股予日本製鐵，據悉，東亞聯鋼生產主體為和歌山高爐，供應鋼胚給日本製鐵及中鋼旗下中鴻，中鋼強調，中鴻透過集團支援、越鋼、外部購料，並不會影響原料供給以及生產狀況。中鋼表示，日本製鐵也是東亞聯鋼的股東，因為部分廠房老舊，加上颱風造成風災水災，衝擊日本製鐵的鐵水供給情形，因此想提高向和歌山拿料的比重。中鋼表示，基於雙方長期合作，也同意日本製鐵的要求，同時藉此調節東亞聯鋼持股，雙方預定交易日期為明年 4 月 17 日，實際處分利益到時將另行公告，中鋼此次調節後，持股比重降至 9.68%。至於中鴻方面，中鋼強調，目前擁有河靜越鋼提貨權，中鋼本身也會全力支援，加上中鴻本身也有向外購料的能力，因此將不影響中鴻原料供應以及生產出貨。
319,2019/11/11,一銀衝小微企業放款 近半年放款企業戶突破6000家,"公股銀行響應政策力推小微企業貸款，第一銀行今 (11) 日表示，專為小微企業量身打造的「微企 e 時貸」平台去年 9 月開辦以來，已完成 2000 戶小型企業申貸，近半年來放款企業戶數已達 6500 戶。一銀表示，小微企業專屬的線上申貸平台「微企 e 時貸」不受營業時間限制，24 小時皆可線上申貸，流程簡便只要 3 分鐘就能，備妥文件並完成開戶，還有機會在一天內取得資金，解決小企業資金周轉的燃眉之急。為提升小微企業貸款作業效率，一銀還特別導入 AI 大數據資料，結合外部開放資料，搭配演算法分析客戶於銀行內外部資料，應用於徵信作業，可更加充分掌握既有與潛在企業客戶。一銀表示，AI 模型主要核心應用技術已取得專利，透過 AI 模型深入了解客戶進行預測評分，並給予對應額度建議，既可提升客戶體驗，還能降低銀行授信風險，創造銀行與客戶雙贏局面一銀表示，該技術已取得「金流關係圖產生方法及其系統」、「企業分群方法及其系統」、「用於建構多層次企業關係網路的方法及系統」及「金流分群系統」等四項發明型專利，並已獲得金管會公司研究發展投資抵減認可。一銀表示，只要公司行號設立登記日未滿 5 年、僱用員工人數 20 人以下、資本額低於 500 萬元或年營收 1,000 萬元以下等，符合上述任一條件企業客戶皆可線上申貸專屬網站「微企 e 時貸」平台提出申請，以優惠條件取得貸款資金。"
320,2019/11/11,〈雙11捎捷報〉網家創接單新紀錄 Yahoo奇摩購物和商城業績暴增3倍,雙 11 購物節正如火如荼進行，各大業者流量大增均以倍數計算，第四季業績衝高可期，網家 () 表示，此次創下 1 分鐘接單量破 1300 張的新高記錄，短短 12 小時內全台出貨量已逼近 10 萬箱，Yahoo 奇摩購物中心和 Yahoo 奇摩超級商城訂單和業績已較去年同期成長 3 倍，創業家 () 旗下生活市集 APP 下單金額年增幅也達 50%。網家指出，旗下 PChome24h 購物連續第三年打造全台電商唯一的國際級雙 11 盛會，晚會期間湧入大量人潮，創下 1 分鐘接單量破 1300 張的新高記錄，單一小時衝高至 7.5 倍接單量。由於今年網家雙 11 晚會啟用儀式由 PChome 品牌代言人張鈞甯揭開序幕，網家統計，有效帶動晚會買氣暴衝，以 3C 類商品表現最亮眼，業績直線飆升增長 7 倍，非 3C 類商品也有超過 3 倍成長的驚人表現，熱銷前 3 名為數位通訊、日用品和生活用品，而短短 12 小時內全台出貨量已逼近 10 萬箱。東森購物表示，雙 11 活動才開跑不到 1 分鐘，MacBook 已銷售破百台，手機也在 10 分鐘內破了去年的紀錄，餐券更是熱銷超過 10 萬張，整體流量暴增約 5 倍，業績表現大幅超乎預期，其中，3C 通訊類商品在主打 APPLE、三星、小米及華為等熱門商品之下，買氣暢旺。Yahoo 奇摩購物中心則指出，今年結合 Yahoo 奇摩旗下媒體內容，推出超過 300 篇購物趨勢專題，累積近千萬瀏覽量，帶動平台流量成長 3 倍，Yahoo 奇摩購物中心和 Yahoo 奇摩超級商城訂單、業績也較去年同期成長 3 倍，更是平日業績的 30 倍，而 AI 自動化物流中心全新啟用，有效減少 60% 出庫時間。其中，Yahoo 奇摩購物中心統計，熱銷商品由尿布拿下熱銷冠軍，平均每秒賣出 6 片，而衛生紙銷售量已可堆出 64 座 101。Yahoo 奇摩購物事業群整合行銷部總監簡育靖進一步說明，今年男性消費者占比成長近 2 成，多入手高單商品，如瑞士錶、手機、電視和機車等，帶動平台整體平均客單價成長 30%。創業家 () 則表示，今日至下午 4 點，下單金額已較平日成長超過 6 倍，轉換率同樣較平日成長高達 3 倍，目前造訪人次已累計近百萬；其中，生活市集 APP 下單金額較去年同期成長 50%。
321,2019/11/11,台股重挫 官股券商態度淡定小幅買超7.8億元,台股今 (11) 日重挫 152 點，幾乎快吐光上週漲幅，面對內資逢高獲利了結，官股券商 11 月以來買多於賣，今天雖仍持續進場買超，但態度淡定僅小幅買超約 7.8 億元，研判應是逢低加碼布局。台股 10 月下旬以來在台積電帶動下，帶動衝上 29 年新高，但因技術性指標過熱，內資順勢獲利了結下車，讓台股連續三個交易日日 K 收黑，今天更開低走低，大跌逾 150 點。觀察三大法人進出動態，外資仍持續買超 32.35 億元、自營商與投信則同步賣超，其中自營商賣超 10.92 億元、投信賣超 3.17 億元，而向來與外資對作的公股行庫，今天則逆向操作選擇進場買超，惟金額不多僅約 7.8 億元。台股指數在 10 月下旬站上 29 年新高以來，官股券商為獲利了結大多與外資對作，順勢調節持股部位先求落袋為安，但隨著指數持續攻高，技術性指標過熱，為堤防外資下車走人，官股券商 11 月起，持續小幅度買超台股，單日買超金額平均約 5 億餘元，頗有穩定盤勢之意。過去官股券商進場穩盤通常優先鎖定台積電、鴻海等大型權值股，透過權值股拉抬指數避免跌勢擴大，但今天官股買超前五大標的主要鎖定，元大高股息、彰銀、元大滬深 300 正 2、環球晶、國巨，鴻海與台積電則遭調節賣超。法人表示，台股指數進入高檔修正壓力，官股券商除了穩盤任務外，也得考量財務操作績效，觀察近日官股買超動態，研判官股進場除了穩盤也有逢低買進用意。
322,2019/11/11,價格壓力影響 明基材Q3純益季減逾2成 EPS 0.21元,偏光板廠明基材 () 今 (11) 日公布第 3 季財報，稅後純益 6860.8 萬元，季減 20.84%、年減 32.19%，為近 5 季低點，每股純益 0.21 元，法人表示，由於偏光板產業供需未像上半年吃緊，加上價格壓力仍在，使得明基材營運動能轉趨和緩。明基材第 3 季營收 35.26 億元，季減 3.63%、年增 4.49%，毛利率 15.42%，季減 2.09 個百分點、年增 0.89 個百分點，營益率 2.35%，季減 2.73 個百分點、年減 0.88 個百分點；稅後純益 6860.8 萬元，季減 20.84%、年減 32.19%，為近 5 季低點，每股純益 0.21 元。明基材累計今年前 3 季合併營收 105.78 億元，年增 13.1%，毛利率 16.23%，年增 1.89 個百分點，營益率 3.73%，年增 0.15 個百分點，稅後純益 2.25 億元，年減 5.5%，每股純益 0.7 元。法人表示，偏光板產業供需未像上半年吃緊，使得明基材營運動能轉趨和緩，另外價格壓力、全球貿易局勢變化都影響整體偏光板市況，展望第 4 季，偏光板市況仍受市場變化、面板廠能影響，至於非偏光板事業，聯合醫材營運維持穩定，預期非偏光板營收今年比重可望成長到 2 成。明基材日前也公告 10 月合併營收達 11.45 億元，月增 2.52%、年減 1.5%，累計今年前 10 月合併營收達 117.22 億元，年增 11.47%。
323,2019/11/11,9月經常性薪資年增率失守2% 創28個月來最低增速,行政院主計總處今 (11) 日公布 9 月全體受僱員工經常性薪資平均為 41845 元，年增 1.72%，不僅終結連續 6 個月年增高於 2% 的表現，更創下 28 個月以來最低增速，主計總處表示，主要原因是金融保險業等按月發放績效獎金減少所導致。據統計，9 月全體受僱員工經常性薪資（含本薪及固定津貼）平均 41845 元，年增 1.72%；非經常性薪資（含獎金、紅利及加班費等）平均 7139 元，年增 2.53%；併計經常性及非經常性薪資後，總薪資平均 48984 元，年增 1.83%。就行業別經常性薪資變動觀察，金融及保險業因 8 月業績較佳，月減 5.86% 較高；總薪資的部分，運輸及倉儲業、電子零組件製造業均受部分廠商 8 月發放績效獎金影響，分別月減 28.49%、15.67% 較高，另外，金融及保險業、用水供應及污染整治業也分別下滑逾 1 成。今年 1-9 月全體受僱員工經常性薪資平均為 41766 元，年增 2.24%，總薪資年增 1.91%；總薪資平均 54946 元，年增 1.91%，增幅為近 3 年同期最低。主計總處指出，今年以來景氣趨緩，廠商發放獎金的情況不如去年，使得總薪資增幅不如經常性薪資。剔除物價因素後，今年前 9 月實質經常性薪資為 40755 元，年增 1.72%，為近 16 年來同期新高，不過仍低於 2003 年的表現。根據統計，9 月全體受僱員工總工時平均為 163.1 小時，年增 3.7 小時，累計前 9 月總工時平均為 166.9 小時，年減 0.5 小時；9 月加班工時平均為 7.7 小時，與上月持平，年減 0.5 小時，累計前 9 月加班工時 7.8 小時，較上年同期減少 0.3 小時。
324,2019/11/11,〈中鋼展望〉Q4將是營運與盤價谷底 明年Q1可望反彈,中鋼 () 今 (11) 日公告 10 月營收，量價齊跌下，單月營收 276.78 億元，月減 4.3%、年減 24%；前 10 月營收 3094.83 億元，年減 7%，不過，近期美國鋼市回溫，中鋼看好，第 4 季將是營運以及盤價近期的谷底，明年第 1 季可望回溫。中鋼表示，鋼市進入 1 年多來的修正，看來底部將在第 4 季成形，且近來美國鋼廠連續 2 波調漲熱壓流通價格，每噸共上漲 88 美元，也顯現鋼市逐漸回升。中鋼進一步指出，依照近期美國鋼價漲勢，在明年新年過後，歐美地區回補庫存，可望推升鋼價再漲一波，且 2-3 月中國農曆新年過後，下游客戶也會開始回補庫存，均將推升需求以及支撐盤價。法人則分析，雖然第 1 季過往都是鋼鐵業的淡季，但依照目前情況來看，不只是盤價可望反彈，中鋼營運也可望淡季不淡，甚至可望優於第 4 季，而中鋼也將於明 (12) 日召開集團聯合法說會，預計對明年鋼市的展望，也將是法人關注重點。
325,2019/11/11,旅展買氣熱 晶華、寒舍業績衝破億元 六福拿成長王,2019 ITF 台北國際旅展 4 天展期今 (11) 日落幕，多個飯店集團都傳出捷報，晶華 () 今年業績再次突破億元大關衝上 1.5 億元，年增幅逾 15%，寒舍 () 總業績達 1.4 億元，與去年維持相同高水準，六福 () 今年繳出年增 20% 好成績，達 4200 萬元。晶華指出，截至今日下午 5 點，現場總銷售業績已突破 5200 萬元，加上官網提前開賣的線上旅展 (10/21-11/11) 銷售業績約 8000 萬元，以及晶華旅展快閃店 (10/21-11/7) 單日平均都有近百萬元的業績，集團旅展營收已衝破 1.5 億元，年增 15%。其中，晶華線上旅展比起去年同期，銷售成長近 10%，晶華表示，今年不乏企業團體購票，每筆的購票數量都相當高，主要是因不景氣使許多公司行號趁年底前最後一波的折扣機會，購買尾牙、春酒或團體出遊可以使用的優惠票券；而展場上最受歡迎的商品，仍是台北晶華館內餐飲相關餐券。寒舍今年以 9 個結帳櫃檯優化現場購票程序，截至下午 5 點止，旗下四大管包括台北喜來登、台北寒舍艾美、寒舍艾麗和礁溪寒沐酒店現場總業績達 9000 萬元，而線上旅展也衝上 5000 萬元。寒舍指出，今年最熱銷餐券是台北喜來登十二廚，合計賣出高達 5 萬客，其次是寒舍艾美探索廚房自助餐券也賣出 4.8 萬客。六福則指出，從線上早鳥至現場旅展，每日皆超越業績目標，估計總業績達 4200 萬元，年增 20%，優於預期，線上旅展將延續至 11 月 15 日，為年底票券銷售作最後一波衝刺。另外，瓏山林集團兩館飯店也來勢洶洶，此次業績創史上新高達 2000 萬元，線上銷售占比達 40%，而飯店館內銷售也達 30%，顯示民眾消費已不再侷限於旅展現。瓏山林表示，此次瓏山林台北中和飯店美食套餐券大熱賣，餐券銷售突破 8000 張大關，住房套券業績也較去年大幅成長 65%，而瓏山林蘇澳冷熱泉度假飯店因推出史上最優惠泡湯住房專案，業績年增幅高達 40%，顯示國旅仍具有一定熱度。
326,2019/11/11,業成Q3純益季減逾6成 近13季低點 EPS 1.13元,觸控模組廠業成 GIS-KY() 今 (11) 日公布第 3 季財報，稅後純益 3.81 億元，季減 66.13%、年減 58.26%，每股純益 1.13 元，為近 13 季以來低點。法人表示，業成今年雖受蘋果新機不再搭載 3D 壓力感測觸控模組影響營運，但非蘋手機持續推出新機種，仍可成為業成未來營運動能。業成第 3 季營收 329.49 億元，季增 41.21%、年增 5.21%，毛利率 6.54%，季減 4.16 個百分點、年減 2.4 個百分點，營益率 0.24%，季減 2.6 個百分點、年減 2.5 個百分點；稅後純益 3.81 億元，季減 66.13%、年減 58.26%，每股純益 1.13 元。業成今年前 3 季合併營收 857.19 億元，年增 11.7%，毛利率 8.3%，營益率 1.72%，年減 0.65 個百分點，稅後純益 21.94 億元，年減 6.2%，每股純益 6.49 元。業成表示，公司第 3 季提列一次性閒置資產打消有關，若排除該因素，公司毛利率及營業利益狀況皆為正常水準。法人認為，業成今年受蘋果 iPhone 11 不再搭載 3D 壓力感測觸控模組影響，營運表現較往年衰退，但非蘋手機競推新品、追單，10 月營收仍創今年單月新高，預期屏下指紋辨識仍具未來發展空間，惟現階段資安問題待解決，不過市場傳小米仍將推一款新機，搭載屏下指紋辨識技術。為因應客戶需求，業成日前曾表示，產能調配上將擴增中國自動化生產線，提升超聲波屏下指紋辨識產品產能，預計年底前將由現階段月產能 200-300 萬顆，提升至 500 萬顆。業成日前也公告 10 月合併營收，達 124.91 億元，月增 4.05 %、年減 31.06%，為今年單月新高，累計今年前 10 月合併營收 982.09 億元，年增 3.5%。
327,2019/11/11,亞獅康-KY膽道癌新藥解盲失敗 將專注皮膚炎、免疫等新藥開發,亞獅康 - KY() 今 (11) 日宣布，治療二線膽道癌病患的臨床試驗解盲失敗，將專注在異位性皮膚炎相關研究，預期 2020 年初可提出期中數據；亞獅康明 (12) 日起將恢復交易。亞獅康表示，以膽道癌新藥 varlitinib 治療二線病患的試驗，自全球 56 處臨床試驗中心招收 127 位病患，試驗地點包括美國、歐洲、日本、澳洲與其他亞太國家，據中央獨立評估委員會 (ICR) 評估後，varlitinib 並未達到無惡化存活期 (PFS) 與整體反應率 (ORR) 的主要試驗指標。執行長傅勇表示，這項研究結果令人失望，但此次研究仍提供科學界有重要見解。他強調，亞獅康目前帳上仍有 1100 萬美元，未來將繼續專注其他產品，包括異位性皮膚炎、免疫等領域，期待 2020 年初可提出期中數據。
328,2019/11/11,AOI設備廠前3季獲利 牧德EPS 18.06元居冠 由田排第二,半導體、PCB 的 AOI 設備廠由田 () 今 (11) 日公布財報，前 3 季稅後純益 3.92 億元，年增 94.41%，每股純益 6.56 元，創同期新高，加上先前已公布財報的牧德 () ，前 3 季稅後純益 7.68 億元，年減 19.58%，每股純益為 18.02 元，牧德仍居 AOI 設備股獲利王，由田排名第二。晶彩科 () 前 3 季稅後純益為 1.85 億元，每股純益 2.34 元，居 AOI 設備股每股獲利之末。由田今日公布第 3 季財報，營收 6.84 億元，年減 19.48%，但毛利率仍持穩在 47.37% 的高檔，較去年同期 42.88% 提升 4.49 個百分點，稅後純 9497 萬元，每股純益 1.59 元；前 3 季稅後純益 3.92 億元，年增 94.41%，每股純益 6.56 元。由田主管表示，隨著研發設計能力優化，及產品組合調整，今年前 3 季毛利率 48.2%，顯著較去年同期 41.04% 成長超過 7 個百分點，除 PCB 及 LCD 檢測設備等毛利率都較去年同步提升，毛利較高的特定檢測設備營收占比也增加，使由田獲利在營收下滑中，仍維持亮眼成績。目前，由田除布局 COF、半導體、AI 等產品線外，也優化 PCB 及 LCD 等檢測設備的產品組合；受惠 5G 時代來臨，今年因中美貿易戰而在擴產上較為保守的 PCB 業者，明年資本支出可望重回成長，帶動產業逐步回溫。牧德第 3 季營收、毛利率走低，稅後純益 1.96 億元，年減 54%，每股純益 4.6 元；前 3 季稅後純益 7.68 億元，年減 19.58%，每股純益為 18.02 元，仍居設備股之冠。
329,2019/11/11,雍智科Q3、前3季獲利同創高 EPS 6.01元,測試載板廠雍智科 () 今 (11) 日公布財報，第 3 季、前 3 季獲利皆創新高，第 3 季稅後純益 0.67 億元，季增 59.52%，年增 108%，每股純益 2.47 元，前 3 季稅後純益 1.58 億元，年增 41.57%，每股純益 6.01 元。雍智科第 3 季合併營收 2.32 億元，季增 22.75%，年增 45.74%，毛利率 56.49%，季增 4.04 個百分點，年增 5.51 個百分點，營益率 35.66%，季增 7.69 個百分點，年增 10.78 個百分點，稅後純益 0.67 億元，季增 59.52%，年增 108%，每股純益 2.47 元。雍智科前 3 季合併營收 6.14 億元，年增 26.27%，毛利率 53.5%，年減 0.15 個百分點，營益率 31.88%，年增 3.33 個百分點，稅後純益 1.58 億元，年增 41.57%，每股純益 6.01 元。雍智科第 3 季受惠基地台急單挹注，載板測試產能滿載，加上 5G、AI 新應用持續發酵，推升老化測試載板訂單暢旺，動能估可延續至明年。
330,2019/11/11,智伸科Q3獲利年增4成 累計前3季EPS 5.64元,汽車零組件大廠智伸科 () 今 (11) 日公布第三季財報，稅後純益 1.57 億元，年增 41.9%，每股純益 1.91 元，累計前三季稅後純益 4.63 億元，年增 34%，每股純益 5.64 元，已賺逾半個股本；不過，法人指出，由於第三季表現未優於 2017 年同期，全年獲利能否創高，有待觀察。受惠汽車、醫療及電子各事業部業績成長，智伸科第三季合併營收 13.27 億元，季增 8.98%、年增 23.32%，不過，毛利率 27.7%，較去年同期下滑 1.48 個百分點，營業利益率 17.83%，年減 1.34 個百分點。智伸科說明，毛利率和營益率下滑，是因新產品汽油高壓泵浦關鍵零組件，以及本體學習曲線仍在改善階段，正持續進行產品組合優化、生產良率，未來將持續與主要客戶共同針對高附加價值與技術門檻等產品，進行研發設計。智伸科今年前三季各事業體營收以汽車最高達 72.27%，而醫療和電子營收比重分別為 13.75%、12.21%。展望第四季，智伸科指出，隨著汽車產業進入傳統旺季，有望帶動旗下汽車部業績成長，同時，高端醫材零組件微創手術器械、外科手術器械等以及電子產品也持續穩定貢獻營收。由於歐盟針對汽車二氧化碳排放標準日益嚴苛，歐洲五大車廠積極推動汽車全面電子化和電動車普及，力推車用動力系統升級至 48V 輕油電系統，智伸科說，GDI 系統成為目前品牌車廠研發油電混合車車型和追求燃油效率提升而導入的主流配備，有助主要客戶對旗下汽油高壓泵浦、缸內直噴引擎等動力系統相關零組件產品需求提升。
331,2019/11/11,國巨、大聯大12日同步暫停交易 重訊待公布,亞太半導體通路龍頭商大聯大 () 與被動元件大廠國巨 () ，今 (11) 日同步宣布，有重大訊息待公布，明 (12) 日將暫停交易，引發市場揣測。證交所表示，國巨和大聯大因有重大訊息待公布，上市普通股均從 11 月 12 日起暫停交易，待公司宣布重大訊息後，再申請恢復交易。國巨日前公告今年第 3 季財報，受惠進入傳統旺季，加上 MLCC 價格緩跌，稅後純益 20.44 億元，季增 44.4%、年減 85.9%，每股純益 4.81 元；前 3 季稅後純益 60.51 億元，年減 79.6%，每股純益 14.26 元。大聯大受惠旺季效應，第 3 季稅後純益 17.85 億元，季增 9.6%，年增 0.9%，每股純益 1.06 元；累計前 3 季稅後純益 47.18 億元，年減 19.5%，每股純益 2.81 元。
332,2019/11/11,電信三雄10月獲利 台灣大EPS 0.37元 坐穩獲利王寶座,電信三雄今 (11) 日公布 10 月自結，台灣大 () 每股純益 0.37 元，贏過中華電 () 的 0.32 元及遠傳 () 的 0.22 元；台灣大累計前 10 月每股純益 3.83 元，持續蟬聯每股純益王寶座。中華電 10 月營收 175.4 億元，月增 2.2%、年減 1.3%；營利率 18.1%，月增 0.7 個百分點、年減 0.6 個百分點；EBITDA 61.1 億元，月增 3%、年增 2%；稅後純益 25 億元，月增 3.7%、年減 6%，每股純益 0.32 元。中華電累計前 10 月營收 1698.3 億元，年減 4.5%；營利率 19.9%，年減 0.7 個百分點；EBITDA 631.9 億元，年減 0.2%；稅後純益 275.2 億元，年減 7.5%，每股純益 3.55 元。中華電表示，iPhone 11 系列機型銷售較去年同期成長，MOD 營收也有增加，不過固網語音營收持續下降、行動服務營收持續受市場競爭與免費通訊軟體影響，加上資通訊專標案營收也減少，相互抵消下，造成單月營收較去年同期下滑。中華電截至 10 月，光世代寬頻用戶數 362.8 萬戶，60Mbps 以上客戶數 212.1 萬戶、100Mbps 以上客戶達 155.8 萬戶；MOD 客戶數達 208.9 萬戶，行動通信總客戶數為 1065.9 萬戶。台灣大 10 月營收 104.6 億元，月增 0.9%、年增 7%；營利率 13.6%，與上個月持平、年減 1.1 個百分點；EBITDA 27.35 億元，與上個月相當、年增 6.6%；稅後純益 10.4 億元，與上個月相當、年減 2.6%，每股純益 0.37 元。台灣大累計前 10 月營收 1007.7 億元，年增 3.9%；營利率 14.1%，年減 1.7 個百分點；EBITDA 278.71 億元，年增 4.5%；稅後純益 105.7 億元，年減 9%，每股純益 3.83 元。台灣大財務長兼發言人俞若奚表示，momo 電子商務營收年增 24%；iPhone 11 上市買氣延續，銷貨收入年增 30%；資訊與通訊業務、雲端服務及 IoT 物聯網營收年增 55%，3 大引擎帶動整體營收成長。台灣大獲利方面，俞若奚表示，累計前 10 個月，各項業務營業利益均符合預期，稅後純益達全年財測 86%。遠傳 10 月營收 72.51 億元，月減 6.4%、年減 0.7%；EBITDA 23.97 億元，月增 1.7%、年增 12.4%；稅後純益 7.15 億元，月增 0.4%、與去年同期相當；每股純益 0.22 元。遠傳累計前 10 月營收 699.03 億元，年減 2.4%；EBITDA 244.57 億元，年增 6.5%；稅後純益 73.16 億元，年減 13.5%；每股純益 2.25 元，已達全年財測目標的 86%。遠傳表示，10 月份新經濟營收延續成長力道，資通訊業務營收年增 120%，包含雲端服務營收年增 231%、系統整合專案年增 66%，總經理井琪日前指出，看好 5G 商轉後，新經濟能進一步帶動營運走揚。
333,2019/11/11,轉投資轉盈助攻 智冠前3季EPS 3.65元 近7年同期新高,遊戲大廠智冠 () 今 (11) 日公告第 3 季財報，受惠兩大轉投資事業體營運穩定獲利，稅後純益達 1.46 億元，季增 12.63%，年增 1.25 倍，每股純益 1.2 元，前 3 季稅後純益 4.46 億元，年增 80.53%，每股純益 3.65 元，創近 7 年來同期新高。智冠第 3 季合併營收 14.63 億元，季增 7.45%，年增 2%，毛利率 53.9%，季減 0.42 個百分點，年增 2.27 個百分點，營益率 13.44%，季減 1.46 個百分點，年增 7.45 個百分點；稅後純益 1.46 億元，季增 12.63%，年增 1.25 倍，每股純益 1.2 元。智冠前 3 季累計營收 43.23 億元，年增 13.47%，毛利率 54.36%，年減 3.37 個百分點，營益率 13.25%，年增 5.57 個百分點；稅後純益 4.46 億元，年增 80.53%，每股純益 3.65 元。智冠表示，今年在兩大轉投資事業體中華網龍及藍新科技營運正向助攻，獲利能力提升，網龍在《吞食天地 M》及海外遊戲授權貢獻下，營運穩定獲利，而藍新科技在線上代收付業務持續成長挹注下，第 3 季單季成功轉盈。展望本季，智冠旗下數位遊戲事業群子公司中華網龍手遊《吞食天地 M》，9 月底已在越南推出 Android 版本，成功取得 Google Play 遊戲暢銷排行榜最高第 5 名佳績，iOS 版本也在日前開放，雙平台全面上線，搶攻海外遊戲商機，年底前也將推出重磅 MMORPG 手遊《黃易 M》。
334,2019/11/11,華擎10月營收再創新高 前10月已超越去年,板卡廠華擎 () 今 (11) 日公布 10 月合併營收，達 13.39 億元，月增 4.74%、年增 47.66%，再創歷史新高，累計前 10 月營收突破百億大關，也超越去年全年水準，展望未來，法人表示，第 4 季受惠超微新品上市，換機潮與主板需求可望延續，帶動華擎營運動能成長。華擎今年前 10 月合併營收達 108.93 億元，年增 30.46%，法人表示，華擎今年受惠超微 CPU 新品上市，第 4 季主板需求仍維持高檔，伺服器客戶則有季節性需求，顯卡也可望在超微新品帶動下，需求緩步上升。整體而言，法人認為，華擎第 4 季在主板、伺服器需求推升下，10、11 月營收將維持高檔，12 月則因假期前夕需求下滑，預期第 4 季營收將下滑 1 成，但全年營收仍可突破 130 億元大關，創新高。華擎第 3 季營收達 38.68 億元，季增 35.15%、年增 59.01%，為歷史單季新高紀錄，毛利率 17.94%，季減 0.86 個百分點、年減 4.41 個百分點，營益率 7.02%，季增 3.12 個百分點、年增 1.51 個百分點；稅後純益 2.08 億元，季增 110.47%、年增 44.36%，每股純益 1.72 元，皆創下近 5 年半新高。
335,2019/11/11,台半Q3、前3季獲利創3年來新低 前3季EPS 1.68元,二極體大廠台半 () 今 (11) 日公布財報，第 3 季、前 3 季獲利創 3 年來新低，第 3 季稅後純益 1.18 億元，季減 5.6%，年減 34.04%，每股純益 0.51 元，前 3 季稅後純益 3.87 億元，年減 35.62%，每股純益 1.68 元。台半第 3 季合併營收 27.28 億元，季增 2.06%，年增 6.94%，毛利率 31.09%，季減 0.95 個百分點，年減 6.14 個百分點，營益率 11.54%，季減 0.82 個百分點，年減 7.07 個百分點，稅後純益 1.18 億元，季減 5.6%，年減 34.04%，每股稅後純益 0.51 元。台半前 3 季合併營收 80.62 億元，年增 10.06%，毛利率 32.02%，年減 4.19 個百分點，營益率 12.02%，年減 5.49 個百分點，稅後純益 3.87 億元，年減 35.62%，每股稅後純益 1.68 元。台半第 3 季營收創新高，不過獲利反向下滑，毛利率創 5 年新低，營益率也創下 7 年新低，影響每股純益僅 0.51 元，不過，台半近期透過私募，與晶圓代工廠聯電 () 結盟，雙方看好未來 5G 及車用市場的發展，搶攻功率半導體訂單。
336,2019/11/11,儒鴻Q3純益季增逾1成 EPS 4.35元 前3季賺逾1股本,成衣大廠儒鴻 () 今 (11) 日公告第 3 季財報，稅後純益 11.92 億元，季增 11.4%、年增 15%，每股純益 4.35 元；前 3 季稅後純益 31.63 億元，年增 0.8%，每股純益 11.54 元，法人預估，第 4 季將進入儒鴻傳統旺季，營運可望進一步攀升，全年每股純益可望來到 17 元的歷史新高。儒鴻第 3 季營收 72.02 億元，季增 3.8%、年增 10.4%；毛利率 29.67%、季增 0.32 個百分點、年增 0.5 個百分點；營益率 20.78%，季增 0.77 個百分點、年增 1.06 個百分點；稅後純益 11.92 億元，季增 11.4%、年增 15%，每股純益 4.35 元。儒鴻前 3 季營收 203.86 億元，年增 1.8%、毛利率 28.95%，年增 0.61 個百分點、營益率 19.59%，年增 0.61 個百分點、稅後純益 31.63 億元，年增 0.8%，每股純益 11.54 元。法人指出，儒鴻下半年受惠品牌客戶成長強勁，加上第 4 季進入出貨旺季，單季營收、獲利可望衝新高，全年每股純益上看 17 元，將同步創高。展望明年，儒鴻董事長洪鎮海日前指出，明年將增加 3-5 個客戶，加上品牌客戶回補庫存、訂單成長，整體營運會比今年更好。
337,2019/11/11,〈稅收統計〉台商回流炒熱不動產交易 10月土增稅收年增2成,台商回流讓不動產市場回溫，根據財政部統計，與不動產交易有關的土地增值稅與契稅兩者同步增加，其中土增稅單月稅收 91 億元，年增幅 2 成，契稅 10 月稅收約 13 億元、較去年同期增加約 2 億元。財政部統計處處長陳玉豐表示，10 月土增稅徵起件數約 5.13 萬件，較去年同期增加約 3156 件，單月實徵淨額共 91 億元，較去年同期增加 15 億元、年增幅 20.1%。今年前 10 月土增稅起徵起件數共 48.9 萬件，較去年同期多了 5349 件，實徵淨額 826 億元，較去年同期增加 65 億元、年增幅約 8.6%。觀察六都 10 月土增稅稅收狀況，主要以桃園市與台中市增幅最多，桃園市單月徵起件數 5560 件、實徵淨額 14.43 億元，較去年同期增加 57.2%；累計前 10 月實徵淨額共 92.75 億元，較去年同期增加 14%。台中市單月徵起件數 6358 件、實徵淨額共 14.55 億元，較去年同期增加 53%，累計前 10 月實徵淨額共 139.2 億元、年增幅 16.6%。另外，台北市單月實徵淨額約 15 億元、新北市約 17.2 億元，分別較去年同期增加 17.8%、16.3%，統計今年前 10 月稅收，新北市稅收共 162 億元，高居六都之冠，台北市則以 150 億元居次。官員指出，10 月土增稅大幅增加，主要是徵起件數增加，加上百萬元以上大額交易稅款入帳挹注所致，多少透露不動產交易有回溫趨勢，尤其這波台商回流潮，催化土地交易與廠房買賣增加，進而帶動土增稅收成長。至於今年土增稅全年是否可望突破百億元？官員表示，10 月土增稅與交易件數增加，可能是提前反應年底交易熱潮，加上部分稅額延後入帳，但全年稅收能否突破百億元，還有待觀察。
338,2019/11/11,車王電中港加工區新廠動土 打造電動車智慧生產基地,為因應提升產能及美中貿易衝擊，車王電 () 於中港加工出口區投資約 25 億元，與轉投資事業華德動能 () 興建廠房，打造電動車智慧生產基地，新廠今 (11) 日舉行動土典禮，預計 2021 年 7 月正式營運，車王電董事長蔡裕慶看好未來產量及營業額將有亮眼成長。車王電子集團從生產汽車電子零組件起家，近年來專注於電力電子、駕駛輔助系統、智慧儲能系統及電動巴士研發。車王電今年 3 月獲經濟部通過台商回台案，帶來投資 25 億元，在中港加工區打造電動車智慧生產基地，第 1 年將提供約 300 人的就業機會，未來將持續增加員工數。蔡裕慶指出，未來汽車電子、儲能系統與電動巴士等是公司主要三大成長動能，目前已陸續把高單價產線移回台灣，響應綠能環保的智慧儲能系統，也將是未來車王電產品主力之一。蔡裕慶表示，華德動能看好政府 10 年內要達 1 萬輛電動巴士政策目標以及海外市場，將持續積極投產電動巴士，預計中港加工區新廠 2021 年 7 月正式營運，看好車王電子集團無論是產量或營業額，都將有亮眼成長。經濟部常務次長林全能表示，車王電除響應政府台商回台政策，更帶動國內綠能產業及電動巴士產業成長，經濟部為創造有利經濟成長和企業永續經營發展的環境，將持續推動台灣產業創新、拓展經貿布局及能資源永續管理。
339,2019/11/11,鈊象Q3每股賺8.42元寫新猷 前3季已賺近2個股本,遊戲廠鈊象 () 今 (11) 日公告第 3 季財報，受惠行動網路及商用遊戲機業務持續增溫，稅後純益達 5.93 億元，季增 30.33%，年增 1.97 個百分點，每股純益 8.42 元，改寫 EPS 新猷。前 3 季稅後純益 13.66 億元，年增 1.23 倍，每股純益 19.43 元，已賺近 2 個股本。鈊象第 3 季合併營收 14.86 億元，季增 28.89%，年增 1.04 倍，毛利率 92.39%，季減 0.33 個百分點，年增 3.64 個百分點，營益率 46.89%，季減 0.47 個百分點，年增 17.31 個百分點；稅後純益 5.93 億元，季增 30.33%，年增 1.97 個百分點，每股純益 8.42 元。鈊象前 3 季營收 36.15 億元，年增 65.34%，毛利率 92.17%，年增 4 個百分點，營益率 44.16%，年增 13.87 個百分點；稅後純益 13.66 億元，年增 1.23 倍，每股純益 19.43 元。鈊象今年以來月營收頻高，6 月首破 4 億元，在行動網路及商用遊戲機業務持續增溫下，7 月再攀峰衝破 5 億元，第 3 季營收改寫第 2 季寫下的營收新猷，10 月營收又再創高、達 5.54 億元，營運動能強勁。鈊象 9 月網路行動遊戲營收占比已拉升至 82%，較 7 月的 72% 擴增 10 個百分點，由於網路行動遊戲產品毛利率較高，也帶動鈊象獲利持續走揚。
340,2019/11/11,〈鉅祥法說〉擬挺進車用光學模組市場 最快明年出貨,沖壓件廠鉅祥 () 調整產品應用結構積極進行中，總經理林映碩今 (11) 日在法說會中透露，鉅祥去年投入車用光學領域產品開發，積極尋求測試與認證，對象將以二、三線汽車電子廠為主，最快明年開始出貨。事實上，今年鉅祥前 3 季出貨結構，3C 電子產品應用已降至 56%，持續看好車載及工業控制等應用市場需求成長。林映碩強調，目前汽車搭載的車用光學鏡頭產品，已從過去僅 1 顆倒車光學影像鏡頭，發展到目前包括後照、環艙影像光學系統的配置，所需鏡頭數高達 8 顆，可見市場需求成長。林映碩指出，鉅祥開發的車用光學系統產品，除鉅祥本身具備金屬沖壓件、塑膠射出件等製程能力，也有轉投資軟板廠旭軟 () 搭配，搭配所需的外購鏡片與感測器，目前鉅祥對車用鏡頭組的開發，以 1G(玻璃鏡片) 加 3P(塑膠鏡片) 設計。依鉅祥規劃，車用光學產品將以模組方式出貨，先瞄準中國車市，再逐步開發日系及歐美車廠，並聘前國瑞汽車總經理李朝森擔任顧問，且備妥生產設備，目前運作狀況良好。
341,2019/11/11,寬宏藝術Q3純益年增1.4倍 前3季每股賺7.45元 歷年同期新高,藝文展演主辦業者寬宏藝術 () 今 (11) 日公告第 3 季財報，稅後純益 7495 萬元，季減 35.24%，年增 1.41 倍，每股純益 2.69 元。前 3 季稅後純益 2.07 億元，年增 3.92 倍，每股純益 7.45 元，創歷年同期新高。寬宏藝術第 3 季合併營收 5.96 億元，季增 26.27%，年增 13.56%，毛利率 27.23%，季減 12.42 個百分點，年增 7.34 個百分點，營益率 16.44%，季減 8.72 個百分點，年增 8.5 個百分點；稅後純益 7495 萬元，季減 35.24%，年增 1.41 倍，每股純益 2.69 元。寬宏藝術前 3 季累計營收 13.38 億元，年增 39.23%，毛利率 32.73%，年增 11.24 個百分點，營益率 18.86%，年增 13.9 個百分點；稅後純益 2.07 億元，年增 3.92 倍，每股純益 7.45 元。寬宏藝術表示，第 3 季共舉辦 19 場知名百老匯音樂劇《獅子王》，及方大同、盧廣仲與周慧敏等萬人巨蛋演唱會，加上暑假期間舉辦 11 場藝文展覽，推升營收攀揚。毛利率方面，寬宏藝術指出，由於第 3 季藝文展覽門票營收占比達 3 成，使毛利率較上季下滑，不過，第 4 季將以演唱會收入為主，毛利率表現較佳，估將維持 3 成以上水準。寬宏藝術也同步公告 10 月合併營收，達到 6010 萬元，月增 2.33%，年增約 3.23 倍；前 10 個月累計營收 14.02 億元，年增 43.74％。寬宏藝術指出，10 月陸續舉辦日本超人氣偶像女團 AKB48、金曲歌王李玖哲小巨蛋演唱會等，加上子公司台灣藝能的演唱會工程接單能力佳，推升營運走強。展望本季，寬宏藝術指出，上周剛結束的 2 場費玉清 2019 告別演唱會，門票全數售罄，估將挹注約 1 億元營收，今年內還會有金曲歌王蕭煌奇小巨蛋演唱會、詹雅雯高雄巨蛋演唱會等，從門票預售情況來看，第 4 季營運將較優於去年同期，今年業績可望續創新高。
342,2019/11/11,仁寶Q3純益近1年高 EPS 0.41元 Q4穿戴裝置續旺,代工大廠仁寶 () 今 (11) 日公布第 3 季財報，稅後純益 18 億元，季增 0.5%，但去年有一次性處分利益導致基期較高，年減 51.78%，不過仍創近 1 年新高，每股純益 0.41 元，展望第 4 季，仁寶表示，穿戴裝置、平板等非筆電產品出貨動能仍強，預期出貨將可季增雙位數，第 4 季整體表現將較第 3 季小幅成長。仁寶第 3 季營收 2499.23 億元，季減 0.98%、年減 1.38%，毛利率 3.23%，季減 0.21 個百分點、年增 0.31 個百分點，營益率 0.97%，季減 0.09 個百分點、年增 0.22 個百分點；稅後純益 18 億元，季增 0.5%、年減 51.78%，每股純益 0.41 元。仁寶累計今年前 3 季合併營收 7129.19 億元，年增 3.7%，毛利率 3.42%，年增 0.25 個百分點，營益率 1.05%，年增 0.09 個百分點，稅後純益 49.42 億元，年減 31.5%，每股純益 1.13 元。仁寶表示，部分客戶因關稅預期心理，第 2 季就提前備貨，導致第 3 季營收略微下滑，而近期筆電產品又受 CPU 缺貨影響，第 4 季出貨量預期估將持平或較第 3 季衰退，較原先預期的低，但穿戴裝置、平板等非筆電產品出貨動能仍強，預期將持續季增雙位數。仁寶去年第 3 季處分聯寶股權，獲得一次性業外獲利 25.11 億元，使去年同期業外收益基期墊高，仁寶指出，今年第 3 季業外收入 8700 萬元，較上季改善，不過因此造成整體純益較去年下滑，未來將持續精進生產效率及管控費用。仁寶日前也公告 10 月合併營收達 989.16 億元，月增 2.18%、年減 0.24%，為近 1 年單月新高，累計今年前 10 月合併營收 8118.39 億元，年增 3.22%。
343,2019/11/11,內資下車擾亂多頭格局 外資連21買拚守月線,台股今日終場收在 11427.28 點，下跌 152.26 點，成交值放大至 1493 億元，三大法人仍維持買超 18.3 億元，外資持續買超，連買 21 日，但投信和自營商均轉為賣超，法人認為，接下來大盤能否守住月線支撐，就看外資信心能否持續。三大法人今日合計集中市場買超 18.3 億元，其中，外資連 21 買，單日續買超 32.4 億元，投信轉賣 3.17 億元，而自營商更是賣超 10.9 億元是 11 月以來單日最多，顯然，內資下車成為大盤主要的壓力來源。法人指出，外資今日期貨淨多單小幅加碼 157 口至 52263 口，5 萬口以上的水位顯然對後市偏多看法不變，事實上，本波大盤強漲衝上 29 年來新高，已吸引不少投資人融券伺機待回檔，融券餘額衝上金融海嘯之後的 10 年新高，外資並不會輕易放棄軋空的大好機會。從目前的籌碼面和外資偏多判斷，內資洗獲利技術性回檔後，台股仍有機會轉強。觀察今日外資布局，買超前 10 大標的以鴻海最多近 4.4 萬張，買超金額逼近 39 億元，新光金也獲買超逾 2 萬張，華通、欣興均逾 1.3 萬張，和碩 8000 餘張，元大 S&P 原油正 2 逾 7000 張，群創、開發金和國泰金逾 5000 張，健鼎也有近 5000 張的水準。外資賣超前 10 大標的依序有元大滬深 300 正 2 超過 2.8 萬張，群創逾 1.8 萬張，友達和中信金逾 1 萬張，彩晶和台企銀均逾 6000 張，統一達 4600 張，華航、TPK-KY 和富邦上証正 2 均逾 3000 張。投信方面，買超前 10 大標的有華通約 3700 張，晶電 2700 張，欣興、新光金均逾 1500 張，廣明、南茂逾 800 張，元大台灣 50 達 400 張，博智、廣達和僑威均逾 200 張。投信賣超前 10 大標的則有中美晶、精材、京元電子、旺宏和華泰均逾千張，健策、台光電均逾 900 張，元大滬深 300 正 2、聯合再生和雙鴻超過 500 張。法人指出，大盤連續三根黑 K 棒顯示賣壓沉重，上檔出現調節壓力，技術面上已轉弱，不過國內外資金寬鬆趨勢尚未改變，外資也尚未反轉開始大賣，有待美中貿易戰混沌的消息面釐清。
344,2019/11/11,〈鉅祥法說〉調降3C電子應用出貨比重 看好醫療、工控及車戴市場,沖壓件廠鉅祥 () 積極調整產品應用結構，今年已見初步成效，總經理林映碩指出，今年前 3 季出貨結構來看，3C 電子產品應用已降至 56%，看好包括車載、工業控制等應用市場等穩定成長。鉅祥今 (11) 日在證交所召開法說會，前 3 季營收為 37.06 億元，毛利率 25.8%，年減 0.2 個百分點，稅後純益 2.67 億元，年增 33.4%，每股純益為 1.44 元。林映碩指出，鉅祥接單結構調整，今年前 3 季已見到成效，第 3 季車載應用營收比重達 16%，高出去年全年 1 個百分點；感應器、繼電器、定時器、醫療相關等產品營收比重，前 3 季達 28%，也較去年全年高出 5 個百分點。至於 3C 電子產品應用，林映碩指出，由於相關產品生命週期短，今年前 3 季營收比重來看，除網通包括 ADSL、手機、網路通訊等產品前 3 季營收比重，維持與去年全年相同的 9%，其他如 PC、NB 及消費性電子產品應用比重都在下滑，其中資訊電子應用比重下滑 3 個百分點，降到 14%。鉅祥今年前 3 季消費性電子產品應用占營收比重 33% ，則仍居第一位，不過比重已較去年全年 36% 下降 3 個百分點。鉅祥今年前 3 季稅後純益 2.67 億元，年增 33.4%，每股純益為 1.44 元，截至第 3 季底每股淨值 24.9 元，仍低於今天收盤價的 23.6 元。
345,2019/11/11,雲端、車用需求看俏 神達明年營收估年增雙位數,神達 () 今 (11) 日召開法說會，總經理何繼武指出，明年成長動能將來自大型資料中心、車聯網等需求，旗下神雲、神數的營收都可望有雙位數成長，也將同步帶動明年業績成長。神雲總經理林聰良表示，明年動能將來自美國中大型資料中心，該客戶將於美國西北部建置新的資料中心，推升伺服器需求，至於中國，伺服器成長較保守，但依照陸系客戶給的展望，還是會成長。不過，林聰良也坦言，雖然美中貿易戰衍生的關稅由客戶吸收，不影響神雲獲利，但客戶採購有一定的金額預算，可能導致拉貨數量減少，對營運審慎樂觀看待。車用方面，神數總經理張樂羣認為，雖然導航應用衰退，但行車紀錄器從消費型市場跨入商用領域，打進安全駕駛等應用，預計 3 年內營收都會有雙位數的成長。以神達目前各事業營收占比來看，神雲營收占比 75.2%、神數 14.7%、神達 10.1%。神達第 3 季稅後純益季增 52.1%、年增 22.2%，每股純益 0.89 元；累計前 3 季 18.6 億元，年減 28.6%，每股純益 1.75 元，神達表示，若扣除去年第 1 季處分新聚思 (Synnex) 利益 10 億元，今年營運依舊較去年成長，累計神達前 10 月營收 287.55 億元，年增 11.5%。資本支出方面，神達表示，今年約落在 18-20 億元之間，將用在竹科廠重啟、自動化產線升級，明年則預計會少一點，重心一樣在投資自動化產線布建。
346,2019/11/11,〈明基醫法說〉三大事業拓展海外市場 明年營運看俏,明基醫 () 今 (11) 日召開法說，展望明年，總經理管新寶表示，醫療設備、服務及耗材等 3 大事業體，將拓展海外市場，尤其東歐、中國等亞太區域，最快明年可取證、銷售，添營運新動能。管新寶預期，明年醫用耗材及醫療服務成長空間大，耗材方面，受惠中國政府鼓勵國產化、醫材不加價等醫改政策，拉高市場進入難度，因此與中國組裝廠合作，除許可證審查時間減少 2-3 年，也有利加速佈局，未來也將循此商業模式，複製到東協國家。醫療服務產品則包括口腔、聽力等高毛利產品，管新寶表示，全球 65 歲以上人口中，逾 3 成有聽力問題，需求大的地區分別是歐洲、美國及亞太，看好亞太潛在市場，未來先投資台灣助聽器市場，並發表自有品牌，再拓展東北亞市場，最終目標是建立亞洲第一大助聽器通路品牌。醫療設備方面，管新寶指出，會持續鞏固中國、印度等高市占率國家外，也將在東歐、東南亞推出碎石機新品，台灣則將代理核磁共振設備，預計明年下半年效益能逐漸顯現。管新寶坦言，因為設備使用年限長，且容易受各國政策、選舉、標案等因素影響，雖然每年業績都有成長，但漲幅波動較不穩定。明基醫近年積極推動手術室遠距醫療系統 (IQOR)，系統包括影像轉換、儀器控制、遠距教學等功能，管新寶表示，系統已開發至第 3 代，銷售地區涵蓋中國、台灣及東歐，雖然產品毛利好，不過數量不多，對營收貢獻較不明顯。
347,2019/11/11,〈文曄法說〉Q4營運續強 最快2年內補足德儀600億元營收,半導體通路商文曄 () 今 (11) 日舉辦法說會，董事長鄭文宗表示，第 4 季通訊、車用產品續強，車用、電腦、工控則小幅下滑，產品組合改善下，毛利率可望微幅上升，營收估持平上季，對於德儀終止代理一事，預計最快 2 年內補足因此少掉的 600 億元營收。文曄估，以 1 美元兌 30.5 元計算，第 4 季營收介於 940-1000 億元，季增 -2 至  4%，年增 10-17%，毛利率 2.9-3.1%，季增 -0.1 至 0.1 個百分點，營益率 1.4-1.6%，季減 0.2 個百分點內。展望明年，鄭文宗指出，明年第 1 季將優於今年同期，主因客戶在今年第 1 季調整庫存水位，不過現在客戶庫存水位健康，加上消費力道回升，訂單能見度已提升。對於德儀調整代理一事，鄭文宗表示，自收到通知後仍未有影響，且目前也沒有其他供應商提出相同要求，反而收到其他原廠客戶，包括美系、台廠等，積極詢問代理相同產品，預計對整體產業發展不會有影響。鄭文宗指出，德儀 1 年對文曄的營收貢獻約 600 億元，營收比重約 20%，投入德儀相關的人力比重也 20%，約 460 人，之後將重新分配資源，短期內不會有資遣的情況發生，未來 2-3 年也會持續擴大代理產品線，補足德儀的 600 億元營收。
348,2019/11/11,〈中信金法說〉台壽保持有台股1500億元 不輕易出脫穩定配息的藍籌股,中信金 () 今 (11) 日舉行法說會，財務長暨發言人邱雅玲表示，中信金旗下的台壽保，持有台股部位約 1500 億元，約占總投資部位的 8%，即使市場波動，也不會輕易出脫穩定配息的藍籌股。台灣人壽今年前三季總保費（TP）與初年度保費（FYP）維持業界排名第六，不過，其中初年度保費收入僅 629 億元，年衰退 4 成以上，台灣人壽資深副總葉栢宏指出，台壽保去年就已停售的躉繳保單，今年上半年停售 2-5 年期繳的保單，主要是投資管道較少，必須投資海外商品、承受更多匯率風險，基於穩健考量，台壽保的保單銷售策略從追求量的成長，轉化為強化保單獲利。中信金總經理吳一揆表示，台灣人壽持續調整產品策略，預期 2019 及 2020 年的初年度保費大約都會在 800 多億元左右。等於台灣人壽初年度保費收入將是六大壽險中第一個跌出千億元俱樂部的公司。不過，台壽保擴大投資資產，帶動利息淨收益與股利等經常性投資收益穩定成長，負債成本亦持續降低，台壽保前三季稅後純益為 139.03 億元，較去年同期成長高達 39.0%。觀察台壽保的投資組合，截至 9 月底，台壽保的投資資產總額約 1.7946 兆元，占比最高為國外固定收益約達 60%，其次為國內固定收益占比約 9.6%，股市投資占比 8.7%，基金投資占比 8.8%。至於台股投資，邱雅玲表示，台壽保目前持有的台股部位約 1500 億元，約占總投資部位的 8%，選股主要瞄準有穩定配息的藍籌股，這部分屬於資產配置，著眼於經常性的投資收入，不會因市場波動而輕易出脫持股。展望明年，吳一揆強調，資本市場利率持續下跌，全球有三分之一的政府國債是負利率，這是前所未見，對保險公司的再投資是很大的挑戰；而股市部分，甚至有聲浪傳出股市只要一回檔，恐怕會有 10-20% 的跌幅，對於市場可能反轉，中信金已經準備好了，會在風險管理抓得更緊，審慎布局明年股債市場。
349,2019/11/11,買方採購力道回溫 DRAM Q4合約價跌幅明顯收斂,研調機構集邦科技旗下記憶體儲存研究 (DRAMeXchange) 最新調查指出，第 4 季 DRAM 均價較前一季小幅下跌，但跌幅已縮小至約 5%，且 10 月交易量較前一季度首月明顯放大，顯示買方購貨意願逐漸增強，一旦供給商庫存降低，降價求售的必要性便大幅下降，有助明年 DRAM 價格止穩。近期市場傳出三星計畫重啟擴產，對此，TrendForce 指出，三星明年上半年暫無增加投片打算，目前資本支出規劃僅為購入新機台，用於轉進 1Znm 製程，而 SK 海力士近期重申將減少明年資本支出，代表明年供給位元年成長將較今年趨緩；美光雖未正式宣佈明年資本支出規劃，但預估也會較今年保守。在中國 DRAM 產業發展方面，TrendForce 認為，雖然合肥長鑫已宣布將於年底正式導入量產，但初期產能規劃仍非常保守，預估最快也要到明年底才也可望放量，且中國 DRAM 產業整體良率提升需一段時間的學習曲線，對明年整體 DRAM 產業位元供給成長貢獻有限。價格方面，TrendForce 指出，相較合約市場，現貨市場動能疲弱許多，目前現貨交易量已大幅萎縮，價格易受市場消息面影響，如 7 月中就因日韓貿易戰事件影響，造成價格連日飆漲，不過，在日本核准並開放原物料進口至韓國後，DRAM 供貨疑慮消失，現貨價便呈現每日小跌態勢，10 月下旬已跌破 7 月飆漲前的新低點。TrendForce 認為，目前現貨價走勢都還在預期範圍內，只要合約價走勢平穩，需求端也未見重大下修，短期現貨價偏弱走勢並不會對後續整體市況造成影響。
350,2019/11/11,〈稅收統計〉10月台股回溫證交稅收年增逾1成 惟今年仍短徵,10 月股市成交量回溫，帶動證交稅收回升，單月稅收實徵淨額 86 億元，較去年同期增加 9 億元、年增幅 11.5%；儘管如此，台股今年成交量仍低於去年，前 10 月證交稅收 733 億元，較去年同期減少 136 億元、年減 15.7%。財政部統計處今 (11) 日公布最新稅收統計，統計處副處長陳玉豐表示，10 月台股單日平均成交量回升至 1574 億元，挹注單月稅收增加，但前 10 月單日平均成交量約 1380 億元，仍低於去年同期日均量 1591 億元，受成交量能不振影響，今年證交稅收勢必低於年度預算數。觀察整體稅收概況，在營所稅、土增稅與遺產稅增加挹注下，10 月稅收實徵淨額共 2466 億元，較去年同期增加 514 億元、年增幅 26.4%；累計前 10 月實徵淨額共 2.11 兆元，年增幅 3%。觀察主要稅目稅收表現，以營所稅表現相對亮眼，單月稅收 1595 億元，較去年同期增加 3 成，前 10 月營所稅收共 6326 億元，年增幅 13.2%，主要與營所稅率調升有關，加上暫繳申報期限適逢颱風假延後至 10 月，進而帶動稅收增加。綜所稅 10 月實徵淨額共 313 億元，較去年同期增加 87 億元、年增幅 38.7%，主要與盈餘分配所得扣繳款增加有關，但前 10 月實徵淨額共 4602 億元，較去年同期減少 1.2%，主因與所得稅制優化方案調高扣除額有關，導致申報稅額減少、退稅額增加有關。貨物稅部份，單月實徵淨額 150 億元，較去年同期減少 1 億元，其中油氣類因生產設備歲修導致單月稅收減少 70 億元、年減 15.5%，但因車輛貨物稅 69 億元，較去年同期大增 3 成，兩者相互抵消導致單月稅收較去年同期微幅減少。整體而言，今年稅收雖有綜所稅、貨物稅與證交稅縮水等負面因素影響，但所幸營所稅與遺產稅稅收增加，加上台商回流帶動不動產交易增溫，帶動土增稅增加，預估今年稅收仍可較年度預算數多，預估約可增加 300~500 億元不等。
351,2019/11/11,陸客不來拚轉型 寶得利將斥億元拓展兩岸餐飲事業,受陸客來台大減衝擊，專營團客伴手禮店業者寶得利 () 今 (11) 日宣布，將斥資億元在兩岸開創餐飲新事業，除既有經營「逸仙樓」外，將以「小逸仙」品牌展店，並與中國知名潮州菜餐廳「潮江春」合資成立「春江潮」，進軍深圳高端餐飲市場，預計明年 3 月底前，開出 4 家新餐飲據點，而自創手搖飲品牌「伊茶」未來計畫進軍馬來西亞市場。寶得利目前主要經營旅遊和購物店，但受兩岸政治因素影響，營運起伏大，董事長張雅琍坦言，10 月營收約 8000 萬元來看，有 7000 萬元是來自馬來西亞伴手禮店的貢獻，「台灣二家據點幾乎沒有業績」，因此，要透過強化餐飲布局來經營非陸客市場。不過，張雅琍認為，總統大選過後，由於台灣據點的業績已處在谷底，將有改善空間。張雅琍期許，藉由擴大餐飲事業規模來提振業績表現，目前逸仙樓每月營收約 400 萬元，目標是其他店點開出後，也可達此水準。除逸仙樓外，寶得利已確定將以「小逸仙」品牌投資位於南京商圈的火烤二吃餐廳，與接待韓國旅客的台灣旅行社合作，不僅提供來台用餐需求，也結合四平街陽光觀光商街購物之旅規劃，預計每月提供約 600 團的團客數，預計 12 月底開幕。另一方面，「小逸仙」將進軍深圳，已確定落腳於每日人潮平均約 40-50 萬人次的深圳市福田區地鐵商業街，初期投資中式餐廳、餐廳 + 手搖飲兩個據點，將在此引進台灣菜和小吃，手搖飲則將採取加盟方式發展，預計 12 月底開幕，力拚屆時每月業績可達 400-500 萬元。除了平價餐飲市場，寶得利首次跨入高端餐飲，與「潮江春」合資成立「春江潮」，張雅琍期藉由與在地夥伴合作，縮短摸索期，地點選在深圳平安國際金融中心大廈的 9F、10F。張雅琍指出，平安國際金融中心大廈是深圳最高大樓，也是中國第二高、世界第四高大樓，是具有旅遊特色的地標，有指標意義，並可吸引當地商務客層，餐廳預計在 2020 年 3 月中旬開幕。看好國外正在風靡台灣的手搖茶，寶得利已自創「伊茶」，除了在深圳與自家其他品牌共同亮相，看好馬來西亞的消費潛力將在當地開自營店，未來在馬來西亞會開放加盟。
352,2019/11/11,【群益投顧】指數高檔獲利賣壓湧出，大跌逾百點跌破12日線，下檔看月線11360點支撐,上週連續三週走高， 指數連續五週走揚， NASDAQ 則是連續第六週上漲，指數也是連三週上揚。上週五美股四大指數尾盤震盪走高，同步站上收盤歷史新高位。企業財報預期在成分公司中優於預期的則有 74%。在美股不斷創新高的過程中， 在 11/6 來到 11668 點後， 陷入整理， 不僅未再創高， 反而在小跌後更出現大跌百點以上的回檔，亞洲各國股市也普遍都下跌。雖然蘋果上週五再創新高但台股中之蘋概股如台積電、大立光、鴻海、玉晶光等全數下挫， 由於指標股轉弱，櫃買市場之中小型股跌幅更是慘烈， 終場台股大跌 152 點， 跌幅 - 1.31%，收在 11427 點，成交量擴增為 1492 億元。台股自 10/14 外資開始買超至 11/8 止， 已連續買超 20 日， 最高漲點為 779 點， 漲幅為 7.15%， 買超金額為 1625 億元，由於上週五外資期貨淨多單已連續數日降低， 現貨買超也縮至 15 億元， 代表本波外資買盤似有縮減之意，由於盤中跌破 11500 點整數關卡， 並下探至 12 日線以下，初期有力止跌點先看月線 11360 點。華通（ 2313）第三季淨利 14.72 億元，第三季毛利率 18.93％ 、營益率 12.95％ 、稅後淨利率 9.04％ ， EPS1.24 元， 同為近年來單季新高，累計前三季 EPS 達 2 元和去年全年 EPS 相差不多，主要原因除美系客戶優於預期的新機銷售加上大陸客戶手機用板往高階方向發展，目前手機配件最熱門的無線藍芽耳機出貨暢旺，十月營收以 62.25 億元， 創下單月歷史新高。欣興 (3037)10 月營收 78.3 億元，較上月增加 0.65%，較 107 年同月增加 3.6%。累計 108 年 1-10 月營收 677.9 億元， 較 107 年同期增加 7.93%。目前市場主流高階智慧手機出貨優於預期， 及 5G 相關運用增高， 產能持續吃緊有望延至明年首季，因此公司目前仍是大力增加資本支出及擴充客戶所需產能。明年以後各家新機都將提升至 5G 規格，市場對於 HDI 板的需求有增無減。工研院產科國際所表示 5G 行動通訊、AI、大數據分析等應用，可帶動 HPC 高效能運算晶片需求， 晶片封裝需要 ABF 載板，未來 ABF 載板面積增大、層數增多，產能需求將呈現倍數成長。預估欣興 (3037) 每月 ABF 載板量產將有 3000 萬顆到 4000 萬顆。健鼎 (3044) 第三季稅後淨利 20 億元、季增 55.6%、年增 21.8%，EPS 達 3.82 元，毛利率為 23.9%，同步創下歷史新高，優於預期。大陸湖北仙桃廠擴建最快可在明年初完成，新產能預計於 2020 年 2Q 以後有機會為營收成長注入生力軍。健鼎十月營收， 受工作天減少影響， 十月營收 47.9 億元， 較九月 - 3.3％ ， 較去年同期成長 2％ ， 累計前 10 月營收達 452.5 億元，較去年同期 436.9 億元成長 3.6％ 。三、強勢股電子：健鼎 (3044) 、華通 (2313) 、濱川 (1569)、世芯 (3661)、欣興 (3037)。非電：美時 (1795) 、上銀 (2049) 、龍巖 (5530)、中裕 (4147)、亞德客 - KY(1590)。本文係研究員對大盤之看法， 僅供參考， 不做進出依據
353,2019/11/11,穿戴裝置帶動 廣達10月營收創今年新高,廣達 () 今 (11) 日公布 10 月合併營收，達 957.54 億元，月增 6.06%、年減 7.22%，為今年單月新高，廣達表示，雖然筆電出貨較上月減少 8%，但整體平均售價提高，加上穿戴裝置、智慧音箱等非筆電產品出貨優預期，推升營收衝鋒，累計今年前 10 月營收 8279.66 億元，年增 1.65%。廣達 10 月筆電出貨量為 320 萬台，月減 8.57%，累計今年筆電出貨量達 2850 萬台，廣達表示，9 月受季底效應，出貨基期較高，10 月筆電出貨略為衰退，但整體筆電平均單價提高，加上穿戴裝置、智慧音箱等非筆電產品出貨帶動下，10 月營收仍創今年單月新高。廣達預計本周三 (13 日) 舉辦法說會，除公布第 3 季財報，預期也將釋出第 4 季、明年展望，市場同樣關注廣達在雲端伺服器、Apple Watch、自駕車等展望布局，而產線調整、泰國廠進度預期也是關注重點。
354,2019/11/11,〈文曄法說〉手機比重拉升拖累 Q3毛利率創低 前3季EPS 3.11元,半導體通路商文曄 () 今 (11) 日舉辦法說並公布財報，第 3 季營收創歷史新高，不過毛利率因產品組合影響創新低，稅後純益 8.17 億元，季增 31.35%，年減 17.31%，每股純益 1.38 元，前 3 季稅後純益 18.24 億元，年減 16.6%，每股純益 3.11 元。文曄第 3 季合併營收 961.91 億元，季增 29%，年增 13%，毛利率 3.09%，季減 0.51 個百分比，年減 0.56 個百分比，營益率 1.61%，季減 0.67 個百分比，年減 0.4 個分比，稅後純益 8.17 億元，季增 31.35%，年減 17.31%，每股稅後純益 1.38 元。文曄前 3 季合併營收 2384.13 億元，年增 27.05%，毛利率 3.35%，年減 0.88 個百分比，營益率 1.63%，年減 0.45 個百分比，稅後純益 18.24 億元，年減 16.6%，每股稅後純益 3.11 元。文曄第 3 季受惠手機需求比預期強勁，帶動營收超過原先財測高標，並創歷史新高，不過也因手機產品利潤較低，比重拉升不利獲利，拖累整體毛利率表現，單季創新低。
355,2019/11/11,旭然10月營收創新高年增近2成 訂單能見度3個月,液體、氣體濾材廠旭然 () 今 (8) 公布 10 月營收達 5681 萬元，創新高，月增 29.15%，年增 19.11%，受惠自有品牌大型過濾設備訂單的出貨，包括半導體暨電子、機械設備等產業拉貨力道升溫推升，旭然主管指出，目前訂單能見度長達 3 個月。旭然前 10 月營收達 4.11 億元，較去年同期成長 3.54%，其中 10 月營收改寫歷年單月新高，其中半導體暨電子、機械設備產業液體過濾產品銷售，分別較上月成長 9%、40%，尤其今年受惠美國、亞洲等地區業務接單較去年成長，加上進入傳統旺季，推升營運。旭然為因應年底客戶訂單需求，也持續加大旗下雲科一、二廠與中國昆山廠生產出貨時程優化，挹注 10 月營收繳出優異成績。旭然今年前 3 季營收為 3.54 億元，毛利率 42.79%，年減 1.75 個百分點，稅後純益為 2093 萬元，年減 56.37%，每股純益為 0.52 元。展望第 4 季，旭然看好年底傳統旺季表現，從全球銷售來看，北美、亞洲等地區市場銷售，持續是未來營運亮點，目前在手訂單能見度達 3 個月，且半導體、電子、食品及化學等產業過濾訂單需求持續暢旺。此外，近期台灣內政部營建署、經濟部水利署及地方政府為未來再生水廠計畫，分別於台中、台南及高雄地區推動 8 座再生水示範廠，預計將投入 172 億元，有機會帶動旭然自有品牌水處理過濾銷售挹注。
356,2019/11/11,〈中信金法說〉明年審慎布局股債 盼新台幣匯率維持30~31元穩壽險成本,中信金 () 今 (11) 日舉行法說會，由於該金控累計前 10 月合併稅前純益超過 500 億元，繳出創歷史新高的好成績，總經理吳一揆表示，展望明年，中信金會更審慎布局股債，匯率方面，期望維持在 30~31 兌 1 美元之間，就不會對壽險公司有過大的避險成本。中信金今年前三季金控旗下各子公司獲利表現出色，其中，中國信託銀行前三季合併稅後純益為 252.12 億元，年增 10.5%；台灣人壽前三季合併稅後純益為 139.03 億元，更是年增 39%。吳一揆表示，若統計到前 10 月，中信金累計稅前純益首度超過 500 億元，稅後純益亦已超過 400 億元、達 408.15 億元，稅前及稅後獲利均已超越 2014 年全年稅前純益 452 億元及稅後純益 394 億元的歷史高點，改寫歷史新高。吳一揆表示，2014 年中信金因認列日本東京之星銀行廉價購買利益使獲利大幅提升，而今年金控獲利創造佳績，則是因銀行核心業務及資產規模穩健成長，及合併台灣人壽保險公司後雙核心獲利引擎策略奏效，因此再次創下中信金控獲利新高峰。中國信託銀行前三季核心業務成長動能表現亮眼，與去年同期相比，存、放款動能強勁，淨利息收益率提升，穩健帶動淨利息收益成長。財富管理、信用卡、彩券、個人金融與法人金融等業務的手續費淨收益更較去年同期成長約 10%。截至 9 月底，中國信託銀行合併逾期放款比率（含日本東京之星銀行）為 0.40%，合併呆帳覆蓋率（含日本東京之星銀行）為 318.0%，風險控管得宜。資本強度部分，中信金控資本適足率為 118.1%，中信銀行合併資本適足率與第一類資本適足率分別為 13.5% 與 12.1%，台灣人壽資本適足率為 346%，集團資本適足性強健。展望中信金明年的獲利續航力，吳一揆首先談到，去年此時的市況非常差，但今年第一季強勁反彈，出乎市場預期的好，目前比較擔心的就是資本市場，因為各主要市場都在高點，指數會上也是會下，這是歷史的定律，對於市場可能反轉的部分中信金已經準備好了，也就是在風險管理抓得更緊。吳一揆進一步表示，IMF 下修了明年全球經濟的最新的估值，預期明年全球的經濟成長率約為 3.4%。各主要央行也持續更寬鬆的政策，中信金預估 Fed 明年會再降息一次，美國動能也不會像今年那麼好，美國明年 GDP 估值由 2.3% 下調至 2.0%，基於這些基本面考量，中信金會更審慎面對明年的股債布局。吳一揆也強調，資本市場利率持續下跌，對保險公司的再投資是很大的挑戰，全球有三分之一的政府國債是負利率，這是前所未見，教科書也沒教應該怎麼做，日本和歐盟都有負利率的情況，這也意味著大家對於全球的資本市場仍非常的謹慎。展望明年台灣的經濟，吳一揆認為，台灣若能在全球供應鏈改變之際，找到自已的價值，同時又有台商境外資金回台，2020 年台灣的經濟成長率可望上看 2.5%。雖然因為資本市場已來到高檔，吳一揆表示，甚至有聲浪傳出股市只要一回檔，恐怕會有 10-20% 的跌幅，但預期台灣的匯率在目前狀況下應該可以持平，因為台灣的通膨非常溫和，期望維持在 30~31 兌 1 美元之間，就不會對壽險公司產生過大的避險成本。
357,2019/11/11,〈明基醫法說〉助聽器助陣 Q3毛利率衝上40% EPS 0.44元創同期新高,明基醫 () 今 (11) 日召開法說會並公布財報，受惠高毛利助聽器銷售表現亮眼，第 3 季毛利率突破 40%，創新猷，稅後純益 1955 萬元，季增 63%、年增 17%，每股純益 0.44 元，創同期新高。明基醫第 3 季營收 3.49 億元，季增 3%、年增 13%；毛利率 42%，季增 3.9 個百分點、年增 4 個百分點；營利率 9.56%，季增 3.55 個百分點、年增 1.6 個百分點；稅後純益 1955 萬元，季增 63%、年增 17%，每股純益 0.44 元。明基醫累計前 3 季營收 10.23 億元，年增 15%；毛利率 39.47%，年增 2.77%；營利率 8.11%，年增 1.89 個百分點；稅後純益 5184 萬元，年增 36%，每股純益 1.16 元。明基醫第 3 季醫療設備占營收比重 44%、醫療服務占 30%、醫用耗材占 26%，財務長吳淑晴表示，聽力與口腔事業等醫療服務類別，今年成長動能強，營收比重年增 18 個百分點，其中助聽器毛利高，也帶動整體毛利表現。展望明年，總經理管新寶預期，醫療耗材及醫療服務發展動能較強勁，此外，明年將積極擴大中國等亞太地區、東歐市場，目前已有合作夥伴，期盼明年底前能有好消息。
358,2019/11/11,台積電竹南先進封測廠環評過關 最快明年上半年動工,晶圓代工龍頭台積電 () 苗栗竹南先進封測建廠計畫，歷經 15 個月環境評估審查，今 (11) 日獲環評大會原則通過，待台積電董事會確認通過，明年 2 月 10 日前送定稿本，最快明年上半年正式啟動竹南廠建廠工程。台積電苗栗竹南先進封測建廠計畫，將投資 3000 億元，位於竹南科周邊特定區、大埔範圍，基地面積約 14.3 公頃，去年 9 月啟動環評程序，今年 8 月順利通過環評小組審查後，今日再經過 13 位環評審查委員一致同意，原則通過此案。台積電須於明年 2 月 10 日前送交環境影響說明書定稿本草案，經審查委員定稿後，業者施工前 30 天須通知主管機關及相關單位、民眾等舉辦公開說明會，並完成請照程序等，最快明年上半年可望正式啟動建廠工程。苗栗縣府指出，台積電期盼興建竹南廠以提高國際競爭優勢，並為客戶提供更優異的製程技術及封裝測試服務，預估可增加逾 2500 個工作機會，立委陳超明今日也前往審查會致意，並建請台積電未來徵才時，在資格符合下優先考量錄用苗栗子弟。
359,2019/11/11,〈世界經濟調查〉廠商擴大資本支出支撐 台經濟氣候指標連5季負值轉正,德國 ifo 經濟研究院今 (11) 日公布第 4 季全球經濟氣候指標，其中台灣整體經濟現況評價由壞轉持平，對未來 6 個月後預期，也由持平升為轉好，整體經濟氣候指標連 5 負後首度轉正，達 3.1 點，國發會經濟處處長吳明蕙表示，在全球供應鏈調整下，台灣產能提高，廠商民間投資的資本支出擴大，是支撐經濟成長主力。吳明蕙表示，台灣經濟主要由民間資本支出帶動，指標續呈好，民間消費則續呈壞，但評價較上季改善，預期未來 6 個月後，整體經濟將由持平升為轉好，資本支出續呈轉好，惟民間消費持續轉壞，另一方面，專家也預期未來半年台灣進、出口皆轉壞，美元相對新臺幣轉呈貶值，但物價將走升，長、短期利率走跌，股價也呈現下跌。吳明蕙表示，全球整體大環境經濟體不理想，但台灣在轉單效應、產能移轉下，海外加工比例下滑，國內產能相對提高，民間廠商的資本支出有所提升，對經濟有顯著支撐，而在全球供應鏈調整下，預期將促使廠商重新審視全球產線布局，惟短期內全球經濟持續受到地緣政治、貿易戰影響，不確定性因素仍多。吳明蕙表示，多數受訪專家看好台灣未來 6 個月經濟表現，不過仍在美中貿易談判不確定等因素影響，政府仍須強化內需動能，包括落實擴大內需方案、推動公共建設、推動投資台灣等，以確保國內經濟穩健成長。
360,2019/11/11,受十一長假影響 光寶科10月營收寫近6個月低點,光寶科 () 今 (11) 日公告 10 月合併營收 146.46 億元，受中國十一長假影響，工作天數減少，使營收月減 10.86%，年減 16.79%，近 6 個月低點；前 10 個月累計營收 1484.43 億元，年減 14.8％。光寶科表示，10 月光電部門營收占比達 17%，資訊部門營收占比 7 成，儲存裝置部門則約 7%。其中， 不可見光 LED 元件及 LED 戶外照明產品，出貨量持續較上月成長。而資訊產品方面，雲端運算高階伺服器、網通設備電源管理系統、AI 智慧居家設備電源產品等，出貨量均較去年同期成長。展望第 4 季，光寶科看好，電源管理及光電產品應用於雲端運算、AI 智慧居家設備與遊戲機等市場，營收將持續成長，集團總執行長陳廣中表示，雖然將進入傳統淡季，遊戲機出貨下降，但毛利率與營益率可望維持前 3 季水準，獲利表現有機會持平去年同期。光寶科第 3 季受惠智慧家庭、消費性電子遊戲機電源產品出貨拉升，獲利佳產品出貨比重高，帶動毛利率創 2010 年第 4 季以來新高，營益率為 11 季高點，單季稅後純益 31.09 億元，季增 3 成，年增 18%，每股純益 1.34 元，創近 3 年單季新高；前 3 季稅後純益 69.68 億元，年增 28%，每股純益 3 元。
361,2019/11/11,長榮航RIMOWA過夜包11月底結束 義大利精品接手,長榮航 () 今 (11) 日宣布，機上服務用品即將大改款，皇璽桂冠艙 / 桂冠艙將與義大利知名精品品牌 Salvatore Ferragamo 合作，增加提供硬殼過夜包，而與 RIMOWA 合作長達 7 年所提供的迷你行李箱造型過夜包，於 11 月 30 日正式畫下句點。同時，長榮航與國際頂尖設計師吳季剛合作並深受旅客好評的機上睡衣，將推出第二代新款式，豪華經濟艙也將首次與比利時知名品牌 Kipling 合作提供過夜包，預計 2020 年第 1 季陸續上線。長榮航說明，自 2013 年開始與 RIMOWA 攜手提供只有少數航空公司頭等艙才會使用的 RIMOWA 行李箱造型過夜包，7 年來共推出 5 代 9 款不同的色系，深受旅客喜愛和收藏。不過，由於 RIMOWA 於 2016 年由法國精品品牌 LVMH 集團併購後更改行銷策略，終止與全世界所有航空公司合作機上過夜包，長榮航最後一代寶石紅的 RIMOWA 過夜包自 11 月 15 日起至月底僅提供台北 - 巴黎航線，並於 11 月 30 日正式走入歷史。長榮航總經理孫嘉明表示，提供更舒適尊榮的服務是長榮一向追求的目標，接下來與 Salvatore Ferragamo 聯名推精品過夜包，將再次引領機上時尚新浪潮，目前此款過夜包已於 11 月 15 日起陸續提供於台北出發的長程航線皇璽桂冠艙 / 桂冠艙。去年底開始，長榮航自海外返回台北的長程航班提供皇璽桂冠艙 / 桂冠艙旅客的 Salvatore Ferragamo 軟式過夜包，將推出第二代新款式，此次的設計以該品牌熱銷包型為基礎，於側邊壓印有台灣原住民特色菱形圖騰，並提供獨家設計品牌鑰匙圈，藉此同步行銷台灣觀光，預計 12 月中旬開始提供。另一方面，為強化豪經艙服務，此次長榮航首次與比利時品牌 Kipling 合作，聯名全面改款豪華經濟艙過夜包 ，將台北著名地標 101 融入設計，預計 2020 年第 1 季開始，提供自台北出發的長程航線豪華經濟艙旅客。由國外返回台北的豪華經濟艙過夜包，則將延續與義大利知名品牌 FURLA 合作，推出第二代新款式。長榮航今年在有服務用品奧斯卡之稱的國際旅遊餐飲和機上服務用品博覽會 WTCE 上，一舉拿下「最佳商務艙過夜包」、「最佳豪華經濟艙過夜包」和「最佳亞洲經濟艙過夜包」等多項榮譽，顯示機上服務深受肯定。
362,2019/11/11,富邦金前10月獲利超越去年全年 EPS 5.22元續稱霸金控,富邦金 () 今 (11) 日公布，今 (2019) 年 10 月自結稅後純益 23.78 億元，較去年同期成長 10%。累計今年前 10 月稅後純益 560.83 億元，較去年同期成長 7%，今年前 10 月稅後純益已超越去年全年的稅後純益 477.3 億元，累計每股純益也率先突破 5 元大關，達 5.22 元，持續榮登金控每股純益龍頭。富邦人壽 10 月稅後純益為 417 萬元，獲利減少主因股息收益旺季已過，且 10 月承保表現良好使得業務費用較高；累計前 10 月稅後純益 274.34 億元。初年度保費收入（First Year Premium）持續領先同業，今年前 10 月達 1808 億元，較去年同期成長 16%。總保費收入（Total Premium）為 4965 億元，較去年同期成長 11%。台北富邦銀行 10 月稅後純益 16.72 億元，較去年同期成長 10%，主要受惠於手續費收入與金融市場操作帶動收益成長。累計前 10 月稅後純益 185.91 億元，較去年同期成長 11%。北富銀資產品質維持穩健，2019 年 10 月底逾放比率為 0.2%，備抵呆帳覆蓋率為 648%。富邦產險 10 月稅後純益 1.64 億元，較去年同期大幅成長 130%，累計前 10 月稅後純益 37.14 億元，承保業務及投資績效皆維持穩健，簽單保費收入較去年同期成長 9%。富邦證券 10 月稅後純益 1.99 億元，主要由於經紀業務及資本市場活動所帶動。累計前 10 月稅後純益為 26.44 億元，較去年同期成長 29%。
363,2019/11/11,威剛Q3純益寫近8季高點 前3季每股賺3.19元,記憶體模組廠威剛 () 今 (11) 日公告第 3 季財報，受惠記憶體價格止跌，需求回溫，本業獲利大幅成長，稅後純益 4.23 億元，季增 2.68 倍，年增 8.5 倍，每股純益 1.94 元，近 8 季高點；前 3 季稅後純益 6.96 億元，年增 2.21 倍，每股純益 3.19 元。威剛第 3 季合併營收 64.93 億元，季增 16.49%，年減 25.82%，毛利率 16.22%，季增 7.73 個百分點，年增 9.54 個百分點，營益率 6.18%，較上季轉正，年增 5.59 個百分點；稅後純益 4.23 億元，季增 2.68 倍，年增 8.5 倍，每股純益 1.94 元。威剛前 3 季累計營收 184.73 億元，年減 25%，毛利率 12%，年增 6 個百分點，營益率 1.43%，較去年同期的 - 1.05% 轉正；稅後純益 6.96 億元，年增 2.21 倍，每股純益 3.19 元。威剛表示，今年 7 月起，因國際貿易紛爭和新品上市備貨需求，記憶體現貨價陸續回升，下游客戶備貨態度轉積極，在採購及庫存管理雙重優勢發揮下，第 3 季本業獲利大躍升，超越上半年。威剛強調，第 4 季起國際大型資料中心訂單陸續回溫，且新款智慧手機記憶體搭載容量提升，加上 5G、AI 與車用電子相關需求支撐，記憶體需求將增溫，明年記憶體價格水準可望優於今年表現。
364,2019/11/11,群聯Q3純益與EPS同創高 前3季每股賺16.71元,快閃記憶體控制晶片廠商群聯 () 今 (11) 日公告第 3 季財報，稅後純益 16.31 億元，季增 1.09 倍，年增 16.26%，每股純益 8.28 元，稅後純益與每股純益雙寫新高，前 3 季稅後純益 32.92 億元，年減 6.51%，每股純益 16.71 元。群聯第 3 季合併營收合併營收 123.94 億元，季增 26.69%，年增 12.26%，毛利率 27.42%，季增 5.18 個百分點，年增 1.65 個百分點，營益率 13.99%，季增 3.09 個百分點，年增 0.06 個百分點；稅後純益 16.31 億元，季增 1.09 倍，年增 16.26%，每股純益 8.28 元。群聯前 3 季累計營收 315.2 億元，年增 2.79%，毛利率 24.33%，年增 1.55 個百分點，營益率 12.27%，年減 0.28 個百分點；稅後純益 32.92 億元，年減 6.51%，每股純益 16.71 元。群聯表示，與去年同期相比，第 3 季記憶體模組出貨量年增 29%，SSD 與 eMMC 成品成長近翻倍，且今年前 3 季記憶體模組出貨總位元數更成長逾 1.05 倍；群聯看好，因應購物節來臨，客戶將進行補貨應戰，對第 4 季營收持續帶來正面挹注。群聯董事長潘健成指出，今年前 3 季營業費用較去年同期上升 21%，主因為持續投資先進製程的次世代快閃記憶體控制晶片 IC，加上深耕佈局高階儲存應用包含伺服器市場、工控市場、與車載應用市場等，需更多高階人力與驗證流程與設備。群聯業外轉投資金士頓電子 KSI 方面，第 3 季認列損失逐漸縮小，除受惠產業旺季助攻，佈局已久的嵌入式應用市場也逐漸看到成果。
365,2019/11/11,中火今年減煤降載雙創紀錄 台電籲中市府不應變相懲罰,中火用煤量近來引發關注，台電今 (11) 日指出，今年中火降載及減煤已見成效，估全年可降至 1300 萬公噸左右，不僅遠低於許可使用量，更創下減煤最多紀錄，明年目標拚減至 1260 萬公噸，針對中市府主張將年用煤量改為 1104 萬公噸，台電呼籲，細節規劃宜全盤考慮，不應變相懲罰落實減煤規定的中火。台電指出，今年在供電情勢好轉下，積極自主減煤，亦配合台中市府要求，中火落實擴大降載，1-10 月降載 363 次，減發 42.3 億度電，為去年同期減發 20.8 億度的 2 倍以上。減煤方面，中火預估今年用煤量可低至 1300 萬公噸左右，相較於去年的 1597 萬公噸，足足減用近 300 萬公噸，不但創下中火 10 部機商轉以來的歷年最低燃煤用量，也寫下史上減煤最多記錄，台電強調，今年會確實遵照許可證內容操作，絕不超用。針對中市府近期主張年用煤量改為 1104 萬公噸，台電表示，這涉及減煤 4 成的計算基礎，此做法恐讓未超用、遠低於許可使用量的中火而受到懲罰，意即在用量限制內應「燒好燒滿」？長遠來看恐更不利於環保減排，台電強調，減煤政策立意良善，但細節規劃宜全盤考慮，以免產生反效果。展望未來，台電表示，中火將持續推動減煤，明年將依照「許可使用量」2100 萬公噸減煤 4 成為目標，即以 1260 萬公噸為努力方向。目前中火 9 號機操作許可證已屆期，台電 7 月即提出展延申請，市府尚未核准。1 至 8 號機及第 10 號機將於明年 2 月屆期，這 9 部機組預計本月下旬提出展延申請。
366,2019/11/11,〈世界經濟調查〉景氣緩、不確定因素多 全球氣候指標連5季下降,"德國 ifo 經濟研究院今 (11) 日發布第 4 季全球經濟氣候指標 (World Economic Climate)，從上季的 - 10.1 點下降至 - 18.8 點，連續 5 季下滑，為 2009 年第 3 季以來新低，國發會經濟處處長吳明蕙表示，全球經濟持續受地緣政治、貿易戰影響，未來經濟發展不確定性因素仍多。吳明蕙表示，ifo 全球經濟氣候指標由上季的 - 10.1 點降至 - 18.8 點，受國際貿易紛爭未解等風險影響，全球經濟續呈趨緩，專家也對全球經濟看法保守，其中，對現況與對 6 個月後預期評價，降為 - 16.4 點、-21.1 點，分別季減 11.0 點、6.4 點，專家也預期，未來全球貿易成長動能將明顯減弱，企業投資與民間消費也將弱化。依區域來看，吳明蕙表示，美國等先進經濟體，對 6 個月後預期評價降幅較大，對現況評價雖為正向但也持續下滑，新興市場同樣對現況評價持續下降。吳明蕙進一步表示，全球經濟氣候指標降至 2009 年第 3 季金融海嘯以來低點，但主要經濟體的實質經濟成長率其實不差，主要是全球地緣政治、貿易局勢不確定因素大，導致未來經濟成長不明朗，且多數廠商趨向保守觀望所致。德國 ifo 經濟研究院對全球 117 個國家、1230 位專家進行第 4 季世界經濟調查 (World Economic Survey, WES)，調查時間為 10 月 1 日到 10 月 9 日，台灣部分由國發會發出 11 份回收 10 份，另由 ifo 發出 6 份報告，共計 16 份。"
367,2019/11/11,「媲美星港財管方案」將採差異化管理 資優生才能上場,金管會今 (2019) 年底將推出「媲美星港財管方案」，要搶攻高資產客戶商機，金管會主委顧立雄今 (11) 日表示，將採「差異化管理」方式，合格的銀行才能加入此方案，先以三年試辦概念先行，辦得好的銀行才能取得續承作此方案業務的資格。顧立雄表示，現在適逢香港變局，加上又有美中貿易戰，國際資金移動，是「天時地利人和」的好時機，因此金管會正積極研擬「媲美星港財富管理方案」，但是此財管方案僅開放給高資產客戶，基於風險考量，因此不是目前 37 家國銀都能加入「媲美星港財管方案」。顧立雄表示，今年底將公布財管方案，將採「差異化管理」方式，屆時會一併公布篩選銀行的標準，合格的銀行才能加入此方案，先以三年試辦概念先行，辦得好的銀行才能取得續承作此方案業務的資格。
368,2019/11/11,〈工商界提建言〉王文淵：台灣不該處處抄襲大國 應效法瑞士等小國思維,全國工業總會今 (11) 日舉行「第 73 屆工業節慶祝大會」，理事長王文淵表示，台灣應以小國思維，參考瑞士等國經驗來規劃，才有助國家經濟發展，並再度呼籲政府營造良好投資環境，讓企業能合理、合法根留台灣，並儘速完成兩岸貨貿協議的簽訂、加速與東協等貿易國簽自由貿易協定，或爭取加入 CPTPP。王文淵致詞時表示，近來國際間受主要國家貿易爭端未決、中國大陸經濟放緩、地緣政治風險升溫等影響，全球經貿動能持續走弱，台灣也不例外，雖然台灣受惠轉單效應與台商回台挹注出口及投資動能， 但今年預估經濟成長率仍比去年低。王文淵指出，政府自年初推出台商回台投資行動方案以來，至 10 月 24 日止，已爭取 149 家優質台商，預計帶回 6200 多億元資金投資台灣，創造近 5.5 萬個就業機會，產業界對此感到肯定。王文淵也強調，為讓優質台商能長期根留台灣，自己曾於今年 4 月提過，對產業界來說，最重要的並不是需要政府多大的獎勵，而是希望政府能營造良好的投資環境，讓產業界能在合理及合法的條件下，根留台灣，全力發展經濟， 這才是產業界最需要的。除營造良好投資環境，王文淵認為，台灣是一個小地方，不能在法律、金融、產業、環保、勞工等各方面，處處抄襲美國等大國，而是要更瞭解自己的優勢及弱點，務實以自己的需求為依歸，以小國思維，參考如瑞士、比利時、荷蘭及丹麥，甚至新加坡等國經驗來規劃，才能真正有助國家經濟發展。王文淵舉例，日前自己代表台塑企業所屬的一家公司前往瑞士，與瑞士某家公司簽合作合約，順便參觀該公司的紡織工廠， 發現他們在紡織業技術的創新及工廠管理等方面，有許多值得學習的地方，因他們處處以小國思維出發，注重研發創新高值化產品 ，雖然產量小、工資高，但品質好、附加價值高，合作後將能結合雙方優勢，共同開發另一個高值化產品的歐洲及亞洲市場。王文淵並再度強調，兩岸經貿關係緊密，去年中國是台灣第一大出口市場，占台灣出口 41.2%，也是第一大進口來源地區，占台灣進口 19.3%，呼籲政府應儘速完成兩岸貨貿協議的簽訂，以維繫兩岸密切經貿關係，協助台商順利拓展中國內銷市場。同時，王文淵也說，盼政府能協調中國，加速與東協等主要貿易國簽訂自由貿易協定，或積極爭取加入 CPTPP 等區域經濟整合組織，以取得與其他國家在國際上相同競爭地位。此外，美中貿易戰已對台商帶來嚴重衝擊，政府應提出具體因應策略，避免產業面臨斷鏈危機。
369,2019/11/11,傳統旺季、台商回流帶動景氣 7成上班族願投身製造業,儘管台經院公布 9 月製造業景氣燈號維持代表衰退的藍燈，不過已連續 2 個月上揚，加上下半年是傳統旺季，台商回流將持續帶動景氣升溫；根據人力銀行調查，有 7 成上班族願投身製造業，主要原因為工作機會多、薪水好及福利佳。根據 1111 人力銀行調查，有 7 成上班族與製造業有淵源，其中包含目前從事製造業 (33.6%)、曾經從事製造業 (20.6%)，以及想要投入製造業 (15.4%)。整體而言，上班族想投入製造業的原因包括工作機會多、薪水相對較好、員工福利好以及離家 / 學校近等。人力銀行進一步交叉分析，想要轉戰製造業的比例最高的分別是百貨販售、民生服務以及資訊科技業的上班族。調查也發現，有意進入製造業的上班族，為了跨入產業願意提前做的準備包括累積相關經驗、提升專業技能、考取專業證照 / 證書以及精進外語能力。而在製造業最令上班族羨慕的特有福利則包括有績效獎金、豐厚年終、分紅配股、國內外旅遊補助與健康檢查。人力銀行職涯發展中心總經理李大華表示，儘管美中貿易戰膠著，讓製造業在上半年受到景氣波及，但下半年是傳統的生產旺季，也是歐美消費性產品的出貨高峰，包括 AI 人工智慧及 5G 等新科技應用，加上近期台商回台投資擴增產能，讓製造業景氣可望在明年度止跌回穩。根據工研院預估，2020 年製造業產值將達到 19.18 兆元，成長率 1.28%，製造業有機會翻轉上半年成長減速的陰霾。
370,2019/11/11,台股盤後─權值股軟腳+獲利了結賣壓 放量跌破11500點 恐回測月線,MSCI 再次調降台股權重，且大盤處歷史相對高檔，面對美中貿易戰不確定性陰霾再度籠罩，獲利了結賣壓先行出籠，台股指數今 (11) 日平低盤開出後越走越低，最低一度跌至 11409.83 點，終場收 11427.28 點，下跌 152.26 點，成交值放大至 1493 億元，法人指出，台股指數今日放量見長黑 K 棒，五日線向下彎也跌破十日線支撐，短線恐測月線支撐 11360 點，不過，中長多格局尚未遭嚴重破壞。權值股今日未能發揮撐盤力道，甚至加重大盤疲態，可成重挫 8%、國巨跌近 8%，鴻海、大立光跌 3%，聯發科、正新和新光金跌逾 2%，華碩、廣達、台塑化、南亞科、中壽、台積電、台化、華南金、台泥、彰銀和寶成等均跌超過 1%，顯示電金傳產大型股均走弱，僅和泰車、中華電和台哥大等守在盤上。從細族群來看，日前表現強勢的前鼎重挫逼近跌停作收，同為光收發模組相關業者的聯鈞和眾達 - KY 也跌逾 3.5%。被動元件同樣相當弱勢，隨著國巨重挫，華新科也跌逾 7%，信昌電和蜜望實跌 4%，禾伸堂則有 2% 跌幅光纖相關族群中，上詮跌停，台通和波若威跌逾 3%；而光環和華星光跌超過半根停板。日前在大盤中領漲的砷化鎵族群見獲利了結賣盤，環宇 - KY 跌 8%，宏捷科跌 5%，全新跌 3%，穩懋跌 2%。而電子材料族群中，立凱 - KY 重挫逾 8%，康普跌 3%，美琪瑪則跌逾 1%。法人表示，近期外資買單已有逐漸減弱的跡象，加上大盤 KD 指標交叉往下、開口擴大，大盤短線恐將面臨整理；另外，美國總統川普再次對外宣稱「尚未」同意中國提出的取消貿易戰期間加徵關稅要求，市場解讀，美中談判仍有變數與隱憂，導致市場心態漸趨於調節，除非出現突發的利多再次激勵，否則，短線恐將以高檔震盪回檔整理格局為主。
371,2019/11/11,〈雙11捎捷報〉富邦媒開跑10分鐘業績破億元 熱銷10大夯品iphone居冠,富邦媒 () 旗下 momo 購物網今 (11) 日進行年度盛事雙 11 購物節傳捷報，開跑不到 10 分鐘業績即破億元，momo 統計，雙 11 開跑後 1 小時，累計網站湧入人數高達 80 萬人，為平日的 3 倍，業績更較平日成長 20 倍。富邦媒統計，至上午 9 時即時在線人數較平日成長 3 倍；訂單數也較平日成長 7 倍，推升業績較平日同時段成長 20 倍，熱銷十大商品包括 iPhone 11 Pro Max、dyson 手持無線吸塵器、Lenovo 電競筆電、SAMSUNG Galaxy Note 10+、倍潔雅衛生紙、滿意寶寶紙尿褲、Ariel 3D 洗衣膠囊、3M 細滑牙線棒、嬌生純水柔濕巾和摩洛哥果油。富邦媒看好，買氣越晚越旺， momo 雙 11 晚會將在 momo 電視購物 2 台、momo 購物相關 APP 和網路平台播出，全檔期業績衝高可期。除台灣雙 11 買氣高度熱絡，掀起全球雙 11 風潮的淘寶天貓也創紀錄，據其統計，11 月 11 日零點剛過 1 分 36 秒，天貓雙 11 成交總額突破 100 億元，比去年快了 29 秒，再次刷新天貓雙 11 的紀錄，達到每秒 54.4 萬筆，是 2009 年第一次天貓雙 11 的 1360 倍。阿里巴巴指出，66 個最大的家電和手機品牌的官方旗艦店共推出破百億元的補貼活動，估計可為消費者節省逾 500 億元，看好今年參與天貓雙 11 的用戶人數將增加 1 億人，顯示電商市場的強勁成長力道。
372,2019/11/11,【運達投顧】後半週是拉抬關鍵,"台股連三天整理今天並回測 10 日線，由於下週三是結算，上週說明本週後半週是台股拉抬的時刻，所以整理還須幾天，今天指數下跌沒有暴量，量價未失控，本周觀盤及操作重點分析如下：1. 週五美股受美中貿易協議稍有雜音影響，指數開低後但仍拉尾盤收高，美股再創歷史新高。關於貿易協議川普表示「尚未」同意取消對中「全部」關稅，但副總統彭斯幕僚透露白宮非常樂觀美中年底前將完成並有望簽署第一階段協議。他說：「我們非常樂觀，第一輪將會完成，有望在今年年底前簽署。與中國的第一階段貿易協議可能在 12 月 15 日之前達成。」依照目前訊息來看貿易協議應該可順利達成，有機會部分取消關稅。由於美股至今都還在創歷史新高，多頭指標仍續強，那麼本週起要留意的是落後補漲股 (亞股) 可否轉強。上週我們就國際股市的結構做過說明：目前在型態上韓、港股都已經突破 9 月前高，若是陸股也可過 9 月高點，那麼落後的韓、港、陸股還有再往上挑戰高點的機會，當亞股都能走補漲，台股就還有挑戰 12682 點的實力。陸股從 5 月份貿易戰至今在型態上已經打出一個頭肩底，若是陸股可以突破前高 10/14 的 3026 點，那麼頭肩底型態完成陸股的補漲才剛要開始，對於漲多的台股仍有拉抬效應。所以本週起多方的觀盤指標要放在陸股，只要陸股不走弱台股也不會有大幅度拉回的風險。2. 股市的上漲重心在資金面，就外資 10 月份以來已經大買超了 1736 億元，可是投信只有小買 14 億、自營商還賣超 88 億，反倒是融資增加 90 億散戶近場比本土法人多，以此來看本土投信、自營商的持股仍屬低水位，所以外資有軋投信持股不足的機會。近日市場預期中美貿易談判有望達成初步協議，再加上全球央行維持低利政策，使全球股票基金在 11 月初的單周資金流入額高達 75 億美元 (約 2,280 億元)，創下近兩年來最快速度，由於聯準會今年降息已經結束明年是否降息還要看通膨是否增溫，所以殖利率的下跌先告一段落也使得債券下跌，資金從債券市場流向股市，這也造就全球股市仍持續上漲。若搭配匯率的角度來看，上週我們提示目前美元與都在升值對於的影響有一定的程度，所以這裡要看美元與到底哪一個強，這將決定資金是否可持續流向亞股推升股市，目前維持在破 7 但也沒進一步的升值，若貿易協議順利完成，相信還有進一步升值的空間。美元目前也在 98 元附近，這裡還須觀察美元與哪一個比較強。3. 在操作面 11 月起台股因為受限漲多指數開始震盪，很多高位階股也都紛紛出現拉回，我們試想若一堆高位階的個股拉回，目前仍靠權值股撐盤指數不墜，若這些拉回的個股也來到支撐區後，那麼資金又會輪迴到這些經過修正的股票，屆時又會帶動台股往上漲。所以目前操作尚須等待這些漲多股修正近尾聲後再進場，現階段可先留意與指數無關的生技股。※以上內容由蕭春源分析師 整理提供，投資人於投資前請審慎評估，遵守紀律，嚴設停利停損。"
373,2019/11/11,〈南港世界明珠動工〉辦公大樓每坪成交價上看120萬元 住宅已有香港富豪接洽,南港輪胎 ()「世界明珠」開發案今 (11) 日動工，榮譽董事長林學圃表示，世界明珠擁有高標準安全規模，用來當總統官邸一點也不為過，他並透露，辦公大樓每坪成交價上看 120 萬元，且住宅大樓已有台灣前 30 大企業家下訂，香港富豪也正接洽中。林學圃致詞時表示，世界明珠 4 年後就會完工，將是全台第一座符合綠建築與核電廠防震等級的住宅，以這樣高標準的安全規模，用來當總統官邸一點也不為過。林學圃也說，從現在開始，責任將一天比一天重大， 世界明珠要走向國際，有朝一日會成為台灣之光，要證明 60 年老字號的南港輪胎，不只輪胎有口碑，蓋的房子也一定不會讓大家失望。「世界明珠」開發案總銷規模高達 1000 億元，全案基地 9453 坪，總樓地板面積達 7 萬坪，規劃 2 棟頂級七星級辦公大樓、商場，及 6 棟住宅大樓，共有 8 大棟地標建築，住宅約占 49.1%、辦公大樓約 42.5%、商場 6.7%、藝文展演占 1.7%。而商場已與微風集團簽約，租約為 20 年。該開發案是台灣史上規模最大的單一預售案，由南港輪胎子公司南榮開發建築負責，聯強國際已斥資 50.87 億元，取得辦公大樓 15 個樓層，將作為聯強集團全球營運總部，每坪成交價高達 100 萬元，也創下南港辦公室行情最高價。華邦電也擬斥資不超過 8.5 億元，購置辦公大樓其中 2 樓層。林學圃透露，目前辦公大樓已有賣方出價每坪 120 萬元，且除辦公大樓外，住宅大樓詢問度也相當高，已有台灣前 30 大企業家下訂，也有香港富豪透過管道接洽。
374,2019/11/11,國際廢鋼反彈小漲 豐興廢鋼、鋼筋盤價連2平,鋼筋大廠豐興 () 今 (11) 日開出本周盤價，在國際廢鋼築底反彈帶動下，本周廢鋼、鋼筋連 2 周開出平盤，型鋼雖然基價平盤，但 MQ 產品每噸則下跌 500 元。國際行情方面，美國大船廢鋼本週無報價，日本 2H 廢鋼本周每噸小漲 4 美元至 252 美元，美國貨櫃廢鋼本週每噸也小漲 4 至 242，澳洲鐵礦砂由每噸 85 美元下跌至 79.9 美元。豐興本周開出平盤，廢鋼收購價每噸 7500 元、鋼筋每噸 1.57 萬元、型鋼基價每噸 2.05 萬元。豐興認為，目前看來廢鋼底部已經成形，加上 12 月開始天氣轉冷，廢鋼採集不易，可望啟動新一波漲勢，另外，第 4 季以來，國內廢鋼買氣升溫，均可望支撐後續盤價以及營收表現。豐興前 10 月營收 229.81 億元，年減 11.1%、受到主要獲利的產品棒線需求不振，產品組合改變，營益率 7.4%，較去年同期減少 3.55 個百分點，稅前盈餘 19.83 億元，年減 33.9%，每股稅前盈餘約 3.4 元。
375,2019/11/11,彩晶中小尺寸出貨動能延續 Q4營運估持平Q3,中小尺寸面板廠瀚宇彩晶 () 第 3 季營運持平第 2 季，力抗面板競爭壓力，展望第 4 季，彩晶預期，出貨量與面板價格將持穩，估第 4 季整體表現將持平第 3 季，其中受惠手機客戶拉貨遞延，彩晶中小尺寸面板出貨出貨動能，可望延續至 11 月。彩晶表示，下半年面板價格回溫，但並未明顯反彈，預期第 4 季面板價格將持穩，而隨著手機面板朝 6 吋以上發展，將逐步擴大中小尺寸出貨比重，同時提高工控、車載比重，力抗產業逆風，第 4 季訂單能見度還不錯，估營運可持平第 3 季。法人表示，相較面板雙虎友達 ()、群創 () 受大尺寸面板價格崩跌影響，前 3 季表現疲軟，彩晶主攻中小尺寸面板，在手機品牌廠陸續推出新品帶動下，產品出貨動能可望延續至 11 月，全年仍可維持獲利。產品組合方面，彩晶第 3 季 6 吋以下手機面板產品營收比重 28%、季減 5 個百分點，6.2-10.1 吋中尺寸則占 58%、季增 4 個百分點，11 吋以上大尺寸面板產品則占 14%。 彩晶指出，今年第 3 季總出貨量季減約 5.3%，換算 19 吋約達 401.1 萬片，產品平均售價約為 34 美元 (約 1034 元)，較上季增加 1 美元，產品出貨方面，中小尺寸出貨量約為 9700 萬片，大尺寸面板出貨量約為 40 萬片，自有品牌產品出貨量約為 11 萬台。彩晶第 3 季稅後純益 3.09 億元，季增 0.37%、年減 41.46%，每股純益 0.1 元；累計今年前 3 季稅後純益 8.01 億元，年減 64.1%，每股純益 0.26 元。
376,2019/11/11,中華食品Q3寫三個新高 前3季EPS 2.59元,中華食品 () 公告第 3 季財報，單季營收、毛利率及稅後純益，皆改寫新高，毛利率突破 4 成，每股純益衝上 1.05 元，累計前 3 季純益 2.09 議員，年增 10.5%，每股純益 2.59 元。中華食品第 3 季營收 4.1 億元，毛利率 41.95% 創新高，季增 2.72 個百分點，年增 5.02 個百分點，稅後純益 8455 萬元，創新高，季增 17.95%，年增 28.28%，單季每股純益達 1.05 元。中華食品前 3 季營收 11.71 億元，毛利率 38.41%，年增 0.87 個百分點，累計 2019 年前 3 季稅後純益 2.09 億元，年增率 10.52%，每股純益達 2.59 元。中華食品指出，為追求生產效益及產能更新，高雄大樹及屏東潮州廠「兩廠合一」投資案將執行，此新啟動的投資案，已納入未來 5 年產能擴張考量。
377,2019/11/11,聖暉接單雙位數成長 明年營運可望轉強,半導體設備廠聖暉 () 今 (11) 日表示，第 4 季營運將優於去年同期，不過全年受到今年上半年影響，營收、獲利難逃衰退，但聖輝指出，第 4 季開始訂單逐漸回流、能見度高，接單金額較去年同期約成長雙位數，預計明年下半年會是營收認列高峰，可望挹注明年營運。法人估，聖暉今年營收將雙位數下滑，年減 15%，約 123 億元，明年則可望隨著半導體資本支出回溫，營收年增雙位數，力拚持平去年 142 億元。聖暉指出，目前聖暉、聖暉系統、朋億 () 等營收比重約各 3 成，其中半導體為主，比重約 5-6 成，以目前訂單金額來看，3 家皆較去年同期成長，增幅雙位數，預計明年下半年是營收認列的高峰，朋億及聖暉蘇州部分，有機會在明年第 2 季開始發酵。細分地區來看，台灣受惠廠商回流、轉單，建廠及擴廠訂單已明顯較上半年升溫，且供應鏈為分散風險，有少數訂單轉往東南亞，至於中國則因上半年出貨遞延，第 4 季也陸續回溫，有助營運表現。值得留意的是，建廠需求訂單不少，也代表聖暉明年接單將往量少、大金額方向發展，有助營收表現，但相對影響獲利，不過聖暉將優化內部結構，維持獲利應有水準。
378,2019/11/11,前3季電腦及資訊服務營收近2700億元 創歷年同期新高,經濟部統計處今（11）日公布今年第 3 季電腦及資訊服務業營業額 948 億元，創歷年單季次高，年增 12.4%，累計前 3 季營收高達 2686 億元，為歷年同期新高，年增 8.8%，其中，電腦程式設計業貢獻最多，年成長 7.6%，資訊服務業則年增 12.5%。經濟部指出，由於企業用戶電腦軟硬體、5G 通訊技術等多元整合服務增加，加上網路數據交換應用需求成長，第 3 季電腦及資訊服務業營業額 948 億元，年增 12.4%，其中，電腦程式設計業高達 711 億元，創歷年單季第 3 高，年增 11.9%。資訊服務業第 3 季營業額 237 億元，為歷年單季新高，主要因網站拍賣平台之管理業者促銷推廣，加上代客處理主機服務及交友社群平台的廣告效益等業績成長，帶動營收年增 13.9%。專業技術服務業的部分，根據統計，第 3 季營業額 824 億元，年減 1.5%，其中管理顧問業因去年同期企業經營、財務管理及網路通路行銷等大型諮詢業務較多，比較基數高，加上人力管理顧問業務減少所致，年減 9.7% 最多。廣告業及市場研究業因電視行銷廣告及戶外廣告等收入減少，抵銷手遊及線上廣告之營業成長，營收年減 0.5%；專門設計業 182 億元，因汽車及電子產品等設計接案量增加，年增 5.1%；攝影業受惠明年選舉，戶外海報影像輸出服務業績成長，及婚紗攝影因結婚對數較去年同季增加，營收年增逾 1 成。租賃業第 3 季表現不俗，根據統計，營業額 346 億元創歷年單季最高，年增 2.6%，其中，運輸工具租賃業因企業用戶長租業務穩定成長，及汽車租賃業者多角化經營奏效，帶動營收成長 6.6%，達 230 億元，創歷年單季新高。不過，個人及家庭用品租賃業因本季天候不佳，致戶外運動及休閒娛樂用品出租業績衰退，年減 1.6%；機械設備租賃業雖工業用機械設備租用需求增加，惟辦公用及營造用機械設備出租業績下降，致年減 5.2%。
379,2019/11/11,金管會擬評估台股兩大制度 放寬漲跌幅限制、延長股市交易時間,台股至今維持史上最久萬點行情，立法委員曾銘宗今 (11) 日建議，趁著股市高檔，應與國際接軌，放寬漲跌幅限制、及延長股市交易時間，金管會主委顧立雄對此表示，放寬漲跌幅要考慮散戶接受程度，至於延長股市交易時間，券商反彈恐更大；不過曾銘宗仍要求金管會評估，顧立雄允諾評估後提出報告。曾銘宗表示，台股漲跌幅限制相對國際較小，2015 年擴大漲跌幅到 10%，現在韓國股市的漲跌幅是 30%，日本是 14-30%，新加坡、香港、倫敦及紐約都沒有漲跌幅限制，現在股市高檔，金管會應研議更多措施、檢討制度。對此，顧立雄指出，各市場不同狀況，有些國家甚至沒有漲跌幅限制，例如歐美，上海股市漲跌幅 10%，東京則根據不同股價範圍漲跌幅有不同級距約 14-30%，所以市場不同、情況不同，「上任迄今，外界沒有要求放寬漲跌幅建議」，且台股自然人比重比歐美國家高，如果再放大漲跌幅，可能要考慮散戶接受程度。延長股市交易時間部分，曾銘宗認為，我國股市交易時間 4.5 小時，國際上主要國家股市除上海 4 小時，比台股短，其他國家幾乎都比台股長，國際股市平均交易時間 5.9 小時，台股交易到 1 點半，海外股市都還在交易，如此一來不利避險，詢問顧立雄是否進一步評估？顧立雄表示，證券商對延長股市交易時間，比放寬漲跌幅反彈更大，因為券商交易成本將大幅增加，延長方案也涉及權證造市等問題，券商對此議題態度仍保守。曾銘宗認為，金管會必須作與世界接軌的事，顧立雄回應，金管會會納入評估，但這兩個議題「茲事體大」，尤其延長股市交易時間要分早晚盤，與投資人習慣不同，金管會將聽取各界意見，評估過後提出報告。
380,2019/11/11,【群益證券】群益權證週報,"台股上市股近期明顯占優，然週五 (11/8)MSCI 的權重調整，特別是台積電() 的走勢，限制了大盤進一步的推升。在外資連續 20 個交易日買超行為中，週五買超金額 15.19 億為走期內最低，台積電更已連續 2 個交易日出現賣超。週市場的主要趨動力在鴻海 () 大漲 7.19%，其次在金融股、上市光電、電腦及週邊類股表現相對強勢。新光金 ()、國泰金()、開發金()、元大金()、大立光()、和碩()、新普()、宜鼎() 等扮演主要趨動力。上市半導體指數漲 1.67%，表現略遜於電子指數，但優於大盤；台積電與聯發科 () 雖出現技術調節，但週表現優於分類指數。權證發行標的中，建準 ()、南茂()、健鼎()、康友 - KY()、和碩、健策()、元太()、鈺齊 - KY(9802)、宜鼎、金可 - KY()、新日興() 與兆利 () 等股價表現佳。整體權證市場日均量在鴻海與台積電的帶動下來到 33.53 億，日增 2.46 億，流通在外張數站上 500 萬張，流通在外市值也一度突破 50 億，整體規模向上提升。鴻海與台積電的成交占比分達 5.67% 與 5.18%，其他成交占比提升的標的包括大立光、玉晶光 ()、可成()、台光電()、緯穎()、智邦() 與康友 - KY 等。整體部位變動上，認購權證加碼 3 萬餘張，但權利金額減碼 4,200 萬；認售權證加碼 9.8 萬張，權利金額增持 8,100 萬，合計看空交易 1.23 億，權利金增持 3,900 萬。投資人看多交易標的以瀚宇博 () 的 3,400 萬最多，緯穎與穩懋 () 在 2,000 萬以上，智邦、神盾 ()、新日興、緯創、華通() 與聯茂 () 也都達 1,500 萬以上；看空交易標的則以鴻海的 7,200 萬最多，大立光 4,300 萬次之, 聯詠 ()、可成與元大 S&P 石油正 2() 超過 3,000 萬。進一步觀察個別標的認購、售加減碼，鴻海認購權證被減碼達 5,700 萬，認售權證加碼近 1,600 萬。認購權證減碼較多的標的另有大立光 4,300 萬、聯詠與可成約當 3,500 萬，元大滬深 300 正 2()與元大 S&P 石油正 2 皆超過 2,000 萬，鈊象 ()、亞德客 - KY()、致伸()、國泰中國正 2()、健策、聯電()、上銀()、緯軟與旺宏() 均減碼逾千萬。在認售權證的加碼部分，加碼近 1,800 萬、環球晶 () 近 900 萬、元大 S&P 石油正 2 也達 800 萬，台積電與台灣 50()也出現 600 萬以上的加碼，從偏空交易的族群中可看到，市場對石油與陸股 ETF、與台灣 50ETF 系列、權值與大蘋概標的等，採相對偏空操作。認購權證加碼標的相對分散，追價的包括瀚宇博的 3,400 萬、低接股緯穎約 2,800 萬，其他 1,600 萬以上的標的包括聯茂、新日興、緯創、神盾、智邦、穩懋與華通，千萬以上加碼的標的另有和碩、群聯 ()、良維()、欣興()、創意() 與智易 () 等。權證市場本週對於商品類 ETF 的交易轉熱，加碼元大正 2(00708L)的認購，偏空操作元大石油正 2。MSCI 新標的受到不少投資人納入權證交易的觀察清單，唯外資加碼是否持續，對指數而言動見觀瞻。過去一週，台積電、鴻海與大立光競演之餘，金融股同步攻堅參戰，若參考本週認購加碼的分散多元，市場寄望中小標的族群加入戰局。大標的或需在本週進行技術調整，連帶進行大盤短期乖離調整，但以現階段全球市場的風險偏好，仍建議維持偏多操作，例如認購的來回操作以配合市場。"
381,2019/11/11,台股盤中—蘋概、被動元件殺聲隆隆 挫逾百點上周漲幅全吐回,台股今 (11) 日受亞股走弱拖累，加上大型蘋概、被動元件等族群走勢疲弱，持續拉回修正，盤中重挫逾百點，把上周漲幅全數吐回，今日預估成交量 1500 億元。美股雖然上周五再創高，不過本周亞股走弱，加上香港反送中情勢再度升溫，重挫 600 點，日、韓指數也同步下挫，進一步拖累台股表現。觀察今日蘋概股表現，鴻海盤中下挫逾 3%、大立光也一度下跌 2.5%，台積電下挫逾 1%，三王同步走弱下，也影響其餘蘋概股表現同步低迷。機殼大廠可成、鏡頭廠玉晶光早盤雙雙重挫逾 6%，觸控模組廠宸鴻 TPK-KY 挫逾半根跌停、軸承廠新日興也跌逾 4%、代工大廠廣達也跌逾 1%。除蘋概股外，今日被動元件族群也同步弱勢，國巨下挫 7%、華新科也跌半根跌停，大毅下挫 6%、鈞寶、智寶、信昌電、九豪等下挫約 4%、光頡、禾伸堂、聚鼎等也同步走弱。其餘電子股方面，面板雙虎友達及群創、記憶體相關的華邦電、南亞科、旺宏也是同步走弱，筆電雙 A 華碩、宏碁等也均有 1-2% 的跌幅，另外，傳產中的億豐下挫 3%、輪胎廠正新、南港等表現也弱勢。PCB 族群個股今日多有表現，華通午盤前大漲近 7%、欣興也漲逾 4%、健鼎漲逾 2%、定穎、南電、敬鵬、瀚宇博等午盤前也力守平盤之上。法人分析，雖然近期國際利多消息頻傳，但台股已先行反應，加上位階偏高，利多出盡的情況下，修正壓力也大，雖然台積電、聯發科等個股多方格局不變，有助支撐大盤指數，但仍需慎防中小型個股獲利賣壓持續出籠。
382,2019/11/11,大同董事改選爭議 公司派將上訴抗辯,大同 () 2017 年股東會以資格審查名義，將市場派提名董事人選全部剔除，高等法院作出二次判決、選舉無效，大同表示，判決尚未定讞，將委託律師上訴三審依法論法，逐一抗辯。大同指出，依公司法及主管機關經濟部多項函釋規定，辦理 2017 年董事及獨董選舉提名審查作業，但高院判決稱，其判斷並不受經濟部規定拘束，大同強調，高院判決理由與法令諸多不符，對此遺憾。大同強調，改選審查程序具公益性，股東提名的候選人均採同一標準審查，是維持董事選舉公平，因此依法召開股東會，選舉董事及獨立董事，程序上具正當性、合法性。大同表示，二審判決非確定判決、尚未定讞，106 年股東會董事選舉效力不受影響，對公司財務、業務與營運無影響，並將委託律師上訴三審依法論法，逐一抗辯，以維護大同及全體股東權益。大同 2017 年召開股東會，全面改選 6 席董事、3 席獨董，不過，大同董事會以審核資格名義，剔除市場派提名人選，公司派提名人全部當選。市場派日前則指出，大同本屆董事會欠缺合法的法律基礎，資格不合法的董事組成董事會所做一切決議都有瑕疵，經濟部應該核准外部股東自行召開股東臨時會立即全面改選董事。
383,2019/11/11,第三屆「南山醫務社工獎」即日起跑 傳遞社會溫暖力量,由衛生福利部擔任指導單位，南山人壽慈善基金會與醫務社會工作協會共同主辦的第三屆南山醫務社工獎，即日起開放報名。為發掘在台灣各地默默付出的醫務社工，本屆醫務社工獎特別擴大推薦管道，邀請全國醫療院所、社工學會、協會與公會、醫務社工相關的團體推薦報名。同時，更提高得獎者獎勵，團體組「典範獎」、「優秀獎」得主將各別獲頒新臺幣 (下同)10 萬元、5 萬元獎金，個人組「典範獎」、「優秀獎」將各別頒予 2 萬元、1 萬元獎金，給予得獎者更實質的鼓勵與肯定。南山人壽慈善基金會自民國 102 年起推動「南山慈善基金－醫療關懷計畫」，與全國 204 家醫院長期合作，深刻感受醫務社工為弱勢服務的奉獻精神，因而與長期推動醫務社工專業發展的醫務社會工作協會發起全國唯一專為醫務社工設立的「南山醫務社工獎」，表揚傑出的醫務社工團隊及個人。藉由遴選、表揚具奉獻服務的醫務社工，並舉辦歷屆得主交流座談會，打造「南山醫務社工獎」成為醫務社工互相激勵成長、共享榮耀的園地。「南山醫務社工獎」發掘許多醫務社工在醫療服務第一線奉獻的故事，開啟了社會對醫務社工的關注。如第二屆團體獎得主天主教聖馬定醫院，建構在地化社區小站，定期到宅關懷服務獨居老人並協助陪同就診，守護社區長輩的健康；彰化基督教醫院則成立全台首創的喉癌合唱團，激勵病友走出疾病陰霾；或像衛生福利部臺北醫院在面臨重大災難意外時，發揮專業，扮演醫病溝通橋樑，協助與陪伴病患、家屬共度身心難關。第二屆個人獎得主方面，如林口長庚紀念醫院彭曉筠在服務燒燙傷病患時，串聯社福資源協助病患展開新的人生；台大醫院雲林分院潘彥辰長期投入器官捐贈工作，以高度的同理心，照顧個案及家屬的社會與心理上需求；天主教聖馬爾定醫院鄭荃方則從安寧病房到居家服務，陪伴病人生命最後旅程，充分發揮醫務社工溫暖與堅定的力量。第三屆「南山醫務社工獎」自即日起至民國 108 年 12 月 9 日 (含) 接受報名，歡迎全國醫療院所醫務社工團隊與個人踴躍報名。本屆活動將邀請來自社會工作主管機關及實務界、醫療領域及社福機構等跨領域專家學者組成的評審團進行遴選，詳細活動內容及報名表請至「南山醫務社工獎」活動網站（）查詢。
384,2019/11/11,電競與SSD出貨暢旺 十銓10月營收月增3成,記憶體模組廠十銓科技 () 今 (11) 日公告 10 月營收 5.74 億元，受惠電競與 SSD 動能強勁，營收月增 31.34%，年減 14.33%，為近 3 個月高點；前 10 個月累計營收 56.21 億元，年減 6.3%。十銓表示，10 月電競銷量較去年同期成長逾 2 倍，帶動電競營收成長 47.79%，SSD 產品線銷售動能同樣強勁，銷量及營收均較上月與去年同期成長逾 1 倍。展望後市，十銓看好，明年包括 5G、人工智慧、物聯網與資料中心等龐大需求將湧現，將持續推廣品牌市占，參與電玩賽事贊助，並積極佈局伺服器市場，有信心明年出貨量將擴增，營收也可望回升。
385,2019/11/11,出口正面+台商回流推動內需 台經院估台明年GDP 2.45%,台灣經濟研究院今 (11) 日發布 2020 台灣總體經濟預測，預估台灣明年經濟成長率 (GDP) 為 2.45%，上修 0.05 個百分點，與多數智庫相同均看好可穩居 2% 之上，但仍低於主計總處預估的 2.58%；台經院仍看好台灣出口可望持續有正面表現，加上台商回流，有助就業、內需表現。台經院指出，去年下半年以來，受美中貿易戰擴大影響，廠商保守觀望、全球經濟需求疲弱，台灣經濟因此受到波及；不過，貿易戰帶來的訂單和生產基地移轉，使台灣資通視聽產品在今年前三季出口呈 20% 以上成長，民間投資同樣有良好表現，推升整體經濟逐季走揚。即將進入 2020 年，台經院認為，美中貿易戰可望緩解、部分生產線轉移回台、5G 基礎建設加速，加上國際原物料價格續跌空間有限等因素，使台灣出口有正面表現。同時，半導體廠持續投資先進製程，而台商回流以及在台加碼投資的廠商將加速國內投資，有助整體就業環境更穩定，並帶動內需。民間消費部分，受惠於基本工資調升、台股基本面穩健，以及台商回台投資效應持續，台經院預料將帶動民間消費升溫，預測明年民間消費成長率為 2.03%。固定資本形成方面，受高基期因素干擾，加上影響國內外經濟成長不確定因素尚存，民間投資有待觀察，不過，政府公共建設適時推出，有利維繫整體固定資本形成動能，預測 2020 年固定資本形成年增率為 4.20%，其中民間投資部分為 3.86%。貿易部分，各主要預測機構皆認為明年全球經貿成長率將優於 2019 年，且台商回流對出口的正面效果持續，台經院認為，明年台灣出口將由負轉正，預測貿易輸出和輸入成長率分別為 3.30% 和 3.45%。另外，在物價及貨幣政策部分，台經院指出，明年國際油價上漲空間應有限，國內物價大幅上漲不易，估消費者物價指數 (CPI) 年增率為 1.10%，而在 CPI 溫和平穩之際，台灣央行的貨幣政策仍將維持動態穩定。
386,2019/11/11,廣達、英業達本周法說 關注伺服器、產能布局等重點,本周進入第 3 季財報公布最後倒數，代工大廠廣達 ()、英業達 () 也將陸續召開法說會，除第 3 季財報，市場將關注廣達在雲端伺服器、Apple Watch、自駕車、產線調整等展望布局，英業達同樣聚焦在產線調整、AirPods Pro 等產品需求狀況。市場日前傳，廣達自明年開始將不再接單組裝蘋果 Apple Watch，雖然廣達不評論相關市場訊息，但積極布局雲端伺服器，董事長林百里日前也表示，未來科技像一架飛機，由雲端、AI、5G、物聯網推動，而雲端就是飛機主體。因應美中貿易戰，廣達近期也積極調整全球產線布局，除了宣布在泰國設立子公司 QMB 外，同時也擴大投資中國轉投資相關企業，台灣方面也將新建華亞園區第三生產大樓，相關建廠擴產進度將成為市場關注重點，另一方面，傳廣達布局自駕車有所進展，已在美國進行測試，預料也是外界關心焦點之一。英業達則將在周二 (12 日) 舉行法說會，日前通過回台投資 48 億元擴廠，包含在現有桃園大溪廠區旁進行增建，以因應伺服器、筆電生產線移回台灣的需求，另外也向中電 () 購置桃園廠房，擴大台灣伺服器生產，相關建廠進度將成法說關注焦點。另一方面，英業達為蘋果 AirPods Pro 主力代工廠，受惠穿戴式裝置需求優於預期，英業達 10 月合併營收達 481.76 億元，月增 6.56%、年增 4.26%，創近 14 個月新高，市場預期伺服器、智慧裝置出貨動能將延續至第 4 季，將關注英業達對第 4 季、明年營運展望。
387,2019/11/11,安控10月營收 陞泰月增7.6% 奇偶月增逾1成,安控廠今 (11) 日公布 10 月營收，受到需求支撐，各家表現回溫，其中陞泰 () 因先前部分訂單調配與出貨遞延，營收達 7617 萬元，月增 7.62%，年增 9.95%；奇偶 () 營收則達 1.19 億元，月增 13.55%，年減 8.38%。陞泰累積前 10 月營收 6.62 億元，年減 11.1%。陞泰表示，北美市場對安控需求量大，在價格上具優勢，若美中貿易轉單效應發酵，可讓安控產業有喘息空間，為滿足新客戶需求，包含晶片、研發、生產到製造等，都將在台灣完成。法人預期，陞泰積極與美國 ODM、OEM 客戶洽談，AI 新品已小量上市，預期轉單效應將從明年上半年開始貢獻營收。奇偶 10 月營收 1.19 億元，月增 13.55%、年減 8.38%；累計前 10 月營收 11.79 億元，年減 5.13%。奇偶日前指出，近期調整產品策略，人臉辨識、人臉偵測等網路攝影機新品已陸續出貨，但由於歐美國家注重隱私，初期難打入市場，需長時間布局，預期未來 5G 商轉後，才有機會大幅成長。
388,2019/11/11,元富證長期關注弱勢孩童議題 獲頒資誠CSR影響力獎,元富證券加入新光金控 () 後積極落實社會企業責任，陸續獲多項 CSR 獎項肯定，此次以宣揚兒童癌症防治觀念的《金絲帶小勇士應援》，獲頒 2019 資誠永續發展第三屆 CSR 影響力獎的「社會共好影響力獎」，元富證券董事長陳俊宏表示，期盼藉此提升大眾對於兒童癌症的重視，並產生更大影響力，讓更多兒癌小勇士受惠。元富證長期關注弱勢孩童議題，陳俊宏指出，今年從長期合作夥伴兒童癌症基金會得知，台灣每年約有 500 位孩童確診罹患癌症，但因兒童表達能力和合作度較差，或者家長對於兒童癌症意識和認知不足，往往導致延遲就醫。因此，元富證特別於 9 月兒童癌症關懷月舉辦台灣首次「金絲帶小勇士應援」活動，透過象徵兒童癌症的金絲帶和議題倡導，提升社會對兒童癌症的關懷與重視，並將此活動製作成影片上傳至 YouTube，以協助更多人認識兒童癌症九大警徵和相關資訊，讓父母們於日常生活中多加注意，以利及早發現問題，在最佳時機就醫。陳俊宏強調，期盼透過金絲帶應援活動，以及病患及家屬的現身說法，使社會大眾正確認知兒童癌症，減少病童在抗癌路上所遭受到的異樣眼光，得到更平等的尊重與對待。第三屆 CSR 影響力獎競賽由資誠永續發展服務公司、資誠教育基金會、坎城國際創意節台灣官方代表共同舉辦，以「善用故事力，創造影響力」為主題，呼應 SDGs LIONS 獎項鼓勵企業經營應面面俱到的五大理念，邀請企業將回饋於社會的案例拍成影片，期望透過影片達到拋磚引玉的效果，帶動社會響應永續經營的風氣。此次元富證券首次參獎即獲評審高度青睞，對元富在社會公益上的努力是莫大鼓勵，元富證表示，未來將繼續落實社會企業責任，持續放大所能帶給社會的正向影響力。
389,2019/11/11,韓國瑜豪宅門疑雲 顧立雄：查無台肥洽詢過金管會函件,立委日前爆料國民黨總統參選人韓國瑜要求台肥借款 2 成房貸，被指濫用特權，台肥趕緊澄清「是向金管會請示後」才提供借款，不過此說法今 (11) 日遭金管會主委顧立雄打臉，顧立雄說，經過查證，沒有找到任何台肥公司 2014 年向金管會詢問的函件。韓國瑜近期陷入 7200 萬豪宅風波，更被爆出用特權向台肥施壓借款，引起各界關注；不過，台肥稍早澄清，過去民眾購屋房貸可貸到 7 成，隨著 2012 年豪宅貸款法令上路，只能取得 5 成貸款，導致許多買家無法負擔，因此要求台肥借款，台肥為此尋求律師幫助並「請示金管會」，才對有需要的住戶提供借款，韓國瑜一家也是其中之一。對此，顧立雄表示，金管會以「台肥」的關鍵字徹底搜尋，經過查證，沒有找到任何台肥公司 2014 年向金管會詢問的函件，如果台肥說有，可能要台肥拿出來，是哪一年、哪一月的公文，有需要的話再進行了解。若違反公司法的話，將由誰開罰？顧立雄指出，涉及公司法的部分，主要是經濟部，而資金處理部分則是金管會，這部分會再跟證期局進一步了解看看。立委吳秉叡質詢時表示，台肥是上市公司，上市公司如果真的違反公司法，資金長期貸款給私人，這難道證期局不要管嗎？重大訊息不用揭露嗎？顧立雄表示，金管會會請證交所進行了解台肥財報揭露、公司治理、資金貸予是否違反證交法等，一個月內出具調查報告。由於台肥已不願再對外說明此案，外界關切是否受到金管會施壓，顧立雄說：「我們哪有什麼壓力給台肥」，是台肥先說詢問過金管會，金管會才清查是否有當年台肥來詢問的函件，目前確認根本查無台肥來問過金管會的函件。
390,2019/11/11,淘帝-KY 10月營收創高 Q4樂觀,中國十大童裝品牌商淘帝 - KY() 今 (11) 日公布 10 月合併營收達 7.86 億元，月增 0.87%、年增 2.93%，創單月新高，累計前 10 月合併營收 56.45 億元，年增 6.04%，淘帝表示，雙十一購物狂歡節報到，加上各地代理商陸續開出全新形象門市，第四季展望樂觀，法人看好，單季營收寫新紀錄可期。淘帝指出，TOPBI 品牌在中國童裝市場能見度持續提升，旗下共 25 個代理商為搶搭年底消費旺季，已陸續於推出第八代形象門市據點，包括有福建、湖南、四川等多地代理商，藉此進一步提升門市坪效、並強化體驗服務。除在大型購物中心強化實體店布局，淘帝透過線上代理商在天貓、淘寶和京東等第三方知名電商平台的銷售明顯成長，線上營收占比重已來到 8%，是推升營運創高的主要動能。據歐睿國際 (Euromonitor International) 報告統計，中國童裝市場規模至 2028 年持續成長至 5761 億元水準，淘帝看準此龐大消費版圖，本季正式推動品牌多元化策略，聚焦 1-3 歲小童需求推限定線上銷售的 Mini Topbi 電商品牌。淘帝說明，Mini Topbi 面料主要採用天然棉麻等高度親膚性材質，並採取「接單式生產」營運模式，配合市場需求做行銷規劃，將更貼合消費者，淘帝看好新品牌將成為集團營運主要成長動能之一。
391,2019/11/11,岱稜前3季EPS1.69元創次高 新增產能11月到位,真空蒸鍍廠岱稜科技 () 受惠冷燙產品市場需求增加帶動，今年前 3 季稅後純益 1.59 億元，年增 38.52%，每股純益 1.69 元，創歷史同期新高，下半年旺季營收可望因新產能量產，全年營收將優於去年的 24.88 億元。岱稜今年第 3 季營收 6.53 億元，毛利率 27.79%，季減 0.1 個百分點，年增 4.36 個百分點，稅後純益為 5796 萬元，季增 4.77%，年增率 34.02%，為今年新高，每股純益為 0.62 元。岱稜今年前 3 季營收 18.62 億元，毛利率 27.4%，年增 3.94 個百分點，稅後後純益 1.59 億元，年增 38.52%，每股純益 1.69 元。岱稜目前真空蒸鍍薄膜新線設備已建置完成，預計 11 月量產，全年仍可望突破去年營收 24.88 億元，挑戰近 6 年來合併營收高點；第 4 季走勢轉強，對以外銷為主的真空蒸鍍薄膜產品不利，不過原物料報價走勢下滑，也可望能略為緩衝匯率對獲利的衝擊。展望 2020 年，岱稜營收佔比 5% 之光電業務將，將持續聚焦專業塗佈代工接單成長，維持穩定獲利；營收佔比 95% 的真空蒸鍍薄膜業務，今年第 4 季新產能加入後，將不再受限既有機台產能考量，接單方面也將更多元化，除自有品牌「UNIVACCO」產品市場策略之調整外也考慮增加代工業務，同時在生產方面也期待透過新機台高速生產優勢可再提升單位產能降低單位生產成本，讓機台效益最大化，為整體營運獲利再添動能。
392,2019/11/11,【新光證券】盤前分析,◆盤勢分析美股收高，激勵 8 日台股開高，惟美國鷹派幕僚群起反對撤銷對中國加徵的關稅，加上 MSCI 調整結果，台股在「MSCI 全球新興市場指數」、「MSCI 亞洲除日本指數」權重皆遭到調降，引發市場獲利了結賣壓出籠，台股翻黑收市，失守五日均線，終場收在 11579.54 點，跌 27.02 點或 0.23%，成交額　1415.93 億元。 OTC 指數收在 144.42 點，跌 0.13 點或 0.09%，成交額 419.93 億元。食品及半導體等漲多權值股遭外資調節，8 日台股日線連二黑，滑落 10600 點關卡，日量連減二日，周線則連四紅，技術面仍處於過熱區。籌碼方面，三大法人僅自營商 (自行買賣) 賣超，其中外資連 20 日買超，期貨部位連二日偏空操作。僅管美國內部對於撤銷關稅意見分歧，但在選舉壓力下，預期川普將選擇對股市較有利的方案，適時調節指數有利長期向上，惟若外資連續大幅賣超，或 11/1 跳空缺口 11399 點被跌破，則宜降低持股操作。選股方面，可留意第三季獲利表現佳族群波段操作。
393,2019/11/11,台股盤前—多方格局未變 外資可望續加碼助台股盤堅向上,台股上周五 (8 日) 受到 MSCI 雙降權重影響，終場下跌 27.02 點，收 11579.54 點，11600 點得而復失，成交值 1343.3 億元。法人指出，外資操作仍偏多，多方掌控格局未變，且美股上周五四大指數全面創新高，有利外資持續加碼台股，短線指數可望維持高檔震盪整理，且有機會續攻高。美股上周五四大指數震盪走高，收盤同步站上歷史新高價，蘋果也再刷歷史新高。終場上漲 6.44 點；指數上漲 40.8 點；上漲 7.90 點；指數上漲 9.10  點。法人看好，在美股彈升下，有利於外資持續加碼台股，今 (11) 日可望挑戰連續 21 個交易日買超台股。市場消息方面，傳出蘋果軟板供應商中國東山精密生產良率偏低，蘋果緊急對臻鼎 - KY、台郡追單拉貨，以因應近期熱絡的 iPhone 11 新機需求，也使台廠供貨占比大增，業界並看好，此舉有利台廠明年取得 5G iPhone 相關訂單，占比可望因此大增。除智慧型手機外，近來手機品牌廠戰火也延伸至智慧手表，三星、華為、蘋果、小米等四大品牌競逐手機市場，加上 Google 近期宣布併購智慧穿戴大廠 Fitbit，及耶誕購物旺季助攻下，有助推升相關供應鏈包括廣達、仁寶、英業達等營運動能。蘋果金屬機殼廠可成第 3 季財報出爐，單季稅後純益 33.99 億元，季增 24.5%，但比去年同期衰退 48.2%，為今年以來單季最佳，每股純益 4.41 元，且前 3 季已賺回一個股本，每股純益 10.15 元。可成並看好，在新機拉貨動能升溫下，第 4 季營收可望優於第 3 季。本周將進入第 3 季財報公布倒數階段，各大廠也將陸續召開法說會，其中，鴻海將於周三 (13 日) 舉辦法說會，也是董座劉揚偉接任後的首場法說，市場將關注 4 大重點，包含第 3 季財報可望創高、劉揚偉接任後近況、鴻海第 4 季與明年展望，及印度與越南等地擴產新進度。法人指出，短線指數雖跌破 5 日線支撐，但未大幅轉貶，外資操作仍偏多，多方掌控格局不變，且美股上周五四大指數全面創新高，在國際股市彈升下，有利於外資持續加碼台股，指數短線可望維持高檔震盪整理，且有機會續攻高。
394,2019/11/11,【日盛投顧】盤前分析,"◆盤勢分析1. 美國總統川普表示「尚未」同意取消對中全部關稅，但副總統彭斯幕僚透露白宮非常樂觀美中年底前將完成並有望簽署第一階段協議。上週五美股上漲，漲幅介於 0.02 至 0.53％，美股四大指數短期高檔盤堅。高通上漲 4.50%，台積電 ADR 下跌 1.57%。FactSet 的數據顯示，到目前為止，在公司中，74% 企業財報優於預期。2. 由以下三個面向檢驗方向及強弱：(1) 量能：成交量大於月均量方有利多頭氣勢延續。(2) 均線：支撐為 11,400 點附近，壓力為 11,700 點附近。(3) 技術指標：KD 開口閉合，9 日 K 值位處超買區，短線偏多整理但提防拉回。3. 以的線型及指標角度而言，支撐為 143 點附近，壓力為 147 點附近，KD 技術指標開口向下，9 日 K 值大於 50，短線偏多整理。近期法人著墨較深的族群包括 IC 設計、矽晶圓、晶圓代工、PA、PCB、生技等。4. 觀盤重點：觀察台股指數是否能守穩在 10 日線之上，回檔是否量縮或上攻成交量大於 20 日均量，台股選股方向可留意 5G、半導體、PCB、蘋概、工業 4.0、生技、內需、運動風、金融、車用等。5. 蘋果軟板供應商中國大陸東山精密傳生產不順，良率偏低，蘋果緊急追加對 4958 臻鼎 - KY、6269 台郡拉貨，台廠供貨占比大增，以滿足近期 iPhone 11 新機熱銷需求，並催動相關台廠明年 5G iPhone 訂單比重大增。6. 長華電材旗下長華科技（6548）響應政府鼓勵台商回台擴大投資，擬在高雄興建新廠，擴大半導體用導線架生產線，向成為全球市占最高目標邁進。長科在日本功率半導體元件大廠要求下，同步計劃重返 IGBT（絕緣柵雙極電晶體）用導線架市場，拓展車用元件及功率模組快速成長商機，看好明年成長動能強勁。7.PCB 廠華通 (2313) 發布最新財報，第 3 季獲高階產品推動，稅後純益 14.72 億元創歷史新高，每股純益 1.24 元，第 3 季毛利率也達 18.93%、營益率 12.95%、稅後純益率 9.04%，「三率三升」走勢亮眼，前 3 季稅後純益 23.8 億元，年增 21%，每股純益達 2 元。"
395,2019/11/11,盤前財經大事搶先讀2019年11月11日,台灣 9 月薪資統計日本 9 月機械訂單美債市休市一日法說會：鉅祥、文曄、神達、明基醫、系微、中信金股臨會：恒耀歷經近一年多景氣循環，DRAM、NAND Flash 原廠逐步去化庫存，市場朝供需平衡邁進，價格走勢趨穩，明年在 5G、人工智慧應用推升下，有助 DRAM 與 NAND Flash 需求增溫，記憶體市況料將走出近 1 年的景氣修正期，最快明年上半年，產業就可重回上升循環。台股指數上周續漲 180 點，周線連 4 紅，法人積極軋空，不過台股交易員提醒，上周已見獲利籌碼先行下車，不少漲多股均拉回，本波強勁推升行情的外資，雖連買 20 日但已呈現連 4 減，台積電也遭外資連賣二個交易日，在此同時，美國總統川普最新拋出貿易協商不確定的說法擾亂市場，預料本周市場動盪壓力將更加劇，且技術面乖離過大，個股輪動將更快，投資人留意賺指數賠價差。一年一度全球網購盛會「雙 11」即將到來，兩岸電商看準網購龐大商機，紛推促購折扣，其中，不少銀行紛紛攜手淘寶網，推出搶客的刷卡優惠，而淘寶網的支付方式共分為 4 種，Money101 金融產品比較平台建議，今 (2019) 年想趁雙 11 在淘寶網撿便宜，搭配海外消費高回饋信用卡，又或是參與銀行登錄活動賺回饋活動，只要能聰明刷卡，最高可以「淘」出回饋率 32% 的高優惠。官民股纏鬥長達 14 年的彰化銀行 () ，明年將進行三年一度董事改選，在民事官司尚未落幕情況下，如今又面臨第三關鍵勢力龍巖 () 退場，自然人董事制度上路，兩大變數將成公股能否續掌經營權的最大隱憂。連鎖超市龍頭全聯今年 5 月推出自家 PX PAY 後快速累積下載數，至今已突破 420 萬次，達成首波數位轉型目標，最新打造第二支 APP「PX GO 全聯線上購」進入第二波轉型，全聯透露，明年將發展電商最後一哩路「實體電商」，雖尚未具體說明，但可預想，全聯終將成為全台取貨最快，甚至是送貨最快的電商界巨獸。
396,2019/11/11,◆外資連續5日買超個股,外資連續 5 日買超個股1. 外資連續買超 5 日的股票(2317) 鴻海、(00672L) 元大 S&P 原油正 2、(3481) 群創、(2888) 新光金、(2409) 友達2. 外資連續買超 4 日的股票(2317) 鴻海、(3481) 群創、(2888) 新光金、(00672L) 元大 S&P 原油正 2、(2409) 友達3. 外資連續買超 3 日的股票(2317) 鴻海、(3481) 群創、(2888) 新光金、(2409) 友達、(2882) 國泰金4. 外資連續買超 2 日的股票(2317) 鴻海、(2888) 新光金、(4938) 和碩、(8150) 南茂、(2409) 友達5. 外資當日 (8) 買超的股票(4938) 和碩、(2317) 鴻海、(8150) 南茂、(2888) 新光金、(3231) 緯創
397,2019/11/11,◆外資連續5日賣超個股,外資連續 5 日賣超個股1. 外資連續賣超 5 日的股票(00632R) 元大台灣 50 反 1、(2610) 華航、(2344) 華邦電、(2367) 燿華、(2801) 彰銀2. 外資連續賣超 4 日的股票(00637L) 元大滬深 300 正 2、(2610) 華航、(1216) 統一、(2344) 華邦電、(2885) 元大金3. 外資連續賣超 3 日的股票(00637L) 元大滬深 300 正 2、(1216) 統一、(2367) 燿華、(2885) 元大金、(2313) 華通4. 外資連續賣超 2 日的股票(00637L) 元大滬深 300 正 2、(1216) 統一、(2884) 玉山金、(2367) 燿華、(2337) 旺宏5. 外資當日 (8) 賣超的股票(1216) 統一、(2883) 開發金、(2337) 旺宏、(2885) 元大金、(2330) 台積電
398,2019/11/11,◆投信連續3日買超個股,投信連續 3 日買超個股1. 投信連續買超 3 日的股票(2891) 中信金、(3231) 緯創、(2313) 華通、(2448) 晶電、(2882) 國泰金2. 投信連續買超 2 日的股票(2891) 中信金、(3231) 緯創、(2313) 華通、(2448) 晶電、(2882) 國泰金3. 投信當日 (8) 買超的股票(3231) 緯創、(2313) 華通、(2448) 晶電、(2885) 元大金、(4938) 和碩
399,2019/11/11,◆投信連續3日賣超個股,投信連續 3 日賣超個股1. 投信連續賣超 3 日的股票(3037) 聯詠、(2383) 鴻海、(6213) 和碩、(6278) 開發金、(2329) 中鋼2. 投信連續賣超 2 日的股票(2383) 台光電、(3037) 欣興、(6213) 聯茂、(2329) 華泰、(6278) 台表科3. 投信當日 (8) 賣超的股票(2383) 台光電、(2329) 華泰、(2316) 楠梓電、(6269) 台郡、(2458) 義隆
400,2019/11/11,【鉅亨-盤前掃瞄】技術面,1.5 日均線 11608.01 點，10 日均線 11482.74 點，20 日均線 11342.37 點。2.6 日 RSI 為 80.01，12 日 RSI 為 79.39。3.20 日乖離率為 2.09。
401,2019/11/11,【鉅亨-盤前掃瞄】基本面,1.08 日交易日以 30.412 兌 1 美元作收，收盤貶 0.6 分，成交值為 10.87 億美元。2. 集中市場 08 日外資買超 15.0 億元，投信買超 5.7 億元，自營商買超 4.3 億元。3. 集中市場 08 日融資餘額較前 1 日增加 4.39 億元，成為 1417.40 億元，融券餘額較前 1 日增加 2746 張，成為 852919 張。
402,2019/11/10,TWS需求強 4家IC設計年營收創高可期,第 4 季雙 11、聖誕節等消費性節日眾多，TWS (真無線藍芽耳機) 市場熱度明顯升溫，包含瑞昱 ()、原相 () 皆在法說表示，TWS 晶片出貨將較上季成長，而矽創 ()、鈺太 () 等因同為華為供應鏈，也可望隨著 FreeBuds 3 問世挹注營運，法人認為，4 家台廠第 4 季營運不淡，全年創高可期。以 10 月營收來看，瑞昱、矽創月減幅皆為個位數，分別是 3.65%、5.25%，不過瑞昱再改寫單月營收次高紀錄；原相、鈺太則維持成長，其中，原相續創新高，情況也顯現 TWS 品牌廠因應消費旺季，驅動拉貨力道。瑞昱表示，今年 TWS 晶片迎來收割期，客戶自第 2 季開始拉貨，帶動營收年增逾 3 成，第 3 季因市場較第 2 季降溫，加上新舊產品交替，客戶拉貨力道趨緩，不過第 4 季受惠旺季推升，TWS 晶片出貨轉強，有助全年營運顯著成長。原相今年在 TWS 晶片的出貨時序與瑞昱相當，本季新客戶開始量產，帶動 TWS 業績雙位數成長，營收比重也可望從 1 成內攀升至 1 成以上，並預計推出 ANC(主動式降噪) 功能晶片，拉高產品單價。矽創、鈺太也擴張產品到 TWS 上，矽創 P Sensor 以往僅切入手機應用，現則擴張至智慧手錶、TWS 等穿戴裝置，並打入華為 FreeBuds 供應鏈，同為華為 FreeBuds 供應鏈的鈺太，近期也以高階 MEMS 麥克風打入智慧聲控電視，單月出貨也達百萬顆，隨著聲控時代到來，營運動能可望延續。Gartner 日前出具報告指出，隨著智慧型手機成長停滯，穿戴式裝置將成品牌大廠兵家必爭之地，估 2020 年智慧手錶與 TWS 的出貨量，將分別為 8600 萬支、7000 萬套，成為未來幾年電子產品中成長新星。
403,2019/11/10,鴻海法說會、南港舊廠開發案動土典禮 台股本周重要大事預告,本周進入第 3 季財報公布最後倒數，各大廠也預計於本周陸續舉辦法說會，其中周三 (13 日) 鴻海將舉辦法說會，這也是董座劉揚偉劉揚偉接任後的首場法說，預期將聚焦在財報、展望、海外布局等重點，另外，南港舊廠「世界明珠」開發案周一 (11 日) 也將正式動土開發，以下是《鉅亨網》為讀者整理的本周重要大事：輪胎大廠南港輪胎正式敲定舊廠開發案「世界明珠」，將於周一 (11 日) 舉行開工動土大典，正式進入開發階段，而世界明珠也被視為台北市不動產的新指標，也吸引 Discovery 頻道關注，預計將完整紀錄世界明珠住宅案的建造過程。世界明珠舊廠開發案規模龐大，光是基地面積就超過 9000 坪，總樓地板面積達 7 萬坪，被視為台北市指標性開發大案，該開發案計畫將投入 150 億元，預計 2023 年底前完工。其中，住宅占比將達 49.1%，辦公大樓 42.5%，商場 6.7%，藝文展演約 1.7%，而商場已與微風集團簽約，租約為 20 年。鴻海將於周三 (13 日) 召開法說並公布財報，這也是董事長劉揚偉接任董座後的首場法說，預期將吸引市場目光，市場也關注 4 大重點，包含鴻海第 3 季財報有望在蘋果 iPhone 11 新機帶動下創高、劉揚偉接任後近況、鴻海第 4 季及明年展望，及印度與越南等地擴產新進度。金融業法說本周將由中信金、永豐金接棒於周一 (11 日)、周二 (12 日) 舉行法說會，其中，中信金將聚焦海外獲利、保險及數位創新 3 大發展策略；而永豐金今年上半年獲利年增 36.3%，成長率為上市櫃金控第一，主要獲利來源來自手續費收入以及海外收益帶動，此兩大業務現況與展望將是永豐金法說會重點。本周重要法說會周一有中信金、鉅祥、文曄，周二有永豐金、卜蜂、臻鼎 - KY、精測、神盾、上銀、英業達，周三鴻海、敦泰、廣達，力積電則將舉辦股臨會，周四可成、台橡，周五則有生計美容股的麗豐 - KY 接棒法說。國家通訊傳播委員會 (NCC) 周二 (12 日) 將邀集五大電信業者總經理以上代表人，進行 108 年度行動寬頻業務釋照第一階段書面審查到會面談及後續評分作業，針對 5G 頻譜競標審查事宜聽取業者建議，預計面談順序為中華電信、台灣之星、台灣大哥大、亞太電信、遠傳電信。NCC 主委陳耀祥日前出席立法院交通委員會備詢表示，年底 5G 頻譜競標，由於主頻段 3.5GHz 競爭將非常激烈，估最終標金金額將落在 500 億元，高於過去預估的 400 億元，至於第 2 波頻譜釋照，交通部初步規劃 4.4-5.5GHz 中頻段為第 2 波頻譜，其中 200Mhz 為商用頻段、300Mhz 提供警消、政府單位使用，100Mhz 則開放給企業專頻，由於頻譜仍在清除，預計最快 3 年後可開放申請。由上緯投控主導開發的台灣首座離岸風電風場海洋風電，第二階段 20 座風機，已於 10 月 9 日安裝完成，周二 (12 日) 將舉行風場啟用典禮，預計年底前商轉。上緯投控旗下開發的離岸風場包括海洋風電與海鼎風電，其於竹南架設的海洋風電第一階段已於 2017 年正式商轉，總裝置容量 8MW(百萬瓦)，第二階段再安裝 20 座 6MW 風機，預計總發電容量共 128MW。看準行動支付商機，不僅各大百貨、連鎖量販推出自家行動支付，周二 (12 日) 台灣中油將攜手中國信託推出行動支付 APP「中油 Pay」，首創交通產業專屬行動支付工具，整合中油 VIP 會員卡與中油聯名卡會員管理，享雙點整合、綁卡儲值多重回饋等功能。而為搶搭近期行動支付商機，不僅台灣中油將推自家行動支付 APP，部分加油站日前也已開放支援多種行動支付如 Apple Pay、Samsung Pay、Google Pay 等。科技部主辦的 2019 未來科技展 (Future Tech Expo 2019) 將於 12 月 5-8 日登場，周二 (12 日) 將舉辦展前記者會，未來科技展集結全國各地學研單位、國家型科技計畫及法人研發成果，聚焦生技新藥區、醫材、金屬化工與新穎材料、AI 智慧應用與電子與光電、綠色能源環璄等國家重大的基礎建設、民生經濟和前瞻性產業等領域應用。依據 Global Investment Research 研究報告指出，人工智慧以及機器人理財在財富管理業務上的發展潛力相當驚人，全球 35 歲以下的新世代投資人，願意使用機器人智能理財服務的比例已經高達 65%，而在這個趨勢下，鉅亨網周三 (13 日) 將主辦的第二屆機器人理財論壇，邀請證期局蔡副局長麗玲致詞，資誠創新諮詢公司董事長劉鏡清、國泰智能投資團隊康利資產管理公司高級基金分析師 Wisely Ngai 倪智承、元大投信指數暨量化投資事業群經理 邱鉦淵進行專題演講，並邀請以上講者進行頂尖交流對話，共同探討金融科技刷新未來的機器人理財發展趨勢。華為將於周四 (14 日) 發表 Mate 30 系列，而這款旗艦機種也正是因美中貿易戰，成為首款無法搭載 Google Mobile Service 的華為手機，將改採用 HMS (Huawei Mobile Service) 替代，預計華為除了發表 Mate 30 Pro 手機外，可能還會推出平板電腦、智慧手錶、智慧手環、眼鏡等產品。
404,2019/11/10,〈台股風向球〉多方強軋空對決善變川普 賺指數賠價差局勢加劇,台股指數上周續漲 180 點，周線連 4 紅，法人積極軋空，不過台股交易員提醒，上周已見獲利籌碼先行下車，不少漲多股均拉回，本波強勁推升行情的外資，雖連買 20 日但已呈現連 4 減，台積電也遭外資連賣二個交易日，在此同時，美國總統川普最新拋出貿易協商不確定的說法擾亂市場，預料本周市場動盪壓力將更加劇，且技術面乖離過大，個股輪動將更快，投資人留意賺指數賠價差。上周四、五指數日 K 線翻黑，外資雖連 20 個交易日買超，但買超金額連收斂，並連 4 日減碼淨多單，顯示資金行情逐漸降溫。另一個重要觀察方向則是台積電，9 月以來至今僅遭外資賣超 9 個交易日，且張數少，是外資控盤首重標的，但上周外資連 2 賣，轉向讓鴻海接棒拉抬大盤，但加碼力道不如過去二個月強勁，接下來一周須密切注意外資如何操作台積電，將密切影響短線大盤回檔整理或是繼續上演軋空行情。而善變的川普又讓市場緊張情緒升溫，當市場一片看好美中貿易協商有望達成，只是因智利取消 APEC 而延期，川普又說出驚人話語，「尚未」同意取消對中全部關稅，也未做任何決定，且中國比美國更希望達成協議。儘管隨後白宮發言人出面緩頰，表達對達成某種貿易協議非常樂觀，不過，川普一句話就攪亂市場，特別是美股、台股反映資金行情也反映貿易戰可望達成協議的樂觀訊息，一點風吹草動都會衝擊多方信心。本周台股觀察重點還是在第三季財報，是影響個股籌碼輪動關鍵，不過，若第三季財報符合預期亮麗，之後卻要進入相對淡季者，要提防利多暫時出盡。從技術面觀察，多方格局仍相當明朗，均線仍多頭排列，交易員認為，融券餘額高達 85 萬張，控盤者不會放棄軋空的好機會，前提是貿易戰朝正面發展、且外資僅調節而未撤離，後續還有總統大選行情伺機而動，即便震盪回檔，暫無須過於憂心。
405,2019/11/10,四大CCL廠前3季EPS全超越5元 台光電6.59元居冠,CCL 廠第 3 季入旺季，各廠陸續揭露財報，前 3 季每股純益來看，台光電 () 以 6.59 元居冠，聯茂 () 5.94 元居次，台燿 () 為 5.52 元，騰輝 - KY() 則以 5.32 元居末。騰輝 - KY 因鋁基板、軟硬結合板及軍工航天等高毛利特殊材料出貨挹注，第 3 季營收來到 14.36 億元，毛利率高達 29.49%，雙雙創下歷史新高。騰輝第 3 季毛利率 29.49%，季增 1.4 個百分點，年增 4.21 個百分點，稅後純益 1.54 億元，季增 10.47%，年增 2.75%，每股純益為 2.18 元。騰輝 - KY 前 3 季營收 40.13 億元，毛利率 27.83%，年增 3.36 個百分點，稅後純益 3.63 億元億元，年增 6.32%，每股純益為 5.32 元。騰輝 - KY 散熱材料已配合 OEM 終端客戶新料號認證，軟硬結合板材料也配合新市場開發及手機換機潮攻占版圖，5G 市場騰輝也布局有成，碳氫樹酯銅箔基板用於 5G 基地台基站天線，已進入測試階段，並打入中興通訊供應鏈，預計明年第 2 季量產，5G 筆電的多層板也取得供貨權，明年 5G 相關產品營收占比將達 10%，騰輝 - KY 認為，新產品加上公司原本發展策略鎖定散熱、航太、軍工與軟硬結合板，明年營收貢獻可望持續增加。台光電第 3 季營收 69.75 億元，毛利率躍升到 26.14%，季增 1.6 個百分點，年增 4.08 個百分點，稅後純益 9.59 億元，季增 43%，年增 47.3%，每股純益達 3 元；前 3 季營收為 180.85 億元，毛利率 24.21%，年增 3.64 個百分點，稅後純益為 21.05 億元，年增 58.87%，每股純益為 6.59 元。台燿前 3 季稅後純益 13.78 億元，年減 1.1%，每股純益為 5.52 元，是 4 家專業 CCL 廠中，唯一前 3 季獲利較去年同期衰退的業者。聯茂 2019 年第 3 季營收 63.79 億元，毛利率 21.29%，季增 1.87 個百分點，年增 5.47 個百分點，稅後純益 7.15 億元也創高，季增 23.89%，年增 79.3%，每股純益為 2.36 元。聯茂 2019 年前 3 季營收 176.38 億元，毛利率 19.78%，年增率 5.9 個百分點，稅後純益達 17.99 億元，超越去年全年，年增 43.94%，每股純益達 5.94 元。法人估，聯茂第 4 季純益將持平第 3 季，2019 年全年每股純益估逾 8 元，江西新產能 10 月中後將陸續開出，第 4 季接單旺盛下，將持續推升營收成長。
406,2019/11/10,訊連轉型陣痛期過 明年迎接新成長動能,多媒體創作軟體廠訊連科技 () 去年改變銷售模式，將旗下軟體由賣斷制轉訂閱制，歷經營收短少的轉型陣痛期，今年第 4 季起將迎接 PC 訂閱制可觀的循環性營收，且轉投資玩美移動也可望擺脫虧損，業外包袱減輕，本業營運漸入佳境，明年將迎來新一波成長動能。訊連旗下創意導演家族軟體，先前均採取傳統賣斷制銷售模式，在需求趨於飽和下，訊連遭遇營運困境，轉而推出付費訂閱制進行轉型，但憂心引起消費者反彈，初期先從 Android 版本試水溫，去年 3 月推出 Android 訂閱制，用戶反應卻出乎意料的佳。有了 Android 版本的成功，訊連去年 9 月開始針對主力 PC 版本推訂閱制，PC 訂閱活躍用戶數也快速成長，今年初以來，每季活躍用戶數均增加超過 1 萬人，使活躍用戶數由去年 9 月約 2900 人，大幅成長至今年第 3 季的 4.7 萬人，增幅達近 15 倍之多，且其中高達 9 成用戶為年約客戶。從用戶轉訂閱制占比來看，2017 年訂閱制訂單比率約 3.5%，去年達到近 5 成，今年更擴增至 7 成，顯示訂閱模式表現持續良好。雖然由賣斷制轉為租賃制之下，將使一次性的營收貢獻因此短少，不過，由 PC 訂閱制推出的時間點來看，今年第 3 季起，來自 PC 訂閱制的循環性營收，將陸續貢獻訊連營運。訊連董事長黃肇雄表示，第 3 季營收已落底，由於 PC 訂閱循環性營收將陸續挹注，加上前 3 季遞延收入，有部分可望在第 4 季認列，營收將較第 3 季成長，他並預期從明年起，PC 訂閱制每年可產生超過 200 萬美元的循環性營收，且金額將逐年成長，成營運一大動能。除創意導演家族軟體銷售模式成功轉型外，訊連業外轉投資持股 43.1% 的玩美移動，也逐步走出虧損頹勢。今年 9 月更獲阿里巴巴策略性入股，目前玩美移動的虛擬上妝技術，已導入阿里巴巴旗下天貓與淘寶平台。訊連去年認列玩美移動約 7000 萬元虧損，今年上半年認列虧損約 4000 萬元，第 2 季單季認列虧損金額縮減至 1600 萬元，虧損幅度逐步收斂，且第 3 季認列虧損金額更不到 350 萬元，在阿里巴巴注資下，有助擴增業績，黃肇雄也說，玩美移動營運趨近損平，「好日子快到了」，未來可望成為訊連另一大成長引擎。在 PC 訂閱制步入軌道下，加上轉投資玩美移動將擺脫營運虧損，iOS 訂閱版也將在年底前上市，估將較 Android 版本產生較高營收，Mac 平台也預計明年推出，且在人臉辨識佈局方面，也有上百個案子洽談中，需求動能強勁，明年在多重引擎發威下，營運可期。
407,2019/11/10,提高KY股能見度 臻鼎等多家公司業績說明會本月登場,為提升第一上市公司市場流通性與透明度，證交所規劃自本 (11) 月 12 日，將陸續安排臻鼎 - KY 等 17 家第一上市公司 (KY 股) 舉辦業績說明會，向三大法人、四大基金與一般投資人說明公司最新營運概況。KY 股市是指在海外註冊、回台掛牌上市的公司，由於屬於境外註冊公司，儘管回台掛牌後需比照本土上市公司按規定定期揭露財報，但因公司註冊地在境外，仍較難真正一窺公司營運全貌，在台股中相對冷門。為讓投資人對 KY 股有更多認識，證交所規劃，自下周二 (12 日) 起，邀請 17 家 KY 股舉辦業績說明會，首場將由百達 - KY 打頭陣，包括臻鼎 - KY、康友 - KY 等都將陸續登場。證交所表示，參與業績說明的第一上市公司包括，百達 - KY、全宇 - KY、茂林 - KY、台南 - KY、基勝 - KY、日成 - KY、再生 - KY、鼎炫 - KY、福貞 - KY、宏旭 - KY、慧洋 - KY、臻鼎 - KY、聯德 - KY、吉源 - KY、金麗 - KY、康友 - KY、波力 KY 等。根據證交所統計，目前共有 75 家第一上市公司、KY 股來台掛牌，平均本益比約 15.38 倍，周轉率約 115%。
408,2019/11/09,〈一銀展望〉海外布局開花結果 優先鎖定新南向市場,第一銀行持續搶進海外市場，董事長廖燦昌今 (9) 日受訪時表示，銀行未來海外拓點優先鎖定新南向市場，除了持續設點插旗當地市場外，部分有「總量管制」的市場也不排除用併購方式切入市場。一銀今天舉行創行 120 週年員工運動大會暨愛心園遊會，廖燦昌今天出席運動會後受訪時針對海外布局策略作上述表示。一銀今年海外市場拓點繼續開花結果，包括美國子行轄下的奇諾崗分行、印尼雅加達辦事處等，柬埔寨分行年底前將增設金邊高登、新速 2 家支行。至於規劃已久的美國休士頓分行與德國法蘭克福分行，則預計可望在明年上半年開業上路，廖燦昌說，原本德國法蘭克福分行規劃今年上半年開業，但德國主管機關對於分行的董監事名單審核非常嚴謹，包括背景、經歷都要逐一審視，導致分行開業進度延後至明年。一銀近年來馬不停蹄的布局海外據點，帶動銀行海外獲利比重持續攀升，目前海外獲利 (包括 OBU) 比重高達 45%，其中來自海外子行、分行獲利比重將近三成，對於挹注銀行整體獲利大有助益。談到景氣展望，廖燦昌指出，儘管 IMF(國際貨幣基金) 預測明年全球經濟成長率可望從今年的 3% 提升至 3.4%，但因美中貿易戰緣故，導致全球兩大經濟體明年經濟成長率預期不甚樂觀，為明年景氣埋下不少變數。但他也認為，美中貿易戰吸引台商回流，加上政府積極優化投資環境，反而讓台灣可望因此受惠，而這波台商回流也讓銀行受惠，光是台商回流投資所需貸款，銀行目前已經核准約 200~300 億元額度。
409,2019/11/09,郭台銘拋「城三科技園區」 看好潛力媲美矽谷,鴻海 () 創辦人郭台銘，今 (9) 日拋出「城三科技園區」概念，看好土城三峽擁有絕佳交通地理位置，向北連接內科、往南延伸竹科，未來可望像美國的矽谷一樣帶動臺灣產業升級。郭台銘臉書貼文表示，過去在美國打拼了 11 年，當時住在矽谷旁邊的聖荷西，每天開 280 號州際公路去上班，有很多高科技總部，包括惠普、蘋果與思科的總部，現在還有 Google、Facebook 與全世界一半的獨角獸公司、生醫科技都在附近。郭台銘指出，土城三峽從國道 3 號公路上的三峽交流道出發，往北連結內湖科學園區、往南到新竹科學園區，都在 1 小時以內，土城三峽正在公路的中心點。郭台銘認為，將來這整條高速公路再加上新北的軌道建設，就可以跟台北的內科、往南跟竹科連成一片，三峽土城可以升級為一個智慧科技城，「城三科學園區」有朝一日可以像美國的矽谷一樣，帶動臺灣產業升級。郭台銘進一步指出，當高新科技產業落地，地方經濟就能夠順利發展，新一波年輕的科技就業人口移入土城三峽，讓整個地方產業結構改變、人口結構改變、生態環境改變。
410,2019/11/09,〈一銀展望〉董座廖燦昌：年終可望逾7個月 明年調薪幅度上看5%,銀行今年獲利佳，辛苦一年的員工荷包可望變胖，第一銀行董事長廖燦昌今 (9) 日透露，銀行今年獲利不錯，內部會研議是否調薪，估算包括晉級加薪、員工持股信託等，明年調薪幅度有機會上看 5%。第一銀行今年創行滿 120 週年，今天在板橋第一運動場舉行員工運動會暨愛心園遊會，邀請總統蔡英文、財政部長蘇建榮與金管會主委顧立雄等到場觀禮，銀行董事長廖燦昌、總經理鄭美玲率領銀行高層一起跑完 1200 公尺，為運動會揭開序幕。廖燦昌會後受訪時表示，一銀今年截至 10 月底銀行稅後純益共 166.52 億元，經營績效還不錯，因此除了常態性的晉級調薪 2.5% 外，內部也會研議明年是否進行整體調薪計畫。廖燦昌說，如果屆時拍板明年進行全體調薪，包括原本的晉級調薪在內，預估每人調薪幅度可望上看 5%。在年終獎金部分，廖燦昌說，銀行員工今年包括年終獎金、績效獎金、超盈餘獎金與員工酬勞等合計共 7.01 個月，今年看來經營績效還不錯，預估明年整體年終獎金可望超越今年的 7.01 個月。另外，因應業務擴編與填補退休潮人力缺口，一銀今年將持續對外徵才，廖燦昌說，今年釋出職缺包括一般行員、資訊與法務等共 625 名職缺，預估明年將徵才人數將提高至 700 名。
411,2019/11/09,可成Q3純益季增24% 前3季減少62.84% EPS 10.15元,金屬機殼大廠可成 () 今 (9) 日公布財報，第 3 季稅後純益 33.99 億元，季增 24.6%，年減 48.21%，每股純益 4.41 元，前 3 季稅後純益 78.23 億元，年減 62.84%，每股純益 10.15 元。可成第 3 季合併營收 278.17 億元，季增 73.04%，年增 10.87%，毛利率 23.13%，季增 0.07 個百分比，年減 19.27 個百分比，營益率 16.05%，季增 6.92 個百分比，年減 16.98 個百分比，稅後純益 33.99 億元，季增 24.6%，年減 48.21%，每股稅後純益 4.41 元。可成前 3 季合併營收 596.95 億元，年減 9.9%，毛利率 23.7%，年減 18.05 個百分比，營益率 14.01%，年減 18.68 個百分比，稅後純益 78.23 億元，年減 62.84%，每股稅後純益 10.15 元。可成第 3 季受惠筆電、iPhone 11 拉貨強勁，產能利用率明顯較上季回升，帶動營收大增逾 7 成，不過獲利回升有限，主因機殼規格變化不大，市場競爭激烈，影響銷售價格，預計等到明年新 iPhone 問世後，獲利才將有所改善。不過，外資認為，若可成第 4 季毛利率優預期，情況可望維持至 2020 年下半年，加上 iPhone 機殼銷售單價將年增 10%，獲利仍可期，可成也預計在下周四 (14) 日舉辦法說會，屆時可望釋出更明確的營運方向及未來展望。可成 10 月營收 121.17 億元，月增 16.39%，年減 5.66%，創 11 個月新高，累計前 10 月營收 718.13 億元，年減 9.21%。
412,2019/11/09,〈神基30周年〉明年營收估增8-12% 獲利表現更好,強固型電腦業者神基 () 董事長黃明漢今 (9) 日指出，目前第 4 季拉貨穩定，估計持平第 3 季或略減，明年則維持成長，法人估明年營收可望延續今年 8-12% 的成長，獲利幅度更可優於營收。黃明漢指出，今年強固型電腦、車用機構件、綜合機構件、航太扣件等 4 大事業均同步成長，且優於產業表現，神基今年前 10 月營收 222.72 億元，年增 9.2%。第 4 季來看，黃明漢透露，目前市場上 CPU 還是很缺、但神基屬非消費型，因此未受影響，目前客戶拉貨狀況還不錯，但 12 月下旬須觀察聖誕節假期拉貨動能。其他事業方面，黃明漢表示，雖然汽車產業今年下降 4-6% 左右，但車用扣件事業依舊成長，優於整體；碳纖材料則受惠滲透率提升，加上高階筆電 (Ultra) 今年成長 20%，帶動綜合機構件雙位數年增；至於豐達科為主體的航太扣件，今年也繳出不錯的成績。展望明年，黃明漢認為，預計還是可望維持成長，法人預估，神基今年營收年增約 1 成，明年可望延續，年增幅約在 8-12% 左右，獲利增幅可望優於營收。除既有事業外，神基也朝向 AI、IoT、智慧製造等新應用發展，黃明漢透露，目前已經新事業應用在日本、歐洲、越南等地有所斬獲，雖然初期貢獻不大，但會是好的開始。
413,2019/11/09,〈熱門股〉新至陞全年可望賺逾半股本 周漲逾35%,新至陞 () 第 3 季創近 8 年單季新高，法人看好全年可望賺進逾半個股本，本周股價飆漲，一度來到 73.8 元，創逾 1 年新高，周漲幅則逾 35%。新至陞第 3 季稅後純益 1.89 億元，季增 84.2%、年增 37.2%，每股純益 3.04 元，創 2011 年第 4 季後，近 8 年單季新高，前 3 季純益年增 2.32 億元，年增近 6 成，每股純益 3.73 元。法人看好，美系筆電硬體規格升級，加上第 4 季越南廠產能開出，有助緩衝美中貿易戰影響，預估今年將傳逾半個股本，明年每股純益則可望達 6 元以上。財報亮眼、營運不淡，新至陞本周股價飆漲，更一度來到 73.8 元，創下去年 10 月後新高，周五則以 69 元做收，漲幅 35%。
414,2019/11/09,美中將分階段取消關稅、印度退出RECP、MSCI季度調整 本周重要大事回顧,美中貿易談判再傳新進展，中國商務部表示，中國與美國已同意隨協議進展、分階段取消對彼此商品加徵的關稅，具體內容將由第一階段協議內容決定，另一方面，東南亞國家協會發起的區域全面經濟夥伴協定 (RCEP)，日前完成談判，但印度宣布不參與 RECP，預期正式簽署將拖至明年 2 月，MSCI 公布季度調整，台股在兩項權重中再遭調降，台股本周大漲 180.01 點，漲幅 1.58%，一度攻上 11668.2 點高點，周五則收在 11579.54 點，以下是本周重要大事回顧：中國商務部發言人高峰周四 (7 日) 表示，中國與美國已同意隨協議進展、分階段取消對彼此商品加徵的關稅，但第一階段取消多少關稅，將由第一階段協議內容決定，他強調，美中雙方過去兩週舉行建設性談判，預期協議將於未來幾週內簽署。東南亞國家協會發起的區域全面經濟夥伴協定 (RCEP)，日前完成談判，預計明年將簽署協定，但根據印度媒體報導，印度總理莫迪周一 (4 日) 宣布，基於國家利益考量，決定不加入 RCEP，並指出擔憂印度一旦加入，市場可能充斥著廉價的中國農、工業產品，認為 RCEP 沒有解決市場准入和關稅問題。而在印度反對之下，RCEP 未能於上周東協峰會上敲定協議，可能要拖到明年 2 月，才有機會簽署，中國國務院總理李克強則指出，透過共同努力，區域全面經濟夥伴關係協定已結束全部文本談判及實質上所有市場准入談判。而面對 RECP 即將簽署，經濟部長沈榮津周二 (5 日) 受訪時表示，目前台灣與 RCEP 參與國貿易額有 7 成都是零關稅，至於剩下 3 成受影響的部分，可透過產業轉型、提高產品附加價值來因應。區域全面經濟夥伴協定 RCEP 目前由東南亞國家協會 (ASEAN) 十國，包括汶萊、柬埔寨、印尼、寮國、馬來西亞、緬甸、菲律賓、新加坡、泰國、越南，並與其他包括中國、日本、南韓、澳洲、紐西蘭等 15 個國家共同組成，但不包括台灣，印度也表明不參與 RCEP。第 2 屆中國國際進口博覽會周二 (5 日) 在上海舉行，中國國家主席習近平在開幕活動會上宣布中國將持續推動更高水準對外開放的五大措施，包含繼續擴大市場開放、完善開放格局、優化營商環境、深化多雙邊合作、推動共建一帶一路等，強調中國有廣大市場，歡迎各界到中國投資。習近平進一步表示，中國對外開放是全方位、全領域的，將繼續推動京津冀三地區合作發展、長江經濟帶發展、長三角區域一體化發展、粵港澳大灣區建設，並將制定黃河流域生態保護和高品質發展的新國家戰略。中國自本月初開通 5G 商用後，根據中國媒體報導，中國科技部周三 (6 日) 宣布正式啟動 6G 研發布局，計畫成立 6G 技術研發推進工作小組與專家小組，積極推進通訊網路技術的發展進程，並集結中國國家發展改革委員會、教育部、工業和信息化部、中科院以及自然科學基金委員會，於北京召開 6G 技術研發工作啟動會議。據了解，中國科技部於會議中宣布成立 6G 技術研發推進工作小組和專家小組，其中，技術研發推進組將由政府相關部門組成，負責推動 6G 技術研發工作，專家小組則由來自高校、科研院所以及企業共 37 位專家組成，為 6G 技術研究之重大決策提供諮詢和建議。中國國台辦、中國發改委經商中央組織部等 20 個相關部門，周一 (4 日) 聯合公布關於進一步促進兩岸經濟文化交流合作的若干措施，簡稱 26 條措施，中國國台辦強調，26 條措施能為台灣民眾、企業提供更多同等待遇，其宗旨與先前的 31 條措施一脈相承。在這 26 條當中，主要受惠對象為台灣企業的措施共 13 條，包括台資企業同等參與重大技術裝備、5G、循環經濟、民航、主題公園、新型金融組織等投資建設；及同等享受融資、貿易救濟、出口信用保險、進出口便利、標準制訂等政策，支持兩岸青年就業創業基地示範點建設等。而受惠對象為台灣民眾的措施則共 13 條，包括為台灣民眾在領事保護、農業合作、交通出遊、通信資費、購屋資格、文化體育、職稱評審、分類招考等方面提供更多便利和支持。對此，經濟部長沈榮津表示，產業界都已看清其本質，像中國去年公布的 31 項措施，表面雖然對台灣有好處，實際卻是對中國有利，強調經濟部針對資金、人才、技術進出，都會進行嚴格審查。金管會為進一步衝刺國內行動支付，擬修法開放電子支付帳戶之間可以互相轉帳，原力拚本會期送進立法院審議，但金管會主委顧立雄周一 (4 日) 表示，因為立法院今年會期較短，而且即將總統大選有屆期不連續的問題，電支電票合併法可能無法在本會期過關。金管會 2015 年喊出電子化支付 (非現金支付) 占民間消費比重，希望在 2020 年底拚到 52%，但到今年上半年為止，電子支付交易筆數達 23.71 億筆，金額達 1.99 兆元，電子支付化的比率只有 41.3%。而目前國內採用 QRcode 的行動支付業者市占比例為，LINE Pay 市占 22.3%、街口支付 19.7%、APPLE Pay 19.9%、台灣 pay 則只有 4.7%。MSCI 周五 (8 日) 公布最新季度調整，台股在本次權重調整中，在 MSCI 全球新興市場指數權重由 11.83% 下調至 11.46%，調降幅度為 0.37 個百分點，MSCI 亞洲除日本指數權重由 13.91% 下調至 13.44%，調降幅度為 0.47 個百分點，在 MSCI 全球市場指數權重則維持 1.38% 不變。而在 MSCI 台灣指數成份股方面，新增智邦、緯穎 2 檔，中裕則遭剔除，轉列入全球小型指數成分股，指數成分股將增加至 88 檔，全球小型指數部分，此次則新增 16 檔，預計本次調整將在 11 月 26 日盤後生效。
415,2019/11/09,〈神基30周年〉董座：下一個30年規模將是現在10倍大,神基 () 今 (9) 日上午舉辦 30 周年家庭日，董事長黃明漢致詞時強調，自駕車，5G 及 AI 將為神基帶來很多商機，未來 1-2 年內會有相關新品、解決方案陸續推出，目前下一個 30 年，神基規模將是現在的 10 倍大。黃明漢指出，神基過去從國防電子設備起家，歷經筆電代工事業，後來正式跨入強固型電腦品牌投資，同時擴大複合材料機構以及汽車金屬機構件的事業。因此，黃明漢看好，接下來的自駕車，各個事業群都有機會，5G 及 AI 對電子產品、複合材料等也有許多機會，未來 1-2 年會推出相關產品、解決方案，預計相關商機 3-5 年內可望逐步發酵。而今年也是神基成立滿 30 周年，黃明漢也期許，接下來的 30 年、60 年，目標神基會是現在的 10 倍、20 倍大。
416,2019/11/09,〈熱門股〉可成大啃蘋果單 股價創11個月新高,金屬機殼大廠可成 () 第 4 季迎來傳統旺季，且 iPhone 持續熱銷，助攻營運攀今年高峰，加上明年蘋果新品連發，可成產能利用率將維持高檔，出貨也可望較今年成長，本周股價創下 11 個月新高，周漲逾 5%，收 279 元，站穩所有均線。外資指出，可成擁發展 3 利基，包括 iPhone 11 需求優預期、iPhone SE 2 將問世、折舊壓力減輕，其中，iPhone 11 銷售傳捷報，可成產能利用率明顯回溫，下半年營益率可回升至雙位數，第 3 季及第 4 季分別為 16.1%、17.4%。蘋果也將在明年第 1 季發表 iPhone SE 2，外資預計，此款 iPhone 將採用與 iPhone 8 相似的鋁製金屬外框，可成生產良率將維持過往水準，且隨著 5G 散熱需求增加，帶動金屬機殼模組升級，產品單價同樣看增，明年上半年營運有撐。隨著蘋果股價、市值不斷攀升下，蘋概股強勢表態，其中，可成周一股價強漲近 7%，收在 281.5 元，單日成交量也創近 1 年新高，周五則收在 279 元，同為 11 個月新高，觀察三大法人動向，本周合計買超 5180 張，外資買超最積極，本周買超 4119 張，投信也連 8 買，本周買超共 1451 張。
417,2019/11/09,〈熱門股〉順藥腦中風新藥進展順利 股價創近8個月新高,順藥 () 腦中風新藥進展大躍進，與中國上海醫藥簽署授權協議，可取得 2.6 億元 (約 11.3 億元) 里程碑金外，且全球腦中風藥品市場規模上看 4000 多億元，激勵本周股價最高衝上 32.65 元，創近 8 個月來新高。順藥與上海醫藥合作開發的新藥，為急性缺血性腦中風新藥 LT3001，順藥表示，據動物試驗證明，LT3001 具血管再通與降低血流再灌注損傷等效果。市場規模方面，據 WHO 統計，全球每年腦中風人數達 1500-1700 萬人，其中 8 成以上為急性缺血性腦中風，光是中國 40 歲以上罹患腦中風人數達 1242 萬人，每年死於腦中風的病患高達 196 萬，且發病率和患病率每年均有提升。法人看好，順藥除取得上億元里程碑金外，也有助進軍中國市場；順藥 10 月營收 221 萬元，月增 4412.24%、年增 4506.25%；累計前 10 月營收 1388 萬元，年減 66.88%。
418,2019/11/09,〈熱門股〉蘋果iPhone拉貨強 和碩股價創近15個月新高,代工廠和碩 () 受惠蘋果 iPhone 11 新機熱銷拉貨帶動，第 3 季財報亮眼，毛利率、營益率、純益皆創近 15 季新高，預期手機、平板等非資訊產品動能帶動，第 4 季營收將優於第 3 季，市場也樂觀看待明年蘋果 iPhone 新機需求，本周股價周漲 11.79%，創近 15 個月波段新高。和碩預期第 4 季資訊產品包含筆電、桌機等將季減雙位數，但手機、平板等非資訊產品動能仍強，估將季增 2 位數，整體營運可優於第 3 季，但因去年基期較高，年對年則將衰退，明年則樂觀看待 5G 需求，將成為各產品線動能。另一方面，和碩也申請回台投資逾 140 億擴大在台產能，加上位於印尼巴淡島的產線順利投產，未來不排除進一步在越南、印度設廠，擴大生產彈性。和碩第 3 季稅後純益 62.97 億元，季增 81.74%、年增 122.49%，每股純益 2.41 元，稅後純益、每股純益皆創下近 15 季新高。今年前 3 季稅後純益 110.93 億元，年增 0.27%，每股純益 4.25 元。
419,2019/11/09,〈熱門股〉健鼎前3季獲利亮眼 成交量爆衝創16年來單日最大,健鼎 () 第 3 季營收、毛利率及每股純益同創新高，每股純益 3.82 元，超越法人預期，前 3 季稅後純益 43.73 億元，每股純益達 8.32 元，8 日爆發出 1.56 萬張成交量，創 16 年來新高，股價收 133 元，周漲幅 15.56%。健鼎前 3 季稅後純益 43.73 億元，年增 25.93%，以目前股本 52.56 億元計，每股純益 8.32 元，健鼎今年每股純益可望達 10.75 元，2020 年每股純益為 11.97 元，2021 年每股純益為 13.06 元，將連 3 年每年賺回 1 個股本。PCB 廠健鼎受惠 HDI 製程需求提高，加上原物料價格持穩、匯率等加持下推升獲利上揚，8 日成交量達 1.56 萬張，但現股當沖比率占比高達 49.3%，短線上股價恐大幅震盪。
420,2019/11/09,〈熱門股〉台積電股價與市值雙寫新猷 周線連8紅,晶圓代工龍頭台積電 () 明年將迎來大成長年，營運動能強勁，本周股價再衝高，市值也續寫新猷，登上 8 兆元大關，不過周五 (8 日) 終場收在 305.5 元，失守 5 日線，仍站穩 300 元之上，周線連 8 紅。台積電董事長劉德音在上周運動會上表示，台積電已為 2020 年做好準備，將進行大幅投資產能的佈建，明年半導體產業雖仍充滿挑戰，但台積電擁有先進製程技術，且適逢 5G 轉換的一年，乘著 5G 潮流，對台積來說，將會是蠻好的、大大成長的一年。台積電 10 月營收達 1060.4 億元，創歷史次高，受惠蘋果新機 iPhone11 需求熱絡，拉貨力道強勁，加上高速運算動能續強，營收續站穩千億元之上，月增 3.8%，年增 4.4%；前 10 個月累計營收 8587.88 億元，年增 1.8%。據台積電財測，第 4 季營收估達 102 至 103 億美元，季增約 8.5-9.6%，中位數為 9 %，毛利率估 48-50%，營益率 37-39%，雙率均較第 3 季成長，受惠 7 奈米製程順利推進，雙率第 4 季穩朝長期目標毛利率 50%、營益率 39% 邁進。若以 1 美元兌換 30.6 元計算，台積電第 4 季營收約達 3121 至 3151 億元，可望改寫第 3 季寫下的單季營收新猷，全年來看，今年營收估可達 1 兆 648 億元至 1 兆 678 億元，年增 3.2-3.5%，符合先前預期的持平至成長 5％。觀察外資動向，從 10 月 18 日起，外資已連續 14 日買超台積電，買超張數共超過 9.4 萬張，不過，外資從 11 月 7 日起反手轉賣，7 日賣超 2646 張，8 日更擴大賣超 4685 張，台積電股價也因此中止連續創高態勢。
421,2019/11/09,〈熱門股〉富邦媒雙11買氣爆棚 股價衝1年半新高,電商年度盛事雙 11 購物節熱烈進行中，各大平台買氣熱絡，富邦媒 () 暖身慶業績已較平日成長高達 1 倍，由於富邦媒喊出今年造訪人次翻倍、訂單數翻倍和業績翻倍的三大目標，第四季營收續創高可期，本周股價先行反應，最高一度衝上 291 元，創 2018 年 4 月中旬以來新高，周線連 4 紅。富邦媒總經理谷元宏日前已喊出，今年造訪人次要翻倍、訂單數翻倍和業績翻倍的目標，在雙 11 前哨戰中，以 3C 和家電類買氣最旺，包括 iphone11、三星手機、掃地機器人和大型電視等都相當熱銷。富邦媒第三季合併營收衝上單季次高，僅次於去年第四季，隨著本季內需市場買氣大增溫，法人樂觀看待，第四季營收有望再寫新高紀錄。法人指出，去年台灣電商產值 1894 億元，滲透率僅 10.8%，佔整體零售總額比例仍小，隨著行動電商持續成長，富邦媒長期成長趨勢不變，尤其看好其未來 3-5 年內在全台強化布局短鍊衛星倉，將可更貼近一般生活需求，切入不同的消費市場，營收動能無虞。
422,2019/11/09,〈研之有物〉為什麼經濟成長、薪資卻停滯？從數據分析看見臺灣經濟發展的突破點,"中研院經濟所的楊子霆助研究員，分析實際數據發現： 實質 GDP 僅能反映國內生產數量，不代表國民消費能力，特別是近 15 年來，臺灣經濟仰賴「資通訊產業」出口，其生產品價格在全球競爭下越來越低，而大眾想消費的民生物品，卻因「原油價格上漲」越來越高，這造成「實質薪資」的成長大幅落後「實質 GDP」的成長。若要突破關卡，強化發展以人才價值為主的產業，是改變現有困境的方向之一。近 15 年來，臺灣經濟發展有個很奇特的現象，就是實質 GDP (亦即實質產出) 持續成長，但實質薪資卻停滯。根據主計總處的資料，在 2002 年以前，每工時實質 GDP 與每工時實質薪資成長趨勢類似，但 2002 年以後，實質 GDP 持續成長，而實質薪資的成長卻幾近停滯。許多人認為這個現象代表經濟成長果實分配給「受僱勞工」的比率越來越少，即「受僱人員報酬」占「國內生產毛額」的比重 (亦即勞動報酬份額) 下降。但我們檢視實際資料發現，勞動報酬份額的確從 1990 年代初期開始下滑，但在實質薪資開始停滯的期間，亦即 2002 年以後，就停止下降趨勢，在 42% 上下波動。換句話說，勞動報酬份額的變化可能難以解釋近 15 年來為何臺灣「實質 GDP 」與「實質薪資」會出現這麼大的成長差異。首先，大家通常只關注當期領到、可以立即用來消費的「薪資報酬」。但隨全民健保、勞退新制的實施，「非薪資報酬」的比例越來越高，例如勞健保、退休金提撥，也是「勞動報酬」的一部分，但卻沒算在實質薪資之內。忽略這部分的變化，會高估實質薪資成長「落後」實質 GDP 成長的幅度。 更重要的是，很多人忽略「實質 GDP 」與「實質薪資」其實是兩個不同的經濟概念。實質 GDP 衡量的是「生產力」，旨在估算國內「生產」數量，而實質薪資則衡量「購買力」，代表勞工薪資所能換取的「消費」數量。為了跨年度比較，實質 GDP 與實質薪資都是排除「物價變動因素」後產生，如此才能正確比較各年間的國內生產力 (亦即實質 GDP)、與勞工購買力 (亦即實質薪資)。因此，這兩個經濟變數在計算過程中，是除以不同的價格指數進行物價調整──「」與「」，前者代表的是「生產品價格」，後者代表的是「消費品價格」。臺灣大約在 2002 年後， GDP 平減指數 (生產品價格) 出現衰退 (下圖綠線)，而 CPI (消費品價格) 持續上漲(下圖黃線)，我們發現這讓以 CPI 進行物價調整的實質薪資的成長「大幅落後」以 GDP 平減指數進行物價調整的實質 GDP 的成長。進一步探索 GDP 平減指數下降，但 CPI 卻上升的原因，我們發現這個現象反映臺灣貿易條件的惡化，亦即「出口商品價格下滑」與「進口商品價格上漲」。過去 20 年來，臺灣產業結構有很大的轉變。在 1998 年，資通訊產業占工業產出的比重大概是 16% ，到了 2014 年，已提升到 42%；但很不幸地，我們押寶的資通訊產業，競爭十分激烈，產品價格在這段期間也跌掉了 50%，這可能是我國生產與出口產品價格下跌的重要因素。而消費與進口商品價格的上漲，則是由於原油價格在 2002 年後的飆漲所帶動。總的來說，過去 15 年臺灣的生產力雖然增加 (亦即實質 GDP 成長，見下圖綠線)，但卻是奠基在生產越來越低價的產品上，而民生消費物價因為原油價格飆漲，越來越貴。因此，如果我們將 GDP 改用消費品價格 (CPI) 做物價調整(見下圖黃線)，則會發現台灣國內生產所能換到的消費量(亦即 GDP 的購買力) 也如同實質薪資在 2002 年後出現停滯現象。大家會很直觀想到「分配問題」，也就是經濟成長果實沒有分配給勞工。但從前面提到的資料來看，勞動報酬份額在過去 15 年其實沒有太大變化，而且不論是薪資或 GDP ，只要是從購買力 (即以 CPI 做物價調整) 的角度來看，都是呈現停滯。所以要改善目前經濟狀況，問題的關鍵可能不在於 GDP 如何分配，而是在於如何把 GDP 的餅做大，發展附加價值高的產業，以擺脫低價競爭的循環。南韓的工業與臺灣有類似的問題，實質薪資的成長落後實質 GDP 的成長，原因在於南韓也是發展價格跌很快的「資通訊產業」，但南韓整體實質薪資的成長卻沒有落後實質 GDP 的成長太多，差別在南韓的「服務業」經濟表現很強。南韓的服務業，無論是生產力或是薪資都是明顯成長的狀態，也許跟醫療、教育、影視與觀光產業外銷有關。例如：招攬外國人到南韓進行醫美服務，開放外國學校在南韓設立分校、吸引外國人來就讀。而臺灣的服務業，不論生產力或實質薪資從 2002 年之後就幾乎全面停滯。臺灣政府可借鏡南韓，從發展服務業來突破經濟困境。加強發展附加價值高的產業，把 GDP 的餅做大，才有機會提高薪資。臺灣的服務業大多依靠內需，如何擴大服務貿易，像是吸引外國觀光客來台灣消費。另外，臺灣也許可以有條件地開放，讓更多外國人來消費醫療服務，但前提當然是要解決血汗醫療、醫療人手不足等問題。最後，臺灣教育法規的限制非常嚴格，國外大學沒辦法在臺灣設立分校，所以國外的資金沒辦法流入、讓教育環境的品質再提升。2008 年馬英九競選總統時，曾仿效美國提出「勞動所得稅扣抵制 (Earned Income Tax Credit, 簡稱 EITC) 」 作為政見。美國是第一個實施 EITC 的國家，這個制度的前身是經濟學家想推動「負所得稅制」，就是如果你沒有工作、或是工作所得為零，政府應該退你稅、也就是給你錢，顧名思義變成負的所得稅制。「負所得稅制」類似補助失業者津貼的概念，這個制度可以在「財政部」直接辦理，不需要在「內政部」另設一個福利單位來補貼失業者與低收入戶，讓施政更方便，所以它能降低許多行政成本。但許多人會覺得，這個制度是讓沒工作的人不勞而獲，所以引起很大反彈。因此，EITC 改良「負所得稅制」的做法，補貼未達到標準的工作者，但前提是「你一定要有工作」。上圖顯示，家庭年收入為零者無法取得補貼，不過有收入後可以拿到的補貼金額，最高點在家庭年收入為 10,000 美元左右的家庭，可以拿到約 4,500 美元的補貼，這筆補貼約佔低所得家庭年收入的 45% ，金額並不少。圖表也顯示，是否結婚與小孩數量也會影響補貼的金額，一直到家庭年收入達到 40,000 美元後，就不再補貼，只剩下課稅。在美國家庭中，男性大多數都有工作，女性則不一定，但此制度施行後，如果家庭收入變多，能領到的補貼也會增加，因而鼓勵未就業的女性也投入勞動市場。我想知道的是，這些美國家庭領到補貼後，他們的勞動供給會產生什麼變化？ EITC 多在每年二月發放補貼，我發現當這些家庭一次領到佔年收入近 50% 的補貼金時，他們的勞動供給產生變化，家中的女性就不去工作了，尤其在家中男性有工作的情況下。持續一段時間後，女性才又重返就業市場。從研究中可以理解的是，這些領到補貼的家庭多是貧窮的家庭，他們手上的現金不足。因為現金不足，導致信用狀況可能也不佳，所以也無法借錢，甚至可能到處負債。對這些貧窮家庭中的婦女來說，工作也許不是她們的最適選擇，但因為錢不夠用，所以只好不斷去兼職、打工，直到二月份拿到這一大筆補貼金，才能好好休息，等到錢花完了，才又必須開始工作。我的研究結果顯示在這些低收入家庭中，手頭可動用現金是非常緊繃的。美國有些研究也發現，這些家庭在二月份拿到錢後，家庭消費金額變高；我的發現是勞動供給變低。這是一致的，沒有工作後，休閒時間變多了，就會產生消費行為。無論是在消費面或是勞動面的發現，其實都反映了低收入家庭的困境，沒錢就沒辦法消費、也無法在想休息的時候減少工作。因此，若要實行 EITC 制度，不應該集中在某個月份發放補貼金，因為這些家庭就是缺錢，應該平均分散在每個月發放，讓他們可以在需要時使用。馬英九執政後，原本也想實施 EITC 制度，財政部與內政部就去調查哪些人符合資格，從資料去看哪些人報的稅很少、或是所得很低，結果發現有許多中小企業及工廠的老闆都符合資格，這顯示了許多人報稅不確實、隱匿所得。因此引起社會一片譁然與反對，取消了這個政策。由於臺灣的產業結構與美國不同，臺灣有許多中小企業與自營工作者，在申報收入時也許不是那麼確實，導致無法用報稅資料來了解是哪些人可以取得補助。也許政府應該用其他數據資料來作判斷，先釐清領取資格，才不會有不公平的情況產生。臺灣的人才一直出去，但很少人進來，這跟我們嚴格的移民政策有關。大家顧慮的是在「同一塊餅」當中去競爭，但如果是邀請這些人來一起「把餅做大」，大家都能享有比較多的利益。特別是不要限制一定要「白領移民」，臺灣用太多「單一的標準」做篩選。開放多元的人才移居臺灣，未來也許有機會替臺灣帶來新的發展機會，突破當今產業的瓶頸。儘管不知道會不會成功，但不同國家的人至少帶來新的可能性。臺灣面對少子化與人才外流的現況，需要借助移民、移工的智慧與人力，就像美國向全世界借大腦一樣。也許可以先把在臺的外籍配偶政策改得更友善，基於人道的考量，這個部分應該民眾的支持度會比較高，甚至讓在臺工作外國人的配偶也能取得居留證。當家人都在這塊土地上，就會更無後顧之憂地、願意一起在這裡努力。薪水不高、生活辛苦，的確是臺灣需要改善的地方。但臺灣社會是很動態、很有活力的，人民有機會發聲爭取，甚至有可能作出改變，我相信臺灣還是會越來越好。"
423,2019/11/08,iPhone熱銷助攻 文曄10月營收364.4億元 再寫歷史新高,半導體通路商文曄 () 今 (8) 日公布 10 月營收 364.41 億元，月增 4.78%，年增 15.2%；累計前 10 月營收 2748.54 億元，年增 25.34%。法人指出，隨著 iPhone 熱銷，拉貨力道明顯較去年提升，且從往年軌跡來看，手機拉貨力道最高峰落在 10 月，加上消費性產品市占持續提升，將推升第 4 季營運動能。文曄表示，往年手機拉貨最高峰皆落在 10 月，今年情形與往年一致，可望挹注第 4 季營運動能，加上各大品牌廠搶先發布 5G 新品，帶動手機相關營收成長強勁。不過，文曄今年因中國車用、工業市場需求疲軟，導致高毛利產品營收比重下降，且今年消費性產品市占持續增加，銷售板塊消長下，法人認為，文曄今年將獲利相對有壓。此外，德儀將在明年年底前終止代理權，文曄也將調整營運策略，預計下周一 (11 日) 法說會時，公布更明確的因應策略與營運佈局。
424,2019/11/08,鈺太Q3、前3季獲利創新高 前3季每股賺2.98元 全年可望上看4元,微機電麥克風廠鈺太 () 今 (8) 日公布財報，第 3 季稅後純益 0.48 億元，季增 20%，年增 71.43%，每股稅後純益 1.16 元。前 3 季稅後純益 1.18 億元，年增 40.48%，每股稅後純益 2.98 元。第 3 季、前 3 季獲利雙創新高，法人看好，第 4 季營運可望續揚，全年每股純益將突破 4 元。鈺太第 3 季合併營收 3.93 億元，季增 14.24%，年增 29.7%，毛利率 29.65%，季增 0.02 個百分比，年增 2.02 個百分比，營益率 14.8%，季增 2.7 個百分比，年增 4.19 個百分比；稅後純益 0.48 億元，季增 20%，年增 71.43%，每股稅後純益 1.16 元。鈺太前 3 季合併營收 10.1 億元，年增 24.08%，毛利率 29.98%，年增 1.12 個百分比，營益率 13.3%，年增 1.75 個百分比；稅後純益 1.18 億元，年增 40.48%，每股稅後純益 2.98 元。鈺太第 3 季受惠筆電需求明顯升溫，帶動營收成長，並創歷史新高，法人看好，第 4 季在 TWS(真無線藍牙耳機) 出貨轉強帶動下，營收將續創新高，加上智慧電視受惠高階市場延伸至聲控，推升高毛利產品出貨暢旺，獲利表現同樣看增，法人估，鈺太今年全年每股純益將突破 4 元。
425,2019/11/08,5G測試需求暢旺 京元電Q3純益、EPS雙創高 前3季每股賺1.66元,晶圓測試廠京元電 () 今 (8) 日公布財報，第 3 季在 5G 建置帶動下，晶片測試需求暢旺，稅後純益、每股稅後純益同創歷史新高，單季稅後純益 10.46 億元，季增 72.89%，年增 60.43%，每股稅後純益 0.86 元。前 3 季稅後純益 20.3 億元，年增 47.96%，每股稅後純益 1.66 元。京元電第 3 季合併營收 70.41 億元，季增 15.6%，年增 27.55%，毛利率 30.97%，季增 6.11 個百分比，年增 1.23 個百分比，營益率 19.78%，季增 6.65 個百分比，年增 2.54 個百分比；稅後純益 10.46 億元，季增 72.89%，年增 60.43%，每股稅後純益 0.86 元。京元電前 3 季合併營收 183.92 億元，年增 21.47%，毛利率 26.19%，年減 1 個百分比，營益率 14.41%，年增 2.36%；稅後純益 20.3 億元，年增 47.96%，每股稅後純益 1.66 元。京元電第 3 季受惠 5G 基地台建置需求熱絡，測試訂單滿載，帶動營收首度突破 70 億元大關，並創下歷史新高。法人指出，海思訂單將延續至今年第 4 季，且聯發科 () 首顆 5G 晶片也將量產，可望推升京元電營運表現，估京元電第 4 季營收將再創高、達 71 億元，全年將一舉衝破 250 億元，創下歷史新高。
426,2019/11/08,台灣去年共40名億萬富豪 平均每位坐擁21億美元資產,根據瑞銀與資誠共同發布的億萬富豪調查報告，台灣億萬富豪總資產去 (2018) 年較前年增加 11 億美元，合計資產規模達 855 億美元，平均每位資產約 21 億美元，且億萬富豪人數從去年的 35 位增加至 40 位，其中有 1 位是女性。報告統計，去年台灣億萬富豪總資產共 855 億美元，較前年增加 11 億美元、年增幅 1%，平均每位富豪約擁有 21 億美元；人數從前年 35 位增加至 40 位，其中有 11 位為新上榜的富豪，另有 6 位掉出榜外。報告指出，這 11 位新上榜的億萬富豪主要來自消費零售、原料、不動產及金融，平均年齡為 73 歲，其中 3 位為白手起家。進一步觀察這 40 位台灣億萬富豪中，有 27 位是靠自己白手起家，13 位財富來自於財產繼承；以性別來看，40 位億萬富豪中有一位為女性，平均年齡約 69 歲，高於全球平均年齡 64 歲。報告指出，這 40 位台灣億萬富豪中，有 16 位年齡在 70 歲以上，也因為年齡偏高，因此這些富豪也規劃在未來 20 年內，繼承 298 億美元給下一代。美中貿易戰影響波及富豪資產，全球億萬富豪今 (2019) 年的財富總值較去年縮水 3880 億美元，合計今年總資產價值約 8.5 兆美元，主要受貿易爭端、對經濟成長放緩與美元走強影響。瑞銀表示，全球億萬富豪在歷經過去 5 年的資產總值成長後，今年受美中貿易爭端影響導致資產縮水。但整體而言，全球億萬富翁財富仍較 5 年前增加 2.2 兆美元，成長幅度超過三分之一。觀察各地區億萬富豪資產表現，亞洲億萬富豪在過去 5 年呈現明顯增長後，去年經歷一波修正，但財富總值仍比 5 年前增加 3 倍；而美國億萬富豪則在科技業億萬富豪帶動下，財富總值逆勢增加。報告指出，在既有業務帶動，及顛覆性先市場推動下，科技業億萬富豪財富增幅超過其他產業，年增幅 3.4%、達 1.3 兆美元，相較於前 5 年，科技業富豪的淨值財富增幅高達 91%。
427,2019/11/08,敬鵬汽車板接單回溫 10月營收15.42億元月增7.48%,敬鵬 () 在第 4 季見到汽車板訂單回溫，今 (8) 日公布 10 月營收 15.42 億元，月增 7.48%，年減 1.11%，敬鵬主管指出，就第 4 季以來觀察，訂單已略見回溫，11 月接單也有明確回升，持續觀察汽車電子對產品的去化速度。每年 4-11 月為汽車板的銷售旺季，敬鵬 10 月營收 15.42 億元，月增 7.48%，年減 1.11%，為 6 月以來新高點，累計敬鵬前 10 月營收 150.43 億元，年減 13.17%。敬鵬尚未公布第 3 季財報，但就獲利面來看，敬鵬 2019 年第 3 季營收 43.36 億元，雖有部分匯兌損失，整體仍處獲利，第 4 季汽車板旺季中，敬鵬己見到訂單回籠。至於去年平鎮廠火警保險理賠，敬鵬認為最慢會在第 4 季入帳。敬鵬目前股價徘徊在 30 元附近，仍然低於第 2 季底的每股淨值的 39.12 元。
428,2019/11/08,手遊動能強 傳奇Q3純益季增1.86倍 前3季每股賺3.34元,遊戲廠傳奇 () 今 (8) 日公告第 3 季財報，受惠《風之國度》手遊營運動能強勁，單季稅後純益 1.49 億元，季增 1.86 倍，較去年同期轉盈，每股純益 1.35 元。前 3 季稅後純益 3.69 億元，較去年同期轉盈，每股純益 3.34 元。傳奇第 3 季合併營收 11.31 億元，季增 23.07%，年增 3.56 倍，毛利率 52.54%，季增 10.5 個百分點，年減 21.42 個百分點，營益率 17.24%，季增 8.59 個百分點，較去年同期的 - 10.51% 轉正；稅後純益 1.49 億元，季增 1.86 倍，較去年同期轉盈，每股純益 1.35 元。傳奇前 3 季累計營收 28.66 億元，年增 3.26 倍，毛利率 49.02%，年增 28.99 個百分點，營益率 16.23%，較去年同期 - 21.82% 轉正；稅後純益 3.69 億元，較去年同期轉盈，每股純益 3.34 元。傳奇以自有遊戲 IP《拉普拉斯的神子》，授權中國簡悅開發日系 MMORPG 手遊《風之國度》，去年 5 月在中國推出，12 月初也在台港澳雙平台上市，今年 4 月並進軍日本市場，寫下亮眼成績，成功拓展海外營運版圖。在《風之國度》動能強勁下，傳奇今年首季終結連 10 季虧損，每股賺 1.52 元，營運轉盈，且今年以來營收幾乎逐月改寫新猷，7 月營收登峰達 3.95 億元，前 10 月累計營收也寫下近 9 年新高紀錄，年增 3.23 倍，第 3 季營收也續創新高，突破 10 億元大關，獲利表現再攀揚。
429,2019/11/08,龍巖大賣彰銀股票 官股進場接備戰明年改選,龍巖 () 今 (8) 日公告處分 22 萬餘張彰銀 () 股票，由於交易方式採逐筆交易，加上今天彰銀股價平盤震盪整理，且交易前五大主力券商皆為公股券商，研判應是公股陣營進場接手，為明年彰銀改選儲存籌碼實力。龍巖宣布決議出脫彰銀股票，宣告退出明年彰銀董事改選，彰銀目前共有 9 席董事 (6 席一般董事、3 席獨董)，目前公股陣營握有 3 席一般董事、2 席獨董並掌有經營權，台新金 () 握有 2 席一般董事、1 席獨董，龍巖拿下一席一般董事。至於明年財政部是否要奪回龍巖遺留的席次，知情人士說，明年改選涉及自然人董事，因此明年公股要拿多少席次才能保有經營權仍是未知數，但維持續掌經營權仍是不變目標。根據證交所公告，今天彰銀鉅額交易採逐筆交易，證券分析師表示，單一股票鉅額逐筆交易通常都是事先談好的「你丟我撿」，也因此即便龍巖一口氣在市場 22.4 萬張彰銀股票，但在特定買盤接手下，股價持續在平盤上下震盪，並未大幅走跌。從主力進出狀況來看，買超前五大券商前四名由公股體系券商包辦，其中台銀證券與兆豐證券分別買超 1200 張、1046 張，第一金證券忠孝分行與第一金證券分別買超 475 張、449 張。進一步拉長時間點，近一個月交易日中，前十大主力買超券商中官股券商就占了五名，包括兆豐證、台銀證、合庫證、華南永昌與第一金證都是主力買超券商，不難看出官股陣營著力痕跡。知情人士指出，彰銀股價進幾個月在買盤搶進下推升股價站上波段新高，單季漲幅 15%，研判應該是公、民股競相加碼下，激勵股價一路攻高，儘管龍巖逐步出清持股，但預期在公、民股陣營爭搶下，可望支撐彰銀股價不至於重挫。對於龍巖大賣彰銀持股，財政部次長阮清華坦言，確實有注意到龍巖出脫彰銀持這件事，公股陣營將密切關注彰銀持股變化，一切以盡全力維護公股權益為最大目標。
430,2019/11/08,緯軟前3季純益3.39億元超越去年全年 EPS 5.11元,緯創軟體 () 今 (8) 日公布第 3 季財報，稅後純益 1.13 億元，季減 20.88%、年增 39.07%，每股純益 1.71 元，累計前 3 季稅後純益 3.39 億元，年增 73.3%，已超越去年全年獲利，每股純益達 5.11 元。法人表示，今年上半年在中國、台灣、香港、日本、美國業務等成長帶動下，對資訊委外服務市場的前景持正面態度，預期未來 10 年資訊委外服務向上成長趨勢不變，尤其看好數位轉型需求，與新興數位服務。緯軟第 3 季營收 13.49 億元，季減 4.19%、年增 27.64%，毛利率 25.02%，季減 1.04 個百分點、年增 2.14 個百分點，營益率 8.87%，季減 0.98 個百分點、年增 3.59 個百分點；稅後純益 1.13 億元，季減 20.88%、年增 39.07%，每股純益 1.71 元。緯軟累計今年前 3 季合併營收達 40.42 億元，年增 42.4%，毛利率 25.03%，年增 0.66 個百分點，營益率 8.84%，年增 3.03 個百分點，稅後純益 3.39 億元，年增 73.3%，每股純益 5.11 元。緯軟今也公布 10 月營收為 4.18 億元，月減 0.9%、年增 18.4%，累計前 10 月合併營收 44.61 億元，年增 40.18%。
431,2019/11/08,台股週線連4紅 市值首破35兆元,台股本週開高走低，但在外資持續買超下，單週仍大漲 180 點、週線連四紅，全體上市公司總市值首次突破 35 兆元，站上歷史新高。分析師表示，目前外資籌碼鬆動、MSCI 調降台股權重，以及技術性指標過熱等三項指標觀察，大盤短線恐難逃修正壓力。啟發投顧副總李永年表示，台股在外資斥資逾 1600 億元、連續 20 個交易日買超下，推升大盤指數持續攻高，目前外資雖仍持續在現貨市場買超，但在卻連續三天賣超，顯示外資籌碼有開始鬆動跡象。李永年進一步指出，MSCI 指數今天調降台股權重、調升陸股權重，加上美中貿易談判可望在本 (11) 月完成簽署，加上台股技術性指標過熱，屆時恐牽動市場資金挪移，大盤恐將引發拉回修正。以技術面來看，台股月初在 11399 點到 11451 點區間形成跳空缺口，換言之，當指數拉回至跳空缺口，代表已經完成築底，可望逐漸反彈向上。安聯台灣智慧基金經理人鍾安綾表示，8 日大盤收盤雖失守 5 日線，但應為反應日前創下 29 年新高表現的回檔整理，下週短線可先觀察 5 日線和 10 日線能否守住，若短線上失守，則可進一步留意是否回補 11 月 4 日、11 月 6 日的跳空缺口。富蘭克林華美第一富基金經理人林彥豪分析，大盤不斷向上墊高，漲多賣壓拉回屬良性盤勢表現，尤其部分個股已經反映明年展望漲高，建議投資人可逢低布局股價落後、具業績表現支撐的傳產、消費類、金融股，同時留意中美貿易談判後續的消息面變化，將成左右大盤走向。
432,2019/11/08,大成攜手日本昭和產業擴大投資 擬再投資20億元,大成 () 今 (8) 日經董事會通過，將攜手即有合作夥伴日本昭和產業株式會社，擴大在台投資，產品項目包括麵粉及蛋品事業，大成預計將投資 20 億元，為台灣食品、農產加工業再引進日本的投資的資金。大成與昭和在 2003 年就有合作事業，於中國天津生產裹粉，2014 年雙方在上海也合作生產麵粉，此次擴大合作計畫選擇在台灣進行蛋品以及麵粉產業合作。大成此在台投資計畫，預計 12 月 17 日正式簽約。蛋品事業上，目前大成旗下中一食品股本 1.6 億元，未來將進行現金增資，將以每股 10 元發行新股 1.04 億股，完成增資後，昭和產業持股 35%，大成持股 65%，未來大成將把蛋品事業部分資產轉售中一，土地價值約 1.03 億元，建物以及附屬設備約 4.03 億元，營業設備 2.01 億元，合計為 7.07 億元。麵粉事業上，大成旗下國成麵粉目前股本約 1.987 億元，未來將以溢價每股 13 元發行新股約 4113 萬股，將國麵粉成資本額提高到 6.1 億元，未來大成持股約 55%，日本昭和產業持股約 40%。大成董事長韓家宇先前即指出，將持續在台灣、中國與東南亞市場深耕布局。大成看好台灣食品業發展，今年第 1 季投資 24 億元在嘉義馬稠後產業園區興建全新食品工廠，未來以雞、豬加工品類為主，投產後每月產能將達 2500 噸，將是台南食品加工舊廠的 2.5 倍。大成嘉義馬稠後食品廠預計將在 2020 年第 1 季完工投產，生產項目以雞、豬加工品類為主，包括零食小點類、運動蛋白補給品類、運動營養液、膠原蛋白液、養生食補系列、台灣特色伴手禮、鍋物料類、拌麵醬料包，投產後預計產能為每月 2500 噸，年營收達 40 億元。
433,2019/11/08,〈台灣大法說〉初期5G基地台需逾4000座 估建置成本上看百億元,台灣大 () 今 (8) 日召開線上法說，針對明年 5G 商轉，總經理林之晨表示，1 座 5G 基地台成本約 10-20 萬美元，若照 NCC 規劃的建置義務，至少需  座基地台，法人估，基地台初期建置成本就上看百億元。林之晨表示，據政府規劃，3.5GHz 頻段釋出 270MHz 頻寬，建設義務為至少 1000 個基地台、電波涵蓋範圍達營業區人口數 50%，預估 1 座 5G 基地台成本為 10-20 萬美元，且若以 50% 涵蓋率計算，大概需要  座基地台，但最後的成本價格與數量，需以實際布建規劃而定，法人估，光是 5G 基地台初期建置成本，至少 200 億元。5 家電信業者均已向 NCC 完成 5G 頻譜競標遞件作業，且將於下周二 (12 日) 與 NCC 面談，林之晨表示，是否有其他業者加入競標不得而知，但因會與 NCC 面談，可能會剔除不合格的廠商。5G 規劃與策略方面，林之晨表示，策略較不方便公布，不過會以理性、有條理方式，籌備未來 10-20 年的 5G 建置計畫。此外，台灣大宣布，以 6 億元認購 AppWorks 管理的 AppWorks Fund III(本慧創投基金)，成為該創投基金的重要投資人，台灣大可透過 AppWorks 提供的服務，與創新有進一步的連結，挹注台灣大轉型。林之晨表示，AppWorks 是大東南亞創業加速器，其生態系共有 1044 位創業者、351 家新創，年營收約 28.6 億美元，總估值為 39.7 億美元。
434,2019/11/08,超商雙雄10月營收亮麗 統一超創第三高、全家創次高,時序進入超商傳統淡季，不過，統一超 ()、全家 () 今(8) 日公布的 10 月合併營收仍繳出好成績，統一超達 217.7 億元，較去年同期成長 6.81%，並創單月第三高紀錄，而全家來到 68.67 億元，更創單月次高。統一超指出，7-ELEVEN 大型複合店 Big7 進駐新北市和桃園，並推出最新品牌聯名「米奇與好朋友主題店」，透握新型態店型創造話題，帶動單店營運。另一方面，轉投資事業包括菲律賓 7-ELEVEN 店數穩定成長，星巴克持續深化精品咖啡經營，康是美強打周年慶活動，而統一速達因近來百貨週年慶及電商提早展開雙 11 檔期，配送需求增加，均挹注業績。預購方面也為 7-ELEVEN 添成長動能，統一超說明，目前以團購、鍋物、家電用品三大結構最熱銷，業績已較去年同期大增超過 2 倍。全家則指出，10 月受惠於國慶連假、萬聖節節慶商機，以及秋冬型新品陸續上市，鮮食成長近 14%，同時，在國際咖啡日與金馬獎聯名等話題帶動，杯裝現煮飲料成長 15%。累計前 10 月，統一超合併營收為 2128.92 億元，年增 4.58%；而全家為 644.85 億元，年增 8.45%。進入第四季後，7-ELEVEN 看好入冬換季需求和年底節慶商機，預估將帶動另一波消費，全家則強調，將陸續推出溫熱型商品，包括濃郁型鮮食、羽絨外套、巧克力等，並強化雙十一大型促銷活動和年菜預購布局，衝刺全年最後一季的業績。
435,2019/11/08,創見Q4營運將優於Q3 明年也會比今年好,記憶體模組廠創見 () 今 (8) 日召開法說會，董事長束崇萬表示，目前 DRAM 與 NAND Flash 價格相對持穩，加上旺季備貨需求帶動，第 4 季營運將優於第 3 季，明年也會比今年好，他並看好，DRAM 與 NAND Flash 跌價循環將結束，明年可望反彈走揚。束崇萬表示，過去 2 年以來，公司持續去化庫存，剛好 DRAM 與 NAND Flash 歷經一波跌價潮，創見也因庫存管理得宜，存貨損失相對較小。從存貨金額來看，2017 年 6 月時，存貨金額還有近 60 億元，但今年第 3 季已下降至約 17 億元，大幅減少逾 7 成。束崇萬指出，目前庫存中，約 7 至 8 成為嵌入式產品存貨，而整體庫存正處於相對偏低水位，第 4 季起將調整存貨策略，開始建立庫存。過去 2 年除積極去化庫存外，創見也積極調整產品佈局，束崇萬表示，由於標準型 DRAM 等商用型產品營運風險較大，近來已專注於嵌入型或策略型等高價值產品，追求獲利表現。從今年第 3 季營收占比來看，標準型 DRAM 由 2017 年的 18.2% 下降至 15.8%，消費型 Flash 由 18.8% 小幅減少至 18.6%，策略型產品由 19.2% 提升至 21%，工控產品也由 43.9% 拉升至 44.6%。記憶體價格方面，束崇萬也看好，DRAM 與 NAND Flash 歷經過去一年多的跌價，循環週期將至，差不多快進入價格反轉時期，看好明年價格可望反彈走揚。展望本季，束崇萬表示，由於 NAND Flash 與 DRAM 價格相對持穩，且旺季備貨需求仍在，營運可望優於第 3 季，明年在價格持續改善，且 5G 需求啟動下，看好整體營運將優於今年。
436,2019/11/08,◆投信連續3日賣超個股,投信連續 3 日賣超個股1. 投信連續賣超 3 日的股票(3037) 聯詠、(2383) 鴻海、(6213) 和碩、(6278) 開發金、(2329) 中鋼2. 投信連續賣超 2 日的股票(2383) 台光電、(3037) 欣興、(6213) 聯茂、(2329) 華泰、(6278) 台表科3. 投信當日 (8) 賣超的股票(2383) 台光電、(2329) 華泰、(2316) 楠梓電、(6269) 台郡、(2458) 義隆
437,2019/11/08,◆投信連續3日買超個股,投信連續 3 日買超個股1. 投信連續買超 3 日的股票(2891) 中信金、(3231) 緯創、(2313) 華通、(2448) 晶電、(2882) 國泰金2. 投信連續買超 2 日的股票(2891) 中信金、(3231) 緯創、(2313) 華通、(2448) 晶電、(2882) 國泰金3. 投信當日 (8) 買超的股票(3231) 緯創、(2313) 華通、(2448) 晶電、(2885) 元大金、(4938) 和碩
438,2019/11/08,◆外資連續5日賣超個股,外資連續 5 日賣超個股1. 外資連續賣超 5 日的股票(00632R) 元大台灣 50 反 1、(2610) 華航、(2344) 華邦電、(2367) 燿華、(2801) 彰銀2. 外資連續賣超 4 日的股票(00637L) 元大滬深 300 正 2、(2610) 華航、(1216) 統一、(2344) 華邦電、(2885) 元大金3. 外資連續賣超 3 日的股票(00637L) 元大滬深 300 正 2、(1216) 統一、(2367) 燿華、(2885) 元大金、(2313) 華通4. 外資連續賣超 2 日的股票(00637L) 元大滬深 300 正 2、(1216) 統一、(2884) 玉山金、(2367) 燿華、(2337) 旺宏5. 外資當日 (8) 賣超的股票(1216) 統一、(2883) 開發金、(2337) 旺宏、(2885) 元大金、(2330) 台積電
439,2019/11/08,◆外資連續5日買超個股,外資連續 5 日買超個股1. 外資連續買超 5 日的股票(2317) 鴻海、(00672L) 元大 S&P 原油正 2、(3481) 群創、(2888) 新光金、(2409) 友達2. 外資連續買超 4 日的股票(2317) 鴻海、(3481) 群創、(2888) 新光金、(00672L) 元大 S&P 原油正 2、(2409) 友達3. 外資連續買超 3 日的股票(2317) 鴻海、(3481) 群創、(2888) 新光金、(2409) 友達、(2882) 國泰金4. 外資連續買超 2 日的股票(2317) 鴻海、(2888) 新光金、(4938) 和碩、(8150) 南茂、(2409) 友達5. 外資當日 (8) 買超的股票(4938) 和碩、(2317) 鴻海、(8150) 南茂、(2888) 新光金、(3231) 緯創
440,2019/11/08,〈ITF旅展〉餐券、住宿券超搶手 三大飯店衝出千萬業績,2019 ITF 台北國際旅展今 (8) 日開展，各大飯店業者積極銷售住宿券、餐券，陸續傳出好成績，晶華 () 指出，目前旅展總業績已近億元，估今年年增幅可望達 10%，寒舍 () 則是已衝上 6000 萬元，暫維持持平表現，而六福 () 繳出 1650 萬元好成績，年增 13%。晶華指出，開展首日創下業績約 1300 萬元，加上開展前兩周的線上旅展營收約 6600 萬元，以及為期兩周的快閃店營收約 2000 萬元，目前旅展總業績已近億元，以此銷售盛況，預估今年業績年增可望達 10%。寒舍表示，今年集團由台北喜來登大飯店、台北寒舍艾美酒店、寒舍艾麗酒店及自有度假休閒品牌礁溪寒沐酒店聯袂參展，截至目前，加計線上旅展業績已超過 6000 萬元，其中，首日熱銷商品冠軍是十二廚自助餐券，狂銷超過 1.5 萬張。寒舍也指出，由於尾牙將近，有企業百萬刷手一口氣刷下 5000 張探索廚房自助餐券，創下今日單筆銷售榜首。而今年寒舍為優惠購物體驗，推出線上旅展購物車服務，跨館購買多筆商品可一次結帳付清，同時增添取票便利性開放於 7-ELEVEN 可 IBON 取票，推動礁溪寒沐祭出一泊一食及二食住宿券熱銷超過 1000 組。晶華指出，由於經濟不景氣，許多公司行號也趁著年底前最後一波的折扣機會到現場購買尾牙、春酒或團體出遊等優惠票券，線上旅展甚至出現同一位消費者分批購買近 300 萬的票券。六福表示，截至目前線上旅展業績已達 1200 萬元，再加上首日現場業績，總計 1650 萬元，年增 13%，以六福莊住宿專案最受歡迎，而旗下六福萬怡酒店敘日餐廳自助餐券也熱銷。國賓 () 則指出，由於在旅展僅銷售台北國賓明園自助餐券、三館聯合住宿券和高雄國賓住宿券。首日業績約為 120 萬元，與去年同期持平，加計線上旅展業績，目前營收約 210 萬元。
441,2019/11/08,樺漢10月營收月減15% 前10月創同期新高年增逾2成,鴻海 () 旗下工業電腦廠樺漢 () 今 (8) 日公告 10 月營收 69.72 億元，月減 15%、年增 4.2%，累計前 10 月營收 642.13 億元，年增 23.1%，仍創同期新高；而包含樺漢主體在內，旗下三家子公司 10 月營收表現同步降溫，造成營收下滑。由樺漢旗下各公司來看，網安設備廠瑞祺電 ()10 月營收 4.07 億元，月減 24.8%、年增 14.2%；不過累計前 10 月營收 34.06 億元，年增 0.6%，扭轉累計前 9 月營收衰退的局面。設備廠帆宣 () 10 月營收 17.29 億元，月減 13.8%、年減 7.8%；前 10 月營收 192.73 億元，年減 4.7%；10 月反映進入淡季的效應，前 10 月營收表現也低於去年。沅聖 ()10 月營收 7.51 億元，月減 6.8%、年增 3.6%；不過前 10 營收 64.49 億元，年增 11.4%，表現相對穩健。另一工業電腦大廠研華 () 也公告 10 月營收達 47.89 億元，月減 4%、年增 15.2%；前 10 月營收 454.48 億元，年增 12.2%。
442,2019/11/08,CPU再傳缺貨 華碩、宏碁10月營收雙雙下滑月減逾2成,筆電雙 A 品牌大廠華碩 ()、宏碁 () 今 (8) 日公布 10 月營收，受英特爾 CPU 再傳缺貨影響，營收雙雙月減逾 2 成，分別達 273.56 億元、178.19 億元，月減 22%、26.8%，法人表示，雙 A 新品陸續上市，可望成為營運動能，惟 CPU 缺貨造成短期營運遇逆風。華碩 10 月品牌合併營收 273.56 億元，月減 22%、年增 9%，累計今年前 10 月品牌合併營收 2553.14 億元，年減 2%。華碩表示，營運趨勢持續正向，預期電競、輕薄筆電將成兩大動能，在產品及營運管理上改善，已逐步發揮效益，惟貿易戰對總體經濟環境及消費力影響，及處理器供貨尚有不穩定因素，是短期較大營運風險。宏碁 10 月合併營收 178.19 億元，月減 26.8%、年減 10.72%，累計今年前 10 月合併營收 1905.21 億元，年減 4.05%。宏碁表示，10 月營運動能受 CPU 供貨影響，但轉型建立的多重事業引擎持續發酵，如安碁資訊 ()、智聯服務公司、展碁國際公司、安圖斯科技、酷碁公司等成長動能持續發酵，加上創作者 ConceptD 系列日前正式在台灣、東南亞市場開賣，可望成為第 4 季成長動能。2020 年美國消費性電子展創新獎今 (8) 日也公布得獎名單，華碩與旗下 ROG 玩家共和國以智慧型手機 ASUS ZenFone 6、電競手機 ROG Phone II、輕薄筆記型電腦等共獲得 11 座獎項，宏碁也以 Acer C250i 投影機、Acer Swift 5 超便攜筆電等拿下 3 項獎項。
443,2019/11/08,AOI設備廠10月營收遇逆風 晶彩科不及千萬元 創42個月新低,AOI 設備廠 10 月營收遇逆風，晶彩科 () 10 月營收 954 萬元，為 42 個月新低，另外陸續公布的牧德 () 10 月營收 1.72 億元，創 24 個月來新低，由田() 今(8) 日也公布 10 月營收達 1.21 億元，同創 20 個月來新低。晶彩科 10 月營收為 954 萬元，月減 79.21%，年減 84.68%，累計 2019 年前 10 月營收為 15.82 億元，年增 32.79%，晶彩科主管指出，10 月出貨機台數量，較去年同期減少，此屬正常現象。晶彩科大股東由田 10 月營收為 1.21 億元，月減 43.24%，年減 66.65%，2019 年前 10 月累計營收為 20.94 億元，年減 13.65%，由田主管指出，目前對今年第四季營運狀況，較謹慎看待。由田去年受惠印刷電路板及顯示器產業持續暢旺，加上掌握中國面板客戶擴產需求，全年營收 31.16 億創新高，墊高去年基期，今年下半年由於貿易戰引發關稅加徵、國際局勢不明等因素干擾，傳部分業者擴廠放緩，尤其顯示器產業，價格與利潤都下滑，部分顯示器製造商更調整大型 LCD 面板產量，削減或推遲擴產計畫，連帶導致上游設備商營運下滑。目前市場雖受保守氛圍影響，大部分設備商營運不如預期，不過受惠 5G 時代來臨，整體產業可望逐步回溫，特別是 PCB 業者將針對市場 5G 需求擴充產能，其中軟板廠和載板廠動作最為積極，對設備需求將逐步成長，進一步帶動設備商營運回溫；由田對 2020 年整體營運表現，審慎樂觀看待。牧德 10 月營收為 1.72 億元，月減 4.91%，年減 45.52%，創 24 個月來新低，累計前 10 月營收 22.65 億元，年減 12.31%，牧德前 3 季稅後純益 7.68 億元，年減 19.58%，每股純益為 18.02 元，仍居設備股之冠。牧德主管指出，由於銷售產品組合不同，且整體景氣不佳，高單價半導體檢測設備如矽晶圓檢測、COF 產品檢測設備等出貨時程延後，預計認列營收時間點，將遞延至 2020 年第 1 季後。
444,2019/11/08,〈ITF旅展〉限定行程熱銷 雄獅接獲企業包團、家族旅遊大單,2019 ITF 台北國際旅展今 (8) 日開跑，全台最大旅行社雄獅 () 表示，旅展首日即有企業主特到現場搶購限定商品，為員工旅遊包下整團東北亞行程，單筆總金額達 78 萬元，長程線也出現家族旅遊大單，單筆總金額 67 萬元。雄獅指出，旅展首日熱銷區域行程依序為東北亞、港澳大陸和東南亞，買氣強強滾，尤其有企業主特來現場搶購限定商品，包下整團要進行員工旅遊，單筆總金額達 78 萬元 (東京希爾頓 5 日，售價 30888 元 / 人，總人數 25 人)。而長程線也有出現家族旅遊大單，單筆總金額 67 萬元 (特選埃及豔后 11 日，售價 67000 元 / 人，總人數 10 人)。此外，郵輪已是時下最夯的新型態旅遊，雄獅旅展獨家限定的世界夢號香港 3 日行程，挑戰市場最低價 6999 元起，首日即銷售超過百位；而 2020 年的威尼斯號賞櫻 8 日因祭出闔家出遊、兒童免費的超值優惠，現場也吸引許多親子族群下單。鳳凰旅遊 () 則表示，最後一季雖為傳統淡季，但配合季節性推出如賞楓、德國啤酒節、歐洲聖誕市集等產品包裝，受消費者青睞，正在旅展加強推廣第四季及明年前兩季的預先銷售。鳳凰也指出，明年短線遊輪包船的盛世公主號，共計 38 航次已上架銷售，其中有三梯 (3/23、3/28、4/02) 賞櫻航程搭配最佳賞櫻時節，旅客詢問度高。
445,2019/11/08,〈致新法說〉Q4淡季不淡 全年獲利可望大躍進,電源管理 IC 廠致新 () 今 (8) 日舉辦法說會，總經理吳錦川表示，第 4 季雖面臨季節性調節壓力，但中國面板產能持續開出，有助營運動能延續，法人指出，致新前 3 季每股稅後純益已達 6.55 元，超越去年全年 5.53 元，第 4 季淡季不淡助攻下，全年獲利可望明顯成長。法人估，致新第 4 季營收約落在 14.7 至 15.8 億元，全年營收估可達 55 億元，年增雙位數，每股純益上看 8.5 元，可望創新高。吳錦川指出，致新今年業績走勢與往年不一致，受美中貿易戰影響，客戶自第 2 季起開始拉貨，使第 3 季與往年相比，季增幅較往年衰退，預計第 4 季與往年相比，季減幅度也可望縮減。此外，美中貿易戰也帶來機會，吳錦川表示，台灣面板相關 IC 與德儀的重疊度高，德儀近期不再推出新產品，長遠來看，台廠的確有機會受惠中國去美化的趨勢，但開發及導入需要時間，短期內不會看到明顯效益。至於筆電的電源管理 IC 方面，德儀因是 IDM 廠，利用整合元件方式提供客戶，相比台面板相關 IC 廠，能獲轉單的機會較小。吳錦川強調，致新持股類比科約 52%，但目前因礙於股權尚未 100% 收購，無法透過共享資源，將效益最大化，預計短期內的併購效益仍相當有限。
446,2019/11/08,威剛10月營收月增近1成 Q4可望持平Q3,記憶體模組廠威剛科技 () 今 (8) 日公告 10 月合併營收 21.19 億元，受惠 SSD 需求熱絡，營收月增 1.95%，年減 11.54%；前 10 個月累計營收 205.91 億元，年減 23.83%。威剛看好，記憶體價格相對持穩，在備貨需求支撐下，第 4 季營收有機會與第 3 季相當。威剛指出，10 月固態硬碟 (SSD) 業績穩健發展，營收年增近 5 成，為今年單月該業績營收次高，占整體營收比重 33.77%，也是連續 4 個月 SSD 產品營收比重逾 3 成以上。威剛預期，短期內 NAND Flash 價格仍持穩，SSD 產品需求將一路轉強。威剛表示，2018 年 NAND Flash 價格一路修正後，SSD 市場需求開始回籠，自今年 7 月起，NAND Flash 價格陸續回升，SSD 市場需求熱度仍不減，帶動今年前 10 個月 SSD 產品總營收，年增高達 44%，占整體營收比重也近 3 成，受惠價格因素激勵，看好今年整體筆電搭載 SSD 產品滲透率，將順利突破 60%。展望本季，威剛預期，DRAM 及 NAND Flash 價格相對穩定，傳統消費旺季仍將有基本備貨需求，預估第 4 季整體業績表現將有機會與第 3 季相當。
447,2019/11/08,台達電10月營收修正 前10月仍創同期高年增15.2%,台達電 () 今 (8) 日公告 10 月營收 231.16 億元，月減 1.3%、年增 8.5%，不過，受惠併入泰達電，台達電前 10 月營收 2230.54 億元續創同期新高，年增 15.2%。董事長海英俊日前預估，在零組件、風扇等應用支撐下，第 4 季營收估持平第 3 季。以台達電 10 月各產品營收占比來看，電源及零組件約占 53%、基礎設施應用 34%、自動化產品 13%。依照台達電的預估，第 4 季零組件訂單能見度較高，風扇也較上季稍微成長，電源、電信應用則估持平。不過，由於工業自動化 (IA) 尚未明顯回溫、電動車零件也還沒有起來，整體營運估與第 3 季持平。展望明年，法人看好，受惠電信客戶併購案的問題可望解決，遞延的訂單將陸續重啟出貨，加上泰達電的併購效益也可望在明年上半年發酵，都有助營運回溫。台達電第 3 季受到筆電電源、電信電源需求不振，加上工業自動化需求疲弱、泰達電併購效益尚未顯現，稅後純益季減 46.2%、年減 15.8%，每股純益 1.97 元。
448,2019/11/08,〈台灣大法說〉iPhone 11銷售旺 申辦量年增逾3成,台灣大 () 今 (8) 日召開線上法說，總經理林之晨表示，iPhone 11 系列新機銷售暢旺，購機申辦量年增 33%，銷量優於市場預期，可以延續多久動能，仍難以估計。台灣大第 3 季營收中，電信 56%，季減 5%、年增 2%，有線電視占 5%，季減 3%、年減 4%，零售占 40%，季增 23%、年增 26%。行動業務方面，林之晨表示，受惠 iPhone 11 系列新機銷售暢旺，購機申辦量年增 33%，資費 999 元以上搭配家電、3C、手機配家電等綁約量年增 118%，雖然新機銷售優市場預期，銷售動能可延續，但可延續多久仍難估計。林之晨表示，集團策略持續發酵，第 3 季物聯網裝置數年增 44%，資通訊、雲端、物聯網等服務營收年增 146%。資本支出部分，林之晨表示，電商平台 MOMO 日前追加預算 6.3 億元，購置土地併建南區物流中心，今年合併資本支出預算，將從約 64 億元調整為 71 億元，但仍低於去年的 89 億元。台灣大第 3 季稅後純益 32.53 億元，季增 1.5%，年減 0.6%；EBITDA 83 億元，季減 1.5%，年增 9.3%，每股純益 1.17 元；累計前 3 季稅後純益 95.3 億元，年增 12.1%；EBITDA 251.37 億元，年增 12.2%；每股純益 3.46 元。
449,2019/11/08,客戶拉貨觀望 環球晶10月營收44.21億元 創近21個月低點,矽晶圓大廠環球晶 () 今 (8) 日公告 10 月合併營收 44.21 億元，由於部分客戶仍在去化庫存，季初拉貨採觀望態度，使營收月減 12.46%，年減 16.3％，為近 21 個月低點；前 10 個月累計營收 490.1 億元，年增 0.59%。環球晶由於長約比重高，而部分客戶仍在去化庫存中，在季初或季中未能拉貨的合約量，會在季底完成拉貨，因此每季營收大多呈現逐月走揚態勢。展望後市，環球晶董事長徐秀蘭表示，第 3 季市場需求持續改善，但半導體產業受大環境不確定因素影響，能見度仍不高，不過，從客戶端釋出的訊息來看，對明年展望樂觀，但因客戶持續去化庫存，估明年下半年營運將優於上半年，整體 12 吋、8 吋需求將優於 6 吋，也因產品組合改變，整體 ASP 將稍高於今年。徐秀蘭也說，在客戶年底前持續去化庫存下，第 4 季很有可能會受到更多長約客戶，盼能延遲出貨至明年第 1 季的壓力。不過，她也說，也因矽晶圓處半導體業最上游，矽晶圓需求復甦的跡象，會較下游製造商晚 1 至 2 季反應。合晶 () 今日也公告 10 月合併營收 5.93 億元，月增 0.13%，年減 32.76%，近 3 個月高點；前 10 個月累計營收 65.38 億元，年減 15.62%。合晶看好，第 3 季營運已落底，第 4 季雖將逐步回溫，但復甦力道有限，營運估與第 3 季持平，並看好明年上半年整體市場需求將逐漸好轉。
450,2019/11/08,龍巖決議全數處分彰銀持股 貢獻每股純益8.33元,禮儀服務業龍巖 () 今 (8) 日由董事會決議，全數處分手中投資的彰銀 () 持股，依相關資料顯示，龍巖持有彰銀 39.1 萬張，預估處分利益達 35 億元，依目前 42 億元股本計算，貢獻每股純益 8.33 元。彰銀今日盤後出現約 22.41 萬張鉅額逐筆交易成交，平均成交價 23.2 元，龍巖也證實是由該公司釋出持股。龍巖主管指出，持股彰銀是財務投資，2013 年起陸續買入，累計投資總金額計 56 億元，今日經董事會決議通過處分全數持股，若以今天的收盤價每股 23.2 元估算，市值約 91 億元，資本利得約 35 億元。龍巖主管指出，加計投資彰銀期間所收取的現金股利，總投資收益達 42 億元，此次處分投資彰銀所回收之本金與收益，將投入本業發展，期待能推動另一波的產業革新。龍巖已公布 2019 年前 3 季財報，營收 34.77 億元，稅後純益為 19.28 億元，每股純益已達 4.59 元。
451,2019/11/08,長榮航太與長異擴大合作 持股增至49%,長榮航 () 今 (8) 日發布重訊指出，旗下長榮航太董事會決議通過，認購轉投資公司長異發動機維修公司的股權，並處分發動機維修相關資產予長異，擴大合作範圍，提高轉投資效益；本次增資後，長榮航太對長異持股比例將提高至 49%，預計處分資產利益約 12 億元。長榮航太於 2014 年與美國奇異公司 (GE) 合資成立長異，目前長榮航太持股比例為 19.9%，此次長異為擴大營運規模，擬辦理現金增資，並向長榮航太購買發動機維修相關資產，以利其後續業務推展。長榮航說明，經委請外部獨立專家揚基會計師事務所就股權價值分析報告出具價格合理性意見書後，長榮航太擬認購長異發行的現金增資共 1.94 億股，每股認購價 10 元，認購金額 19.43 億元，此交易金額對營運資金不具重大影響。長榮航進一部指出，發動機維修業務朝運回原廠 GE 的趨勢明確，加上新型發動機 (GEnx) 將成為市場主流，需積極尋求 GE 能量授權，經評估後，長榮航太擬出售發動機維修廠房 (坐落於桃園市大園區，建物面積約 7951.03 坪) 及相關機器設備等資產予長異，出售金額 6240 萬美元 (約 19.03 億元)，今日董事會通過後，預計處分利益約 12 億元，部分利益將遞延認列。長榮航看好，長異透過持續拓展發動機維修業務，可提高其產能和獲利率，並有效挹注長榮航太的轉投資效益。
452,2019/11/08,〈進出口統計〉台商回流效應 我對美全年出口值續增篤定超越去年,美中貿易戰帶動我對美出口值持續攀升，財政部統計，今年前 10 月我對美出口值共 380.2 億美元，不僅較去年同期增加 17.7%，且距離去年出口值 394.9 億美元僅 15 億美元，統計處處長蔡美娜說，今年我對美出口值幾乎篤定可超越去年歷史新高表現。財政部今 (8) 日公布 10 月進出口統計，觀察我對主要市場出口表現，主要出口市場仍以中國香港居冠，但出口表現卻持續衰退，10 月出口值 121.5 億美元、雖稱霸其他市場，但卻去年同期減少 3.1%；累計前 10 月出口值 1076.4 億美元，但卻比去年同期減少 6.4%。反觀我對美國與日本出口值則持續成長，今年前 10 月對美、日出口值更雙雙創下歷年同期新高，其中對前 10 月出口值 39.66 億美元、年增幅 18%，創下歷年單月第 3 高；前 10 月出口值 380.2 億美元、較去年同期增加 17.7%。蔡美娜說，我對美出口貨類主要以資通與視聽產品為主，單月出口值較去年同期增加 5.8 億美元、年增幅高達 68%，主要是受美中貿易戰，廠商陸續回台生產有關。至於對日本 10 月出口值 20.6 億美元，累計前 10 月出口值 192.8 億美元，皆比去年同期增加 1.5%。值得注意的是，我對歐洲單月出口值雖仍持續衰退，包括基本金屬與其製品，電子零組件等貨類分別較去年同期減少 24.6%、16.4%，但在電動自行車出口荷蘭成長帶動下，使得我對歐洲運輸工具出口值較去年同期增加 0.6 億美元，較去年同期增加 22.6%。
453,2019/11/08,中磊Q3純益季增6成 前3季每股賺2.78元,網通大廠中磊 () 今 (8) 日公告第 3 季財報，稅後純益 2.9 億元，季增 61.1%、年增 57.4%，每股純益 1.18 元；前 3 季稅後純益 6.81 億元，年增 34.3%，每股純益 2.78 元。中磊第 3 季營收 90.6 億元，季增 32.2%、年增 6.3%；毛利率 14.69%，季減 2.89 個百分點、年增 1.17 個百分點；營益率 3.44%、季增 0.04 個百分點、年增 0.5 個百分點；稅後純益 2.9 億元，季增 61.1%、年增 57.4%，每股純益 1.18 元。中磊前 3 季營收 222.38 億元，年減 6.5%、毛利率 16.49%，年增 3.31 個百分點、營益率 3.34%，年增 0.97 個百分點，稅後純益 6.81 億元，年增 34.3%，每股純益 2.78 元。中磊表示，今年以來產品組合持續改善，毛利率轉佳，加上在電信市場的市占率逐步提升，且除了北美、歐洲、中國地區等既有主力市場外，新市場拉丁美洲、東南亞、印度等新市場布局也陸續開花結果，都推升前 3 季營運表現。展望明年，中磊看好，5G 時代來臨，將帶動小型基地台、商用網通設備、智慧能源管理、M-IoT 行動物聯網等高附加價值應用需求，整體營運可望進一步成長。中磊 10 月營收 29.32 億元，月減 12.1%、年增 1.9%，累計前 10 月營收 251.7 億元，年減 5.6%。
454,2019/11/08,華通Q3純益逾14億元創新高 前3季每股賺2元,PCB 廠華通 () 今 (8) 日發布最新財報，第 3 季獲高階產品推動，稅後純益 14.72 億元創歷史新高，每股純益 1.24 元，第 3 季毛利率也達 18.93%、營益率 12.95%、稅後純益率 9.04%，「三率三升」走勢亮眼，前 3 季稅後純益 23.8 億元，年增 21%，每股純益達 2 元。華通今天也公布 10 月營收，以 62.25 億元續創高，月增 4.92%，年增 19.69%，在目前 Any-layer HDI PCB 接單旺盛同時，第 4 季營收有機會超越第 3 季 162.94 億元，華通前 10 月營收為 450.63 億元，年增 8.78%。華通第 3 季營收 162.94 億元，毛利率為 18.93%，季增 4.26 個百分點，年增 4.34 個百分點，稅後純益 14.72 億元創歷史新高，季增 1.48 倍，年增 49.6%，每股純益 1.24 元華通前 3 季財報營收 388.38 億元，毛利率 15.29%，年增 0.77 個百分點，前 3 季稅後純益 23.8 億元，年增 21.19%，每股純益達 2 元。華通第 3 季起業績表現亮麗，受惠美系客戶新機銷售成績優於預期、中系客戶手機用板疊構往高階（Any-layer HDI）設計方向發展，加上無線藍芽耳機推升軟硬複合板出貨暢旺，帶動華通營收續創歷史新高。華通第 3 季季報符合董事長吳健股東會所說，在貿易戰等大環境不確定因素干擾下，今年是華通展現接單與調整產能等應變能力的時候。因應未來 5G 時代，華通重慶二期廠區已於 10 月完成奠基儀式，廠區規畫總投資約 150 億元、年產能 500 萬平方英呎，將視市場供需狀況分階段添購設備，該廠區最快 2021 年上半年量產。根據法人觀察，華通目前產品出貨以手機、消費性產品以及穿戴式裝置為主，其中美系新機價格較親民的 LCD 版帶來一波換機需求，中系客戶也無視貿易戰紛擾，中高階手機持續拉貨，目前各產線稼動率都幾近滿載，HDI 和軟硬複合板兩大產品線稼動率超過 90%，產能吃緊狀況甚至可持續到 2020 年。
455,2019/11/08,緯創、仁寶10月營收雙創近1年新高 Q4看好聖誕拉貨潮,代工廠緯創 ()、仁寶 () 今(8) 日公布 10 月營收，分別達 799.01 億元、989.16 億元，季增 0.35%、2.18%，同創近 1 年來單月新高，展望本季，緯創、仁寶皆看好聖誕節拉貨潮，將帶動營運成長，其中緯創預期伺服器將季增雙位數，仁寶也看好穿戴裝置等非 PC 產品，同樣可有季增雙位數的表現。緯創 10 月合併營收達 799.01 億元，月增 0.35%、年減 12.81%，為近 1 年來單月新高，累計今年前 10 月合併營收 7079.44 億元，年減 2.46%。緯創表示，10 月筆電貨量為 180 萬台、持平上月，桌機出貨量 120 萬台、顯示器為 83.2 萬台，分別較上月下滑 14%、1.8%，伺服器則為 20 萬台、月增 5.3%。緯創指出，10 月筆電出貨維持高檔，是廠商因應 12 月美中關稅、聖誕購物節提前拉貨，預期第 4 季筆電出貨將可季增個位數，伺服器出貨則逐月成長，季增雙位數，桌機、顯示器預估則將小幅下滑。仁寶 10 月合併營收達 989.16 億元，月增 2.18%、年減 0.24%，同樣創下近 1 年單月新高，仁寶表示，受惠穿戴式裝置、平板等非 PC 產品需求增加，抵銷 PC 出貨衰退，10 月營收仍小幅成長，累計今年前 10 月合併營收 8118.39 億元，年增 3.22%。仁寶表示，10 月筆電出貨量達 350 萬台、月減 16%，累計前 10 月 NB 出貨量達 3680 萬台，PC 產品主要受到 CPU 缺貨影響出貨，預期第 4 季整體出貨量將持平或較第 3 季衰退，但非 PC 產品出貨動能仍強，預期將保持季增雙位數，主要是穿戴式裝置、平板需求增加，因此預期第 4 季整體表現仍將較第 3 季小幅成長。英業達 () 日前也公布 10 月合併營收，受惠伺服器、智慧裝置產品需求優於預期，10 月合併營收達 481.76 億元，月增 6.56%、年增 4.26%，創近 14 個月新高，累積今年前 10 月營收 4195.51 億元，年增 0.14%，和碩 ()10 月合併營收 1470.87 億元，月減 6.74%、年減 20.93%，累計今年前 10 個月營收 1.09 兆元，年增 3.32%。
456,2019/11/08,美中傳將逐步撤關稅 經長：下周衝7000億元,中國昨（7）日拋出已與美國達成逐步撤銷關稅協議，經濟部長沈榮津今（8）日表示，是否取消關稅尚未確定，但美中貿易戰已是常態性，高階製程陸續回流，預計下周還有大咖回台，總投資金額將突破 7000 億元大關。沈榮津今天出席「台電 AI 大數據人才發展營競賽成果發表」，針對中國政府拋出與美國達成協議，將分階段撤銷關稅，沈榮津表示，持續關注美中貿易談判後續，不過，據外電報導，目前美方內部似乎還有許多聲音，是否取消關稅尚未確定，經濟部會持續掌握。媒體詢問，若美中貿易爭端緩和下來，是否會影響台商回台？沈榮津指出，從美中貿易戰發生以來，可以看得出這已經是常態性，台商也都相當清楚，高階製程該移回台灣的都已陸續回流，低階的則移至東南亞。沈榮津表示，台商回台投資下周還會有大咖的案子，預計總投資金額將突破 7000 億元。媒體詢問年底是否能突破 8000 億元，沈榮津說，「我們會努力」。針對中國放寬外資銀行限制及 26 條惠台政策對台影響，沈榮津表示，從過去的 31 項措施到現在的 26 條，台商們都很清楚是「口惠實不惠」，挖角人才也是用 1 年就丟，最後都是中國有利，並非實質惠台。沈榮津進一步表示，若有台商欲前往中國投資，會維持既有審查規範，不過，若是涉及關鍵技術，像是 5G、AI 及半導體等，因為是屬於前瞻且關鍵的技術，經濟部會嚴格把關。
457,2019/11/08,日月光投控10月營收月減5.7% Q4力拚成長,日月光投控 () 今 (8) 日公告 10 月營收 387.85 億元，由於電子代工業務受到季節性因素影響，整體營收月減 5.7%，年減 0.9%，為近 3 個月低點；前 10 月累計營收 3359.44 億元，年增 60.93%。法人估，日月光投控第 4 季營收將與第 3 季持平，力拚微幅成長。日月光 10 月封測與材料營收 230.33 億元，月減 1.4%，年增 2.9%。日月光投控預估，第 4 季封測事業營收將與第 3 季相近，毛利率則會略高於今年第 3 季的 21.7%；第 4 季電子代工業務營收將與去年下半年平均值相近，約季減約 8%，營益率則與去年第 1 季的 2.1% 相近。法人估，日月光投控第 4 季營收將與第 3 季持平，有機會微幅成長，延續逐季成長軌跡。日月光第 4 季至明年首季稼動率估可維持在 80-85%，看好封測事業需求強勁，毛利率可望走揚，電子代工業務營運則有季節性因素，營收將修正，但可望與往年同期持穩；對第 1 季表現有信心，將優於往年，主要成長動能將來自 5G 應用與新品需求。日月光投控第 3 季稅後純益 57.34 億元，季增 1.13 倍，年減 8%，每股純益 1.35 元，為近 1 年高點。前 3 季稅後純益 104.67 億元，年減 47.18%，每股純益 2.46 元。
458,2019/11/08,三大法人買超25億元 外資連20買達1625億元 小心兩手策略避險,三大法人今 (8) 日合計買超 25 億元，其中，外資續買台股 15 億元，為連 20 日買超，合計買超金額達 1625.41 億元，值得留意的是，外資買超現貨金額愈來愈縮手，且已連續 2 天賣超台積電，同時，連續 4 天減碼淨多單，須慎防外資逐步大玩兩手策略的避險動作。台股今天下跌 27.02 點，收在 11579.54 點，跌破 5 日線，成交值 1343.31 億元，三大法人同步買超，外資及陸資買超 15.03 億元，投信買超 5.72 億元，自營商買超 4.35 億元，合計買超 25.1 億元。若拉長時間觀察外資操作，外資不但連 20 買，創下累計 1625.41 億元的買超金額，而且近一季以來，外資買超已經達 2115 億元，今年以來則達 1818 億元，顯示外資買盤主要呈現上半年減碼，下半年才慢慢回流，到本季大舉發威的狀況。雖然外資近期連買，但卻已悄悄開始在避險，今天外資淨多單續減 1121 口至 52106 口，為連續第 4 天減碼，4 天下來累計減碼近萬口、達 9810 口。外資大玩兩手策略，不只從期現貨不同調可看出端倪，從升貶也可看出，台股本波從 10/9 的 10889 點起漲，也從這天起從 30.85 兌 1 美元開始強升，雖然近期盤整，但也維持在 30.4 附近盤旋，波段勁揚超過 1%，外資大賺升值錢，也買進台積電拉高台股指數，但近期，外資已經連賣台積電 2 天，累積減碼台積電 7333 張，且也出現連續 3 天微幅收貶。由於台股漲多，已逐步見到外資的避險動作，分析師提醒，外資在淨多單水位若跌破 5 萬口，恐怕將是翻轉訊號。回到今天操作來看，外資買超前 10 名個股包括：和碩 22068 張、鴻海 21242 張、南茂 14349 張，此 3 檔獲得外資加碼超過萬張，其餘依序為新光金、緯創、富邦 VIX、正崴、瀚宇博、友達、台新金。外資賣超前 10 名個股包括：統一、開發金、旺宏、元大金、台積電、聯電、燿華、臺企銀、南電、華航。投信買超前 10 名個股包括：緯創、華通、晶電、和碩、台積電、元大台灣 50、良維、全新、鴻海、僑威。投信賣超前 10 名個股包括：中美晶、雙鴻、台光電、華泰、楠梓電、台郡、義隆、台表科、訊連、華邦電。自營商買超前 10 名個股包括：元大 S&P 原油正 2 獲加碼 32299 張，為唯一破萬張個股，其餘依序為鴻海、富邦 VIX、元大 S&P 石油、元大台灣 50 反 1、緯創、瀚宇博、華通、富邦上証正 2、南茂。自營商賣超前 10 名個股包括：元大 S&P 原油反 1 遭賣 11198 張、元大滬深 300 正 2 遭賣 10714 張，此 2 檔 ETF 遭自營商賣超超過萬張，其餘依序為元大 S&P 正 2、元大高股息、新光金、旺宏、群創、國泰美國反 1、元大臺灣 ESG 永續、中信中國 50。
459,2019/11/08,面板業寒冬 雙虎前3季大虧209億元 一天就虧掉1.16億元,面板雙虎友達 ()、群創 () 陸續公布第 3 季財報，受面板價格、產業競爭衝擊，累計前 3 季雙虎共虧損 209.4 億元，若依每月平均約 20 個工作天計算，等於雙虎開門營業一天，就虧掉 1.16 億元。友達、群創第 3 季財報皆創近 2016 年第 2 季以來新低，友達今年前 3 季營收 2068.23 億元，年減 10.3%，毛利率 0.94%，年減 9.49 個百分點，營益率 -6.75%，稅後虧損 103.57 億元，每股虧損 1.08 元。群創累計今年前 3 季營收 1863.94 億元，年減 10%，毛利率 2.36%，年減 8.43 個百分點，營益率 -6.87%，稅後虧損 105.83 億元，每股虧損 1.06 元。面板業今年受價格衝擊、產業競爭、市況不佳等因素影響，難逃虧損命運，第 3 季大尺寸面板持續跌價，部分尺寸更跌破現金成本價，加上傳統旺季效應未見起色，廠商第 2 季先行備貨，也造成整體庫存水位偏高。產業人士分析，中國廠商產能持續開出，造成面板業進入寒冬的主因，包含京東方、華星光電、彩虹光電、中電熊貓等陸續 10.5 代廠持續投產，產能供過於求，其中 65 吋電視面板跌價最深，迫使廠商調整產線，像是韓廠選擇關廠、加速 OLED 布局，台廠則往高值化產品、新事業發展。新事業方面，友達瞄準智慧零售、循環經濟、智慧工業服務、大健康等 4 大方向，群創則調整部分產線，轉作 IPS、面板級扇形封裝，以求降低價格衝擊，產業人士指出，新事業占面板雙虎營收占比仍低，且轉型仍需時間，預期至少要 3-5 年新事業貢獻才會比較明朗。產業人士指出，今年以來面板價格競爭劇烈，在韓國廠商宣布關廠、中國擴廠速度放緩情況下，明年供過於求現象可望逐步緩解，預期 2021 年整體面板業市況才可望復甦。
460,2019/11/08,旺季補貨需求啟動 群聯10月營收創新高 樂看Q4,快閃記憶體控制晶片廠商群聯 () 今 (8) 日公告 10 月合併營收 46.97 億元，受惠旺季補貨需求啟動，帶動營收月增 15.7%，年增 30%，創新高；前 10 個月累計營收 362.17 億元，年增 5.68%。群聯表示，在產業需求持續增溫，加上價格回穩符預期，客戶因應雙 11 與黑色星期五等銷售旺季，補貨需求啟動，帶動 10 月營收衝高。與去年同期相較，10 月記憶體模組出貨量成長 32%，SSD 與 eMMC 成品總出貨量成長 57%，記憶體總位元數 (Total Bits) 年度累計更維持翻倍的高成長，且工控高階記憶體模組營收占比已達到 25%。展望後市，群聯指出，目前主要 NAND Flash 原廠已逐漸去化庫存，加上 5G 技術應用基礎設備開始建置，且車載系統普及率上升、內容創作者等 NAND 儲存新應用興起，對第 4 季營收持續樂觀看待。此外，群聯已於今日接獲新竹地方法院民事庭開庭通知，財團法人證劵投資人及期貨交易人保護中心，對群聯及董事長潘健成提起解任董事訴訟，群聯表示，將委任律師並配合法院審理，在訴訟中捍衛公司及董事長應有的權益，並強調本案尚未開始審理，在案件有判決結果並確定前，潘健成擔任董事暨董事長身分不受任何影響。
461,2019/11/08,韓國瑜控國稅局洩個資 財長回應：拿出證據別無的放矢,國民黨總統參選人韓國瑜豪宅風波持續延燒，韓國瑜認為是國稅局洩漏個資，才讓豪宅交易曝光，財政部今 (8) 日連發兩篇新聞稿駁斥絕無此事，傍晚時分，財長蘇建榮更罕見回嗆，要韓國瑜別無的放矢，汙衊國稅局同仁對工作的努力，要求韓國瑜應就其指控對國稅局同仁道歉。韓國瑜遭週刊踢爆，曾在南港斥資 7200 萬購入豪宅，韓國瑜不甘示弱指控執政黨動用國家機器洩漏個資，財政部今天中午先發新聞稿，依循過往中規中矩風格，澄清財政部與轄下稅捐稽徵機關，絕對嚴守相關法令規定，對於課稅資料絕對善盡保密義務。但今天傍晚 5 點半左右，財政部長蘇建榮罕見主動回應豪宅交易案一事，要求韓國瑜拿出證據對質，他願意接受相關調查，更罕見的口氣嚴厲反擊，要韓國瑜別無的放矢，在沒有任何證據的情況下，恣意指責盡責守法的國稅局同仁。蘇建榮脾氣溫和，過去針對爭議話題回應，通常是以財政部名義發稿澄清，此次是蘇接掌財長以來，首度以部長身分主動對外澄清，且態度強硬，頗令外界詫異。蘇建榮表示，韓國瑜無的放矢的行為不僅汙衊全體國稅局同仁，更抹煞文官體系長期對行政中立的努力。蘇建榮強調，韓國瑜若有證據可證明其不動產交易資料是國稅局洩漏，他願意接受調查；若無相關證據就請韓國瑜向所有國稅局同仁道歉。
462,2019/11/08,聯發科10月營收達220.03億元 創近3年同期高,IC 設計大廠聯發科 () 今 (8) 日公布 10 月營收 220.03 億元，月減 6.35%，年增 5.6%，累計前 10 月合併營收 2035.16 億元，年增 2.79%，聯發科 10 月受惠 4G 晶片持續放量，加上 5G 晶片出貨，手機事業淡季不淡，彌補消費性產品淡季下滑壓力。聯發科表示，4G 手機需求強勁，雖然部分高階手機會轉至 5G ，但隨 4G 市占率提升，加上 5G 商轉，出貨可望持續成長，同時，4G、5G 的毛利率皆可維持。聯發科本季對明年 5G 看法趨向樂觀，估明年 5G 手機將超過 1.4 億支，市占率也可望超越 4G，外資認為，聯發科目前在中國的市占率約 40%，以市占率逾 40% 下去推算，明年 5G 晶片出貨可望逾 3000 萬套。另外，聯發科也積極擴展智能家庭產品，目前營收比重約 30-35%，今日也宣布與台積電 () 合作的首顆 8K 電視 SoC 已進入量產，採用 12 奈米的 FinFET 精簡型技術，可支援高解析、高速邊緣 AI 運算，搶搭智能語音熱潮，也為明年東京奧運做準備。
463,2019/11/08,長假干擾 國巨10月營收年減49% Q4仍將修正,被動元件大廠國巨 () 今 (8) 日今日公布 10 月營收，雖然需求回溫，但受到十一長假影響，單月營收 32.23 億元，月減 8.4%、年減 49%；累計前 10 月營收 345.05 億元，年減 48.7%，第 4 季營收估較第 3 季修正，但減幅優於過往。國巨表示，10 月營收受中國十一長假影響，1/4 的工作天數減少，不過，目前大中華區終端需求回溫，主要通路客戶庫存已回到健康水位，並恢復拉貨。據了解，國巨目前稼動率約 4-5 成，訂單約 6-8 周，12 月進入歐美假期，加上年底盤點庫存影響，法人估，國巨第 4 季營收還是季減，惟衰退幅度估將較過往收斂。國巨看好，中國廠區面臨缺工問題，短期內無法拉升產能利用率，預估公司成品庫存水位將持續下降。國巨第 3 季受惠大中華區及亞太其他地區的需求回升，加上 MLCC 價格跌幅收斂、稼動率回升等因素，稅後純益季增逾 4 成，每股純益 4.81 元，前 3 季每股純益 14.26 元。
464,2019/11/08,雲品Q3獲利年減近7成 前三季EPS 1.7元,連鎖飯店餐飲集團雲品 () 今 (8) 日公布第三季財報，稅後純益 682 萬元，年減 68.67%，每股純益 0.1 元，前三季稅後純益 1.12 億元，仍較去年同期成長 2.85%，每股純益 1.7 元。雲品說明，客房收入維持亮麗表現，尤其君品酒店挹注良好成長動能，使第三季合併營收 5.12 億元，年增 86.27%。不過，餐飲市場競爭激烈、館外餐飲中的頤品大飯店旗下新店北新館、桃園民生館，宴會活動較去年同期減少，減緩成長力道，加上今年導入 IFRS 16 租賃新制認列相關費用，使第三季毛利率下滑至 25.58%，年減 4.24 個百分點，營益率更下滑至 3.78%，年減 6.39 個百分點。雲品表示，將持續優化館外餐飲事業營運體質，除聲光硬體升級，更加速推動「君品 Collection」擴大接單，外燴與宴會平台接單桌數較去年已有 50% 的成長，共 45 個國內外據點結盟合作，整體效益可望在年底和明年第一季宴會旺季逐步顯現。住房業務方面，雲品表示，溫泉酒店深化網路線上訂房系統布局，帶動散客比重增加，而君品酒店持續拓展商務客源，今年初針對日本旅客和 VIP 旅客成立全天候專業服務團隊，帶動君品酒店上半年日韓旅客比重增加至 37%，住房率也進一步提升至 81%。展望第四季，雲品看好整體營運動能持續增溫，目前雲品溫泉酒店和君品酒店整體住房率已達 80%，而春酒尾牙活動需求攀升，頤品大飯店喜宴、春酒尾牙活動和外燴接單已超過萬桌，而「君品 Collection」訂單能見度更達明年 10 月。
465,2019/11/08,聯電新廠挹注10月營收創高 世界先進寫近3個月高點,晶圓代工廠聯電 ()、世界先進 () 今 (8) 日同步公告 10 月合併營收，聯電 10 月營收 145.87 億元，月增 34.74%，年增近 16%，受惠日本新廠加入，帶動營收創新高。世界先進 10 月營收 24.56 億元，月增 4.96%，年減 2.7%，為近 3 個月高點。聯電 10 月營收 145.87 億元，月增 34.74%，年增 15.98%；前 10 個月累計營收 1209.4 億元，年減 5.75%。聯電預估，第 4 季產能利用率將達近 9 成，其中，8 吋產能利用率約 91-93%，12 吋產能利用率約 87-89%，受惠與富士通半導體合資的 12 吋晶圓廠 USJC 完成併購，晶圓出貨量估成長 10%，ASP 則將持平，預估毛利率約 15%，低於第 3 季的 17.1% ，法人估第 4 季營收將季增約 1 成。聯電財務長劉啟東表示，目前 USJC 產能利用率仍低於聯電平均，收購後將影響第 4 季毛利率，惟影響不大；共同總經理王石則認為，併購效益將在 2 至 3 季後發酵，屆時 USJC 產能利用率可望提升。世界先進 10 月營收 24.56 億元，月增 4.96%，年減 2.7%；前 10 個月累計營收 234.08 億元，年減 1.43%。由於供應鏈庫存水位仍高，世界先進保守看待需求，估第 4 季營收將介於 68-72 億元間，季減 4.6% 至季增 1%，毛利率 35-37%，營益率估 23-25%。目前訂單能見度約 2 個月，且客戶對小尺寸驅動 IC 需求持續成長，營收占比將由第 3 季的 7% 持續攀升。
466,2019/11/08,材料-KY擴廠效益Q3獲利登頂 前3季EPS 4.5元,材料 - KY() 受惠擴產效益顯現，第 3 季稅後純益 1.02 億元創新高，每股純益 2.01 元；前 3 季稅後純益 2.28 億元，年增 42.62%，每股純益 4.5 元。材料 - KY 今 (8) 日公布第 3 季財報，營收 5.61 億元，毛利率 30.4%，季減 0.44 個百分點，年增 3.61 個百分點，稅後純益 1.02 億元，季增 80.77%，年增 1.1 倍，創新高，每股稅後純益為 2.01 元。材料 - KY 今年前 3 季營收 15.68 億元，毛利率為 29.31%，年增 6.67 個百分點，稅後純益 2.28 億元，年增 42.62%，每股純益 4.5 元。材料 - KY 獲利成長，主要在於醋片廠及絲束產能擴增效益，10 月營收 1.9 億元，月增 0.31%，創今年新高，年增率 22.15%，累計 2019 年前 10 月營收 17.58 億元，年增 23.17%。近期醋酐廠家開工率穩定，供給量充足使價格下跌壓力加大，原物料醋酐行情震盪下跌機率高，有助材料 - KY 毛利率提升。材料 - KY 生產醋酸纖維素及絲束，全球僅幾家大廠供應，屬寡佔產業，絲束銷售地區遍及南美、北非 、東南亞、中東等地區，醋片主要銷售地區為中國地區，皆非美國市場。材料 - KY 持續在市場上擴大市占率，近期除逐步打入國際一線菸廠，開始執行 2020 年的醋片及絲束擴廠計畫，經濟規模效益更為顯現，也配合全球布局，開始規劃海外擴廠，長期成長動能樂觀。近期，未使用濾嘴的菸油式電子煙受各國政府禁令禁止使用，濾嘴重要性受重視，消費者又回到需要使用濾嘴的傳統菸及加熱不燃燒菸，材料 - KY 提供濾嘴，需求也同步增加。
467,2019/11/08,〈進出口統計〉10月出口值289.9億美元衝今年新高 全年衰退成定局,財政部今 (8) 日公布 10 月進出口統計，10 月出口值 289.9 億美元，較去年同期減少 1.5%；累計前 10 月出口值 2712.7 億美元，較去年同期減少 2.4%，統計處處長蔡美娜說，旺季效應挹注下 10 月出口值創近一年來新高，但受基期偏高影響，仍較去年同期衰退，全年也估將較去年衰退。蔡美娜說，10 月出口值站上近一年新高，靠四大因素支撐，包括：廠商提高在台生產比重、傳統旺季效應、國際品牌手機銷售比預期好且積極備貨，加上 5G 通訊應用商機挹注，帶動 10 月出口值比預期來的好。觀察主要出口貨類表現，主要仍靠「資通與視聽」與「電子零組件」兩大扛霸子支撐出口表現，兩者合計出口值占整體出口比重高達 5 成，且連袂創下歷年單月新高，其中資通與視聽商品出口值 38.4 億美元、年增幅 2 成，累計前 10 月出口值年增幅 21.3%；電子零組件出口值 106.5 億美元、年增幅 5.3%。相較於資通與電子類出口表現暢旺，金屬與塑橡膠等傳產製品出口則持續疲弱，10 月包括化學品出口值年減 26.7%，基本金屬及其製品、塑橡膠與其製品也較去年同期減少逾一成。進口部分，半導體與資通支撐資本設備需求，資本設備單月進口值 43.9 億美元、年增幅 2 成，其中半導體設備增加 6 億美元、年增幅逾 4 成；資通設備進口值 1 億美元、年增幅 31.7%。蔡美娜表示，儘管資本設備需求強勁，但因農工原料與國際油價下跌，導致 10 月整體進口值仍較去年同期減少 10.6 億美元、年減 4.1%，其中礦產品進口值減少 17.5 億美元、年減 33.2%。展望後市，蔡美娜分析，受惠於電子傳統旺季挹注，預估 11 月出口值可望回升，預估增幅約 1.5%~2.5%，但因去年基期偏高，因此預期第 4 季較去年同期呈現持平或小幅成長，今年全年出口表現呈現負成長幾乎已成定局。
468,2019/11/08,和康生醫材許可證陸續到手 營運可望逐年成長,和康生 () 今 (8) 日發布重訊，擬減資註銷私募特別股，註銷 791 萬股，減資比例 10.22%，減資後實收資本額為 6.95 億元，股本不變；展望後市，總經理陳松青表示，明年高階複合骨科醫材將陸續在馬來西亞取得 6 張上市許可證，2021 年取得中國認證，法人估，利多帶動下，和康生營運將逐年成長。陳松青表示，104 年發行私募特別股 791 萬股，發行價 27.12 元，總金額約 2.15 億元，已於今年 10 月 19 日屆滿，依規定未申請轉換普通股，以發行價格收回註銷減資。陳松青指出，擬辦理減資註銷私募特別股，減資金額為 7910 萬元，減資比例為 10.22%，減資後實收資本額約 6.95 億元。展望後市，總經理陳松青表示，公司積極投入高階複合骨科醫材，2020 年上半年可望取得馬來西亞醫材上市許可，產品包括關節注射劑、牙科骨科再生醫材等 6 個品項；皮膚填補劑則在進行臨床試驗，預計 2021 年可在中國上市。法人表示，和康生的醫材、保養品持續穩定出貨下，今年營收將優於去年，若許可證陸續到手，營運可望逐年成長。和康生 10 月營收 3084 萬元，月減 39.06%、年增 38.41%；累計前 10 月營收 3.71 億元，年增 4.29%。
469,2019/11/08,〈ITF旅展〉今年來台旅客將破1180萬人次 總統表態支持觀光三箭,ITF 台北國際旅展今（8）日開幕，交通部長林佳龍透露，今年來台旅客將突破 1180 萬人次，年成長 7%，並再度提及觀光 3 箭政策，總統蔡英文隨即表態支持，意即觀光局有機會升格觀光署。ITF 台北國際旅展今天盛大開幕，有來自 60 個國家、1700 個攤位參展，林佳龍致詞指出，雖然中國限縮陸客來台，不過，今年前 9 月來台旅客人次達 879 萬，年增 10.4%，預估至年底可望突破 1180 萬人次，年成長 7%。林佳龍再度提及觀光 3 箭，包括觀光局升格觀光署、制定 2030 觀光政策白皮書，以及在年底召開全國觀光會議。對此，蔡英文回應表示肯定，認為這是一個非常好的規劃，一定會支持交通部對台灣未來觀光產業的目標。蔡英文指出，今年擴大秋冬國民旅遊專案投入 36 億元的經費，盼帶動更多國民在國內旅遊的消費，預期可以創造直接跟間接的觀光效益共 256 億元。蔡英文表示，去年來台旅客人次首次突破 1100 萬，創下歷史新高，旅客的來源也越來越多元，積極開拓多元市場，台灣觀光產業的體質就會更健康。這幾年政府用行動帶頭拚觀光，府方也辦了史上第一次「來去總統府住一晚」的活動，藉由國際 YouTuber 的影響力成功宣傳台灣。
470,2019/11/08,【日盛投顧】10日線為台股短線多空關鍵位置,"◆盤勢分析1. 大盤自 08/06 低點 10,180 點上漲至 11,668 點共上漲 1,488 點，突破 2018 年高點 11,270 點，創 29 年新高。週五台股開高走低震盪，最高點 11,642 點未再創波段高，最低點 11,561 點失守 5 日線（11,608 點）但仍守穩 10 日線（11,483 點）、月線（11,342 點）、季線（10,921 點）、半年線（10,784 點）及年線（10,496 點），終場指數下跌 27.02 點，跌幅 0.23%，收在 11,579.54 點，成交金額為 1,350.35 億元，小於 5 日均量（1,504 億元）及 20 日均量（1,399 億元），量縮整理。三大法人合計買超 25.10 億元：外資買超 15.03 億元、投信買超 5.72 億元、自營商買超 4.34 億元。2. 由以下三個面向檢驗方向及強弱：（1）、量能：成交量大於月均量方有利多頭氣勢延續。（2）、均線：支撐為 11,400 點附近，壓力為 11,700 點附近。（3）、技術指標：KD 開口閉合，9 日 K 值（87）位處超買區，短線偏多整理但提防拉回。3. 跌幅 0.09%，收在 144.42 點，以的線型及指標角度而言，支撐為 143 點附近，壓力為 147 點附近，KD 技術指標開口向下，9 日 K 值（64）大於 50，短線偏多整理。近期法人著墨較深的族群包括 IC 設計、矽晶圓、晶圓代工、PA、PCB、生技等。4. 台股選股方向可留意 5G、半導體、PCB、蘋概、工業 4.0、生技、內需、運動風、金融、車用等。鴻海集團、半導體、蘋概、5G、PCB、車用、運動風為近期盤面主流1. 鴻海集團：2317 鴻海近期成為拉升的重要推手，集團旗下公司 3682 亞太電同賀。2. 半導體：IC 設計領航股包括 2454 聯發科、3034 聯詠、8016 矽創、3661 世芯 - KY、3227 原相、4968 立積、2379 瑞昱等，6510 精測、6683 雍智科技、3131 弘塑將因台積電先進製程而迎來商機；封測近期指標股為 8150 南茂、2441 超豐等。3. 蘋概：蘋果新產品陸續推出，4938 和碩、6121 新普、1569 濱川、3376 新日興等為週五族群指標。4.5G：全球拚 5G 商轉，相關個股如網通 5388 中磊、6285 啟碁、3704 合勤控及光通訊的 4977 眾達 - KY、3234 光環、4903 聯光通等，PA 在 5G 時代用量將增加，3105 穩懋、2455 全新、8086 宏捷科、4991 環宇 - KY 等營運回升，散熱 6230 超眾、3324 雙鴻、3338 泰碩、3017 奇鋐、3653 健策等也因 5G 而受惠。5.PCB：ABF 基板供需吃緊，相關公司如 3037 欣興、3189 景碩、8046 南電等將受惠，2383 台光電、6213 聯茂、6274 台燿將受惠 5G 相關應用，3044 健鼎、8021 尖點近期轉強。6. 車用：中國大陸研擬放寬汽車限購令，4528 江興緞、1319 東陽、1525 江申、6279 胡連、2105 正新、2228 劍麟、9951 皇田、2233 宇隆等有機會受惠。Tesla 上海廠試產進度優於預期，國內供應鏈如 3665 貿聯 - KY、4528 江興鍛、4551 智伸科、6288 聯嘉、8349 恒燿等將相對受惠。7. 運動風：2020 東京奧運引領運動風潮，可留意如健身器材 1515 力山、1736 喬山、健身房 8462 柏文、製鞋 9910 豐泰、9904 寶成、9802 鈺齊 - KY、9938 百和、紡織成衣 1434 福懋、4426 利勤、1477 聚陽、1476 儒鴻、4401 東隆興、休閒車 5288 豐祥 - KY、電動自行車 9921 巨大、9914 美利達、高爾夫球 8924 大田、8928 鉅明、8938 明安、6670 復盛應用等。8. 金融：基期相對偏低，族群指標包括 2882 國泰金、2881 富邦金、2891 中信金、2886 兆豐金、2883 開發金、2884 玉山金、5871 中租 - KY、9941 裕融等。9. 生技：生技為台灣產業的明日之星，可留意包括原料藥 4119 旭富、1762 中化生、新藥 1752 南光、1760 寶齡富錦、醫材 4107 邦特、4126 太醫、保健食品 1707 葡萄王、醫美 4137 麗豐 - KY、1786 科妍、眼科 3218 大學光等。"
471,2019/11/08,〈群創展望〉整機出貨將達高峰 Q4逐月好轉 全年仍將虧損,面板大廠群創 () 今 (8) 日公布第 3 季財報，受整體面板價格、產業競爭影響，虧損擴大創近 3 年半來新低，累計前 3 季虧逾百億，展望第 4 季，群創表示，大尺寸面板價格回溫、整機出貨進入高峰，第 4 季營運將逐月好轉，但全年虧損恐難避免。群創表示，持續調整 IT 面板產品組合、提高 IPS、窄邊框產品比重，提升產品附加價值，預期大尺寸產品價格、出貨將持平第 3 季。中小尺寸方面，群創表示，受惠品牌新機推出，手機面板出貨持續吃緊，預期產品平均價格將季增 5%，出貨量則因產線調整，將季減個位數。群創強調，將持續調整產品組合，預期明年日本東京奧運將帶動大尺寸、8K 電視面板需求，整體電視整機比例將增加，第 4 季營運可望逐月緩步回升，整體營收將較第 3 季小幅增加。不過，群創累計今年前 3 季虧損 105.83 億元，每股虧損 1.06  元，因此預期今年全年虧損恐難以避免。以產品應用別區分營收，群創第 3 季手機及商用產品占比 32%，可攜式電腦占 21%、桌上型螢幕占 11%、電視則占 36%，以產品尺寸別區分，10 吋以下 28%、10-20 吋為 25%、20-30 吋為 13%、30-40 吋為 4%、40 吋以上則為 30%。
472,2019/11/08,〈致新法說〉Q3、前3季獲利創近8年新高 每股賺6.55元,電源管理 IC 廠致新 () 今 (8) 日舉辦法說會，並公布財報，第 3 季、前 3 季雙創近 8 年新高，稅後純益 2.14 億元，季增 17.58%，年增 17.71%，每股純益 2.5 元，稅後純益 5.62 億元，年增 59.06 個百分比，每股純益 6.55 元。致新第 3 季合併營收 16.34 億元，創新高，季增 24.64%，年增 28.37%，毛利率 36.54%，季減 0.69 個百分比，年增 3.58 個百分比，營益率 14.89%，季減 2.48 個百分比，年減 0.23 個百分比，稅後純益 2.14 億元，季增 17.58%，年增 17.71%，每股純益 2.5 元。致新前 3 季合併營收 40.66 億元，年增 22.55%，毛利率 36.45%，年增 5.12 個百分比，營益率 15.64%，年增 4.63 個百分比，稅後純益 5.62 億元，年增 59.06 個百分比，每股純益 6.55 元。致新第 3 季受惠電子產品旺季，三大產線面板、筆電、電視出貨暢旺，加上類比科同樣迎旺季，帶動營收創下歷史新高，毛利率則因升值，較上季小幅下滑。
473,2019/11/08,〈ITF旅展〉華航、長榮航強打折扣機票、新航線 Q4營運踩油門,華航 () 第三季單季稅後純益 3.4 億元，較去年同期衰退 68.53%，董事長謝世謙表示，仍力拚全年轉盈，隨著全台最大旅展 ITF 今 (8) 日開跑，華航、長榮航 () 均祭出高折扣機票促銷，加上近期升值、航空旅遊市場穩健成長，貿易戰緊張局勢緩和有利貨運表現，航空雙雄第四季營運成長可期。旅展期間，華航祭出現場購票者天天抽出區域線不限航點經濟艙來回機票一張，長榮航全力宣傳新航點，官網也限時推出全球超過 60 個飛航城市的超值票價，優惠最低 56 折起。長榮航也大手筆祭出一年不限航點不限制次數的環遊世界經濟艙機票、豪華經濟艙機票、商務艙機票三項大獎。華航已公布第三季財報，雖處於旅遊旺季，但貨運受到貿易戰衝擊，單季合併營收月減 4.85% 至 430 億元，且營業費用略增，營業利益 14.62 億元，年減 22.86%，營業利益率 3.4%，年減 0.79 個百分點，加上業外財務成本淨額大增約 4.5 億元，影響獲利，單季稅後純益 3.4 億元，年減 68.53%，每股純益 0.06 元，但已成功終結連 2 季虧損。謝世謙指出，估今年旅展表現可望優於去年，第四季要衝刺業績，拚全年轉盈。
474,2019/11/08,蘋果光學元件廠10月營收 大立光續創高 玉晶光14.68億元超預期,蘋果光學元件廠陸續公布 10 月營收，大立光 () 以 66.26 億元續創新高，玉晶光 () 今 (8) 日公布 10 月營收達 14.68 億元，創同期新高，且全數是光學元件部門收入，優於法人預期。玉晶光 10 月營收 14.68 億元，月減 23.88%，年增 79.32%，累計前 10 月營收 97.26 億元，年增 79.32%。玉晶光第 3 季營收 50.5 億元創新高，其中 7 月及 8 月營收中有來自漁業用集魚燈的營收，9 月起營收全來自光學元件出貨收入，9 月營收 19.29 億元創新高，10 月營收因出貨旺季已過，下滑至 14.68 億元，由於蘋果手機零組件拉貨高峰已過，不過玉晶光 10 月營收仍達 14.68 億元，也優於法人預期。在手機多鏡頭設計趨勢下，法人推測，玉晶光今年可望賺回超過一個股本，玉晶光也預計明年開出新產能，若擴廠順利，明年玉晶光營收可望向上成長。至於大立光，10 月營收 66.26 億元，再創新高，連續 3 個月登峰，月增 0.45%，年增 27.2%，對於 11 月營運走勢，大立光樂觀看待，維持執行長林恩平日前法說會上的說法，估 11 月營收較 10 月下滑，幅度也不會太大。大立光 2019 年前 10 月營收 490.13 億元，年增 14.74%。
475,2019/11/08,燿華10月營收20.05億元 連4個月站穩20億元 今年創高可期,蘋果供應鏈 PCB 廠燿華 () 今 (8) 日公布 10 月營收達 20.05 億元，為今年來連續第 4 個月站上 20 億元，有助全年營收向上突破 200 億元再創年營收新高。燿華前 10 月營收為 186.79 億元，年增 15.63%；燿華也自結今年第 3 季營收為 62.04 億元，稅後純益 6.7 億元，創 7 季以來新高，季增 32.93%，年增 1.88 倍，每股純益達 1.08 元。燿華累計 2019 年前 9 月營收 166.74 億元，年增 16.49%，自結稅後純益為 13.79 億元，年增 2.65 倍，每股純益並達到 2.24 元。燿華軟硬結合板主要應用在蘋果無線藍牙耳機與汽車應用，今年上半年淡季不淡，下半年旺季更旺，主要動能來自於 TWS 耳機應用的軟硬結合板，除蘋果外還有新客戶加入。燿華江蘇南通投資設立的新廠，預計 2019 年底完工，2020 年第 1 季量產，可銜接上海展華廠生產，月產能每月 90-100 萬平方呎，高於目前現有上海展華廠產能。
476,2019/11/08,大彰化與海能離岸風場 同步啟動陸域工程,丹麥離岸風電商沃旭能源的大彰化東南及西南離岸風場、及麥格理綠投資集團與上緯新能源共同開發的海能風場，今 (8) 日同步舉行陸域工程動土典禮，大彰化東南及西南離岸風場統包商為台汽電 ()、海能風場則交由華城電機 () 負責，且已分別向彰化縣、苗栗縣政府繳交上億元的印花稅。沃旭大彰化東南及西南離岸風場陸上變電站統包商為台汽電，台汽電將為大彰化東南及西南第一階段 900MW(百萬瓦) 離岸風電計畫，建造 2 座陸上變電站、電纜隧道及海陸纜接續點，統包合約金額超過 70 億元，目前正由台汽電 100% 轉投資星能公司執行中。因應 2 座陸上變電站及統包工程需求，星能公司自去年起至今，已擴編超過 60 名員工，未來在陸上變電站及相關建造期間，連同下游供應商在內，預計有 800 至 1000 名的人力投入。沃旭能源大彰化東南及西南離岸風電計畫從去年第 4 季至今，累積在彰化縣繳交印花稅已超過 1 億元，主要包括沃旭與星能的陸上變電站統包合約、與興達海基的水下基礎合約、與西門子歌美颯的風機採購合約。而沃旭也打破紀錄，成為彰化縣歷年在單一年度繳納最多印花稅的企業。除大彰化離岸風電東南與西南計畫外，由麥格理綠投資集團及上緯新能源共同開發的海能風場，陸域工程也於今日啟動，由華城電機負責完成陸域升變壓站及相關設備建置，以併聯台電電網；海事工程預計 2020 年春季開始，由比利時商楊德諾負責水下基礎建設和海底電纜，而西門子歌美颯將進行 47 座 8MW 風機安裝。海能風電今年已向苗栗縣政府繳交 1.19 億元的印花稅，目前已與在地供應商簽訂超過 70 份合約，也與多間大學合作，包括與苗栗國立聯合大學合作，開展海上風電系列在地人才培育計劃。
477,2019/11/08,麗豐-KY、達爾膚前10月營收年增雙位數 Q4營運看俏,生技美容股今 (8) 日陸續公布 10 月營收，其中達爾膚 () 及麗豐 - KY() 前 10 月營收年增逾 1 成，展望後市，法人表示，進入秋冬季節，加上雙 11 檔期，美容族群本季營收仍可維持高檔。達爾膚 10 月營收 9137 萬元，月增 44.58%、年增 2.41%；累計前 10 月營收 8.69 億元，年增 13.69%。達爾膚也公布財報，第 3 季營收 2.65 億元，季增 4.3%、年增 15.8%；毛利率 66.28%，季增 3.01 個百分點、年增 1.56 個百分點；營利率 20.61%，季增 8.06 個百分點、年增 11.42 個百分點；稅後純益 3347 萬元，季增 51.7、年增 267%，每股純益 0.74 元。達爾膚累計前 3 季營收 7.78 億元，年增 15.2%；毛利率 66.17%，年增 2.42 個百分點；營利率 19.32%，年增 9.8 個百分點；稅後純益 1.11 億元，年增 109%；每股純益 1.17 元。展望後市，達爾膚看好本季銷售旺季，加上雙 11 檔期，電商平台拉貨力道可望持續增溫，且有助旗下品牌 DR.WU 在中國醫美保養市場的市占率。麗豐 - KY 10 月營收 4.41 億元，月減 17.29%、年增 7.26%；累計前 10 月營收 41.62 億元，年增 14.02%。麗豐表示，旗下美容連鎖通路「克麗緹娜」營運穩定成長，另積極打造醫美品牌「雅樸麗德」，預計今年底前上海、南京開設新門市，添營運動能，此外，麗豐將於下周五 (15 日) 召開法說，旗下品牌明年展望將備受關注。佐登 - KY()10 月營收 2.7 億元，月增 0.16%、年增 0.93%；累計前 10 月營收 26.04 億元，年增 2.44%，法人表示，佐登第 4 季有新品上市，加上雙 11 銷售檔期及 12 月公益銷售等利多帶動，本季營運將可創今年單季新高。
478,2019/11/08,〈群創展望〉Q3虧損擴大 EPS -0.39元 近3年半來最慘,面板大廠群創 () 今 (8) 日公布第 3 季財報，受整體面板價格、產業競爭影響，第 3 季虧損擴大達 38.88 億元，每股虧損 0.39 元，為近 3 年半來新低，累計前 3 季虧損 105.83 億元，每股虧 1.06 元，展望第 4 季，群創表示，大尺寸電視面板可望止跌持穩，預期整機出貨將達高峰，將持續調整產品組合，提升產品附加價值。群創第 3 季營收 632.94 億元，季增 0.19%、年減 14.36%，毛利率 1.86%，季減 1.85 個百分點、年減 8.2 個百分點，營益率 - 7.67%，稅後虧損 38.88 億元，皆較上季虧損擴大，每股虧損 0.39 元。群創累計今年前 3 季營收 1863.94 億元，年減 10%，毛利率 2.36%，年減 8.43 個百分點，營益率 -6.87%，稅後虧損 105.83 億元，每股虧損 1.06  元。群創表示，第 3 季大尺寸面板價格仍處低檔，將積極調整產品線及產品組合，面對總體經濟不確定性，將持續控管成本，依市場情況及客戶需求適時調整資本支出，第 3 季折舊及攤銷為 89 億元，資本支出則為 50 億元。群創第 3 季整體出貨面積 705 萬平方公尺，季減 2.9%，液晶面板售價為每平方公尺 287 元，其中，中小尺寸營收為 176 億元，季增 20.5%，合併出貨面積 68.72 萬平方公尺，季增 13.5%。群創今也公布 10 月合併營收為 220.15 億元，月增 1.42%，年減 11.57%，為今年單月新高，累計前 10 月合併營收達 2084.08 億元，年減 10.18%，出貨表現方面，大尺寸合併出貨量共計 1041 萬片，月增 2.1%，中小尺寸合併出貨量共計 2196 萬片，月增 3.6%。
479,2019/11/08,採用台積電12FFC技術 聯發科8K數位電視晶片進入量產,晶圓代工龍頭台積電 () 與手機晶片廠聯發科 () 今 (8) 日宣布，採用台積電 12 奈米技術生產的業界首顆 8K 數位電視系統單晶片 MediaTek S900，已進入量產，支援 8K 高解析度及高速邊緣人工智慧運算，使智慧電視進入下一世代。S900 是聯發科首款旗艦級智慧電視晶片，支援 8K 高解析度及高速邊緣人工智慧運算，是為協助電視廠商打造出具高度競爭力的旗艦級產品，整合 AI 語音人機介面及影像畫質提升等功能。台積電指出，超低功耗的 12 奈米 FinFET(12FFC) 精簡型製程，在縮小晶片尺寸及降低功耗方面具優勢，12FFC 製程可達到效能與低功耗間的最佳平衡，適合支援消費電子、穿戴及物聯網裝置，所需的語音辨識及邊緣 AI 運算能力。聯發科副總經理暨製造本部總經理高學武表示，台積電是長期合作夥伴，在全球 8K 電視需求日趨強勁下，與台積電針對支援 8K 電視晶片的先進技術合作，推動高端智慧電視產業的成長與發展。台積電業務開發副總經理張曉強表示，與聯發科攜手打造出 S900 創新產品，將持續擴大超低功耗技術的組合，協助客戶生產具備 AI 功能的系統單晶片。
480,2019/11/08,【運達投顧】行情分析,週五到收周線，台股仍舊強勢。而且只是過高第一局，可說走也走不完，到現在其實也並未真的有大的拉回信號。頂多就是告訴大家，在國慶日之後的融券可能被軋空的高度，然而過程中融券張數不退，飆上八十萬張，近六年高點，融資卻只有近六年的低點。此一行情非同小可。代表高點在籌碼穩定的狀況下，仍然十分穩定。這次真的可能會整理之後，挑戰 12682。以今日最強勢的鴻海、和碩、緯創而言，這是所謂代工概念股，此種代工股過去都是大牛形容。一般中實戶並不愛操作此種股票。然而營收的強勢公布，以及竟然可以見到散戶大股鴻海出現資減券增態勢。此種股票操作空單，都是成為多頭的柴火。而且這次的高點可能真的「超乎」全市場想像。中美關稅問題忽然利多忽然利空，其實這是好事。全面的利多反而會有「利多出盡」狀況。如同過去大家提到一句話，股票誕生在災難中，卻套牢在世界大同。直到現在，放眼過去，房地產概念股還沒有大漲。中國與美國的對抗世紀再次開始，時間好像回到冷戰時期，所以也被稱為新冷戰年代。此時沒有和解，反而對台灣最有利。目前判斷近期可能出現橫向之後再次向上，就算近期要有拉回測月線，也可能是拉高之後再拉回。因此心態上不可以太過「偏空」或偏空手，這點請大家留意。※以上內容由黃靖哲分析師 整理提供，投資人於投資前請審慎評估，遵守紀律，嚴設停利停損。
481,2019/11/08,【群益投顧】指數高檔震盪修正乖離 檢視持股位階是否已反映獲利與評價水準,今 (8) 台股小幅開高 14.33 點，惟後續走勢多於盤下震盪，終場下跌 27.02 點，成交量 1343.32 億元。盤面上以車用零組件、散熱、MSCI 新增成分股表現相對強勁。經由過去兩年的統計數據，當季線正乖離超過 5% 即會進行技術性的回檔修正，目前大盤季線正乖離約 6%，短線漲幅仍高於過去的漲幅區間，近期台股將於短期均線之上高檔震盪以修正乖離與籌碼沉澱降溫，惟近日指數表現空間不大，盤面上類股輪動快速加上同族群的比價效應分歧，持股須汰弱留強。由於各公司第 3 季財報陸續公告，10 月營收也密集公佈，檢視手中持股的股價位階是否已反映個股獲利的基本面與評價水準，並追蹤持股的法人籌碼是否有高檔出脫現象或股價跌破月季線等重要支撐點位，留意高檔爆量或 3MA 向下跌破 12MA 之反轉訊號。操作上若為空手與波段交易的投資人將資金移往低基期電子或非電族群，若為短線交易者掌握強勢主流股回檔至短期均線有撐時進行價差操作。隨 MSCI 最新半年度成分股調整，全球標準指數新增智邦 (2345) 與緯穎 (6669) 兩檔標的，另新增全球小型指數 16 檔標的包括立積 (4968)、超眾(6230)、雙鴻(3324)、宏捷科(8086) 等個股。從調整成分股觀察，因應 5G 進入商轉成長期，基地台、手機、交換器、連網設備等應用領域擴增，相關族群包括伺服器、網通、功率放大器、射頻元件與散熱模組等將伴隨著產業走長多趨勢帶動類股營運展望同步走升。網通廠智邦 (2345)10 月營收年增 13.8%，累計前 10 月營收年成長 34.8%，隨 100G 交換器滲透率提升與國際大廠訂單需求增溫，加上 400G 交換器將於明年隨資料中心轉換帶動高階產品出貨成長，中長線營運動能可期。緯穎(6669) 第 3 季受到記憶體價格修正影響營收年減 31.3%，惟毛利率和營業利益率同步走升，每股純益 7.84 元仍符合市場預期，未來隨 IoT、AI 等終端應用帶動伺服器需求成長，加上緯穎客戶主要為臉書、微軟等國際大廠，在臉書資本支出增加下，明年訂單量將大幅提升，加上今年底已小量出貨給新客戶亞馬遜，後續營運展望正向看待。個股焦點中，健鼎 (3044) 第 3 季稅後純益 20.1 億元，年增 21.8%，隨產品營收占比約 18% 的 HDI 受惠於非蘋手機需求擴增帶動產能利用維持高檔，另營收占比約 15% 的網通與伺服器業務在 HP、DELL 等國際品牌客戶拉貨動能加溫下，加上車用產品在德國馬牌 (Continenal) 等大廠滲透率提升，獲利動能強勁激勵今日股價攻上漲停。和碩 (4938) 第 3 季稅後純益 62.97 億元，年增 1.23 倍，受惠於代工 LCD 主流款 iPhone 熱銷拉升出貨動能以及產能利用率優化使毛利率升至 3.75%，另營業利益率和純益率同步走揚，季報呈現三率三升的亮眼業績帶動今日股價跳空漲停。電子：健鼎 (3044)、和碩 (4938)、濱川 (1569)、新日興 (3376)。非電：力山 (1515)、王品 (2727)、鈺齊 - KY(9802)、喬山 (1736)。本文係研究員對大盤之看法，僅供參考，不做進出依據
482,2019/11/08,明揚Q4訂單湧進營收可望續創高 將再擴新產能,明安集團高爾夫小白球廠明揚國際 () 受惠產品單價平穩、新產能逐步開出，第 3 季營收 4.65 億元創高，第 4 季進入旺季，10 月營收 1.5 億元，優於上月與去年同期，法人估，11 、12 月營收還將持續攀高第 4 季營收將再寫新猷。明揚 10 月營收 1.5 億元，月增 5.64%，年增率 2.64%，累計前 10 月營收 14.92 億元，年增 17.26%。明揚第 3 季營收 4.65 億元，毛利率為 17.2%，季增 0.8 個百分點，年增 5.72 個百分點，稅後純益 4265 萬元，創歷史次高，季增 10.13%，年增 91.35%，單季每股純益 0.84 元。明揚前 3 季營收 13.42 億元，毛利率為 15.69%，年增 6.79 個百分點，稅後純益為 1.11 億元，年增 2.47 倍，每股純益為 2.17 元。明揚國際投資 5.9 億元在台灣屏東建置的二期新廠日前落成，新廠 6 月先開出 250-350 萬打新產能；明揚主管指出，新廠將分二階段開出產能，6 月先開出 250-350 萬打，今年底舊廠加新廠年產能將可達 1600 萬打，產能擴充完成後，未來將採「專屬產線」策略，有助未來爭取或穩定大咖客戶。至於明揚新廠第 2 階段產能擴充，依目前規劃，預計在 2020 年上半年完成。法人估，明揚 2019 年營收年增將逾 15%，落在 18.2 億元，每股純益挑戰 2.7 元，2020 年營運成長趨勢不變，估年增將逾 1 成，上看 20.6 億元，稅後純益可望超過 1.5 億元，年增超過 1 成。
483,2019/11/08,王品將開賣冷凍年菜+沐越首開商場店 Q4營運添新動能,連鎖餐飲集團王品 () 今 (8) 日宣布，自創越式料理品牌「沐越」本周將首家商場店，同時，今年將首推冷凍年菜，擴大經營觸角，加上既有各品牌調整效益逐漸顯現，有助第四季營運動能。王品指出，桃園台茂店是沐越首次進入商場，也是桃園首店，看準桃園是六都之中，東南亞新移民人口占比最高的都市，加上當地家庭客群多，成長潛力佳。另一方面，王品強調，去年新成立的萬鮮公司已跨入禮盒市場，銷售通路跨越王品集團原有門店優勢，包括推出丰禾日麗的果乾、hot 7 泡菜、莆田辣媽醬、原燒中秋限定烤肉禮盒等，並在超商、超市和電商通路上架，接下來將首度推出冷凍年菜組合預購。另一方面，王品積極進行品牌調整，「西堤牛排」適逢 18 周年，導入全新的品牌識別，並推出首家 3.0 概念店台北南東店；而「石二鍋」台中新開幕的 Fresh 經典店，提供複合式消費體驗，營業時間延長至半夜 1 點。新品牌方面，王品「THE WANG」10 月進駐台中七期商辦，主打高價牛排套餐市場，也是王品集團客單價最高的品牌，有助提升討論度；而大陸事業群有新品牌「鵲玥」在上海徐家匯太平洋百貨開出首店，以粵菜點心店為定位。王品甫公布第三季稅後純益 1.29 億元，年增 22.4%，每股純益 (EPS)1.72 元，創 8 個季度來高點，顯示積極整理既有品牌、關閉虧損門店等強化經營體質的策略奏效，累計前三季稅後純益 2.99 億元，年減 1.03%，每股純益 4.04 元。展望後市，隨著既有品牌仍伺機開新據點並進行調整，營運逐漸回穩可期。
484,2019/11/08,JR東日本租下六福皇宮 謝金河：台日投資好的開始,台北威斯汀六福皇宮去年底歇業，經過 10 個月的漫長等待，終於找到承租的主人，這樁喜事是透過福華廖家牽缐，引來 JR 東日本集團進駐經營。財信傳媒董事長謝金河指出，台日交流愈來愈頻繁，雙方投資與日俱增，這是好的開始。謝金河在臉書發文指出，開業 20 年的六福皇宮，去年底走入歷史，大樓閒置近 1 年，房東國泰人壽尋尋覓覓終於找到租客，未來公司正式名稱是 JR 東日本大飯店台北，台灣的合作夥伴是福泰飯店集團，預計 2021 年正式營運。不過，這次 JR 東日本鐵道集團進軍台灣飯店業並非日企先例，謝金河表示，先前日本最大的上市旅遊集團 H.I.S. 旗下的 H.I.S. Hotel 拿下擁有 18 家商旅、1600 個房間的洛碁飯店 () 及副品牌舞衣新宿的經營權。近年台灣上市櫃公司有不少日本企業入主，像是散熱元件的超眾 () 由日本電產株式會社拿下 52.4% 股權，今年股價從 66.7 元漲到 290 元；專攻營建 3D 解決方案的大塚 ()，由日商大塚商會控股 37.82%；生產石英震盪元件的加高 ()，日本大真空株式會社控有 50.46% 股權；此外，國際大廠日亞化入主光磊 () 經營，為光磊 LED 注入新活力。謝金河表示，近年日企不斷的在台灣尋找標的物，日本樂天集團也動作頻頻，不僅以約 6 億取得 Lamigo 桃猿隊的經營權，正好可以為台日職業棒球合作舖路，各界樂見其成，另外，樂天和國票金 () 的純網銀也順利取得營運執照，顯示出台日交流愈來愈頻繁，雙方投資與日俱增，這是好的開始。
485,2019/11/08,正德前三季獲利年減逾2成 Q4散裝旺季熱度延續營運有撐,散裝航商正德海運 () 今 (8) 日公布第三季財報，單季合併營收 1.89 億元，年減 12.17%，稅後純益 1770 萬元，年減 42%，每股純益 0.12 元；累計前三季稅後純益 5426 萬元，年減 24.2%，每股純益 0.36 元，展望後市，正德認為，第四季一向是北半球穀物收成出貨旺季，散裝市場熱度可望延續至明年第一季，由於旗下船隊以長約出租為主，整體較不受市場行情波動影響。正德說明，第三季毛利率 24.21%，較去年同期衰退 5.62 個百分點，而營業利益率 17.09%，也較去年同旗下滑 6.79 個百分點，主要是因油價成本偏高，加上有船舶第三季換租，換租期間會相對拉升整體成本和費用。正德指出，近兩年調整體質效益顯現，船舶均以長約出租為主，今年分別於 3 月和 10 月簽約購買載重噸數 4.2 萬噸和 2.8 萬噸散裝貨輪，分別在 4 月、11 月下旬加入營運行列，且均已簽妥長約，有助後續挹注營收。正德目前船隊共 13 艘，其中，10 艘持有 1 年以上至 10 年的長期租約，其餘 3 艘採 1 年內短期出租或自營，預計將持續擴充船隊，並考量依各區域市場如大西洋、太平洋等運價行情變化，慎選優質並具發展潛力的租家，以提高獲利空間。另一方面，正德也說明，隨著壓艙水安裝規定上路，旗下每艘船舶平均費用約 30-40 萬美元左右；而低硫令也將於明年 1 月 1 日起生效，強制全球航商使用 0.5% 低硫油，不過正德旗下船隊屬於中小型船舶，並無安裝脫硫設備空間，且旗下船舶都採出租型態營運，燃油費用由租家支付，對正德並無影響。
486,2019/11/08,需求回溫 環宇-KY Q4可望季增5%,環宇 - KY() 第 3 季營運受高毛利產品銷售比重下滑，整體表現不如預期，展望第 4 季，環宇表示，預期隨著資料中心、KGD(自有品牌) 需求逐步回溫，營運仍可望優於第 3 季，法人估環宇第 4 季營收將緩步回升，季增 5%。環宇指出，KGD 需求緩步回升，預期第 4 季動能將由資料中心、5G 基地台建置帶動，目前用於基地台的 25G 產品已投入生產，400G 同樣進入量產，800G 則在設計中，未來將逐步降低接單舊製程及單價較低的產品，並加速導入先進產品，盼維持毛利率在 45%-50%。市場傳出三安擴大華為訂單，環宇可望受惠，環宇表示，跟三安合作成立的子公司，是因應客戶銷往美國的產品，面對美中貿易戰，中國廠商加速本地化生產，對於像環宇這樣的外國公司，只能努力將影響降低。投資晶成半導體方面，環宇表示，將調整原募集資金運用計畫，運用自有資金共計 4 億元，參與晶成半導體現金增資認購，預期明年第 1 季對晶成半導體持股比例將由 14.09% 增加至 36.06%，未來將由晶成提供 6 吋晶圓代工服務，發展氮化鎵、VCSEL 產品，環宇則提供技術支援，拓展代工產能及客戶，至於先前曾表示最高將持股 49%，預期則在明年達成。環宇第 3 季營收 4.67 億元，季增 0.3%、年減 9.3%，毛利率 42.3%，季減 9.1 個百分點、年減 5.8 個百分點，營益率 15.4%，季減 8.2 個百分點、年減 7.6 個百分點；稅後純益 6054 萬元，季減 31.35%、年減 34.02%，每股純益 0.68 元。環宇累計今年前 3 季合併營收達 13.09 億元，年減 13.6%，KGD 需求不如去年，毛利率 43.7%，年減 3.6 個百分點，營益率 14.9%，年減 6.8 個百分點，稅後純益 1.63 億元，年減 39%，每股純益 1.86 元。
487,2019/11/08,台股盤後－MSCI降權重衝擊 收跌失守11600 周線仍大漲180點,美中有望分階段取消關稅，但是台股今 (8) 日受到 MSCI 雙降權重影響，呈現開高走低，儘管股王大立光勁揚，但是權王台積電壓盤，終場下跌 27.02 點，收 11579.54 點，11600 點得而復失，成交值 1343.3 億元，不過本周周線仍大漲 180 點，周線連 4 紅。美股上漲 182 點，帶動台股今日以 11620.89 點、小漲 14.33 點開出，在大立光、鴻海領軍之下，指數最高一度攻到 11642.41 點，惟台積電權重遭 MSCI 下調最多，衝擊台積電股價走跌，加上空方賣壓出籠，使得指數隨即翻黑，跌破 10600 點大關和 5 日均線。大立光終場上漲 2.04%、收在 4760 元，鴻海也小漲 0.11%、收在 90.0 元，台積電則下挫 1.13%、收在 305.5 元。台股連 2 天漲多拉回，資金流向低基期股，蘋概股和碩漲停，低基期的 ODM 代工緯創、廣達均逆勢走揚。MSCI 公布季度調整，被納入的成分股中，力山大漲 7%，鈺齊 - KY 走揚逾 3%，股價再創新高，瀚宇博、喬山、新唐走揚逾 2%，立積、緯穎與嘉泥也同步有 1% 以上漲幅。權值股跌多漲少，除台積電壓盤，聯發科也跌 2.59%，統一、日月光投控、光寶科、和泰車等均跌超過 1%，開發金、遠東新、台塑四寶等也都走跌。整體來說，台股連續 2 天漲多拉回，短線出現調節賣壓，雖然並非大跌，但不同於前幾天拉尾盤，台股今天反而壓尾，11600 點得而復失，美中貿易協商看似出現突破性進展，但分階段取消關稅的說法引起美國內部幕僚的意見分歧，至今白宮未做出最後定案，美股盤後期貨也呈現下跌，後續須持續關注，而外資雖然在現貨連買，但截至昨天，外資在已經連 3 賣，顯示其避險心態已浮現，今天外資操作動態將動見觀瞻。
488,2019/11/08,iPhone需求旺 台積電10月營收1060億元 創歷史次高,晶圓代工龍頭台積電 () 今 (8) 日公布 10 月營收達 1060.4 億元，創歷史次高，受惠蘋果新機 iPhone11 需求熱絡，拉貨力道強勁，加上高速運算動能續強，營收續站穩千億元之上，月增 3.8%，年增 4.4%；前 10 個月累計營收 8587.88 億元，年增 1.8%；法人預估，從台積電第 4 季財測數字推算，11、12 月營收表現可能會下滑修正。據台積電財測，第 4 季營收估達 102 至 103 億美元，季增約 8.5-9.6%，中位數為 9 %，毛利率估 48-50%，營益率 37-39%，雙率均較第 3 季成長，受惠 7 奈米製程順利推進，雙率第 4 季穩朝長期目標毛利率 50%、營益率 39% 邁進。若以 1 美元兌換 30.6 元計算，台積電第 4 季營收約達 3121 至 3151 億元，可望改寫第 3 季寫下的單季營收新猷，全年來看，今年營收估可達 1 兆 648 億元至 1 兆 678 億元，年增 3.2-3.5%，符合先前預期的持平至成長 5％。各應用平台方面，台積電總裁魏哲家指出，第 4 季各平台都會成長，手機動能將會最強勁，高速運算受惠 GPU、等需求推升，營收也可望大幅成長，汽車電子也將維持成長，惟物聯網第 3 季營收基期高，估第 4 季營收將會下降。此外，台積電看好，5G 動能較預期強勁，上修明年 5G 手機滲透率預估，由個位數百分比調升至 15%，也因需求強勁，同步調升今年資本支出金額，上調至 140 至 150 億美元，增加多達 40 億美元，增幅高達 4 成，除超過外資預期，也創台積電資本支出新高紀錄，明年預期也將維持今年高峰。
489,2019/11/08,信錦「1年1併」加速多角布局 未來3年每年營收雙位數成長,軸承廠信錦 () 第 4 季接單優於預期，全年每股純益可望 7.5 元起跳，明年在營運動能延續，加上併入鋁鎂合金機殼廠敬得，營收可望年增雙位數，信錦強調，目標未來每年都要有併購案 ，3 年內每年營收都將維持雙位數成長，後年營收可望上看百億元。法人估，信錦今年營收雖較去年持平或略減，但產品組合改善下，全年獲利可望略優於去年，加上信錦減資股本變小，每股純益將上看 7.5 元。明年來看，信錦認為，併購效益需要時間發酵，預估新併入的敬得明年營收仍約 7 億元，但信錦本身業績成長，估明年營收可望重返成長，且年增幅估逾 1 成以上。信錦也透露，將持續發動併購，也在尋找標的，朝水平整合方向進行，藉此增加產品線以及強化業務，目標未來每一年都要有 1 個併購案，未來 3 年內，每年營收都要有雙位數的成長。信錦第 3 季稅後純益季增逾 3 成、年增 8%，來到 2.97 億元創 3 年新高，每股純益 2.4 元，則為 12 年新高；累計前 3 季稅後純益 7.05 億元，年增 7.2%，每股純益 5.7 元。
490,2019/11/08,華固Q3建案密集入帳 每股賺9.11元創高 前3季11.15元,華固 () 第 3 季進入交屋旺季，今 (8) 日公布財報，包含營收、純益與每股純益，都創歷史新高，稅後純益 25.22 億元，每股純益則達 9.11 元，累計前 3 季稅後純益 30.86 億元，每股純益 11.15 元。華固 9 月營收達 60.07 億元，改寫單月歷史新高，總經理洪嘉昇指出，包括「華固名鑄」、「華固樂慕」等建案密集交屋入帳，第 3 季創營收新高峰，且前 9 月營收同步改寫歷年新高。華固第 3 季營收 131.03 億元，毛利率為 26.4%，季減 1.89 個百分點，年增 1.04 個百分點，稅後純益 25.21 億元，明顯較去年同期 4321 萬元增加，特股純益 9.11 元；華固前 9 月營收 167.82 億元，毛利率 26.76%，年減 4.64 個百分點，稅後純益 30.86 億元，每股純益 11.15 元。至於第 4 季，華固新北市土城的「華固新代田」建案也將完工入帳，由新代田總銷，金額達 42 億元，已售出 7 成。華固今年新推住宅案部分，首件住宅案北市石牌「華固翡儷」建案順銷，已正式開工，內湖潭美段潭美國小旁住宅案已推案，並設基地外接待中心，可儘速動工，內湖、石牌案則同步在 2022 年第 3 季完工交屋。華固目前在手雙北市已增至 5 處純辦、廠辦案，總銷金額將達 230-240 億元，依照華固建設過去在非住宅類產品市場的興建、銷售時程以完工後一年完銷估算，這 5 個純辦、廠辦開發案，將可以賣到 2023 年。
491,2019/11/08,疫苗交貨時程遞延 國光生10月營收1.63億元 年減逾3成,疫苗廠國光生 () 今 (8) 日公布 10 月營收，由於今年流感疫苗交貨時程較往年晚，營收 1.63 億元，年減逾 3 成，展望後市，法人表示，國光生 11 月將完成流感疫苗生產，第 4 季營運動能來自國內公費流感疫苗，本季營收可望維持高檔。國光生指出，今年世界衛生組織 (WHO) 流感疫苗選株會議，延遲公布北半球疫苗選株決定，造成全球疫苗生產供貨時程延後，對照疾管署公布流感公費疫苗，於 11 月中起分三波施打接種疫苗，預計交貨期分為 5 批，12 月底前先完成 3 批，明年 1 月底前則完成交貨。展望後市，法人表示，國光生廠區第 1 條填充線產能已達滿水位，每年生產量為 1800 萬劑，由於訂單能見度高，已投入第 2 條產線建置，產能上看 6000-8000 萬劑，法人估，產能擴充後，明年獲利可望增溫，2021 則將是營運成長高峰期。10 月營收 1.63 億元，月減 39.19%、年減 34.18%；累計前 10 月營收 8.35 億元，年增 25.83%。
492,2019/11/08,利機散熱片迎收割期 10月營收0.69億元 年增10.4%,半導體通路商利機 () 公布 10 月營收 0.69 億元，月增 1.42%，年增 10.41%，累計前 10 月合併營收 6.66 億元，年減 4.61%，利機 10 月受惠散熱片需求持續增加，單月營收月增高達 74%，支撐整月表現。利機指出，布局散熱片效益已逐漸顯現，帶動散熱片營收連 3 季正成長，10 月月增率也達 74%，預計隨著 AI 及 5G 等技術成熟，散熱需求將只增不減，此外，今年散熱片客戶將新增 1 至 2 家，同時積極布局中國市場，預計明年散熱片營收比重將從 2% 提升至 10%。利機表示，10 月營收受惠各主力產品營收成長，年增率達 10%，包括封測相關年增 12%、驅動 IC 相關年增 9%、以及記憶體相關年增 35%，成長幅度最大的記憶體相關產品為佣金交易模式，有助獲利，且營收比重約 4 成，可望創單月毛利率新高。展望第 4 季，終端需求持續穩定，且 AI、5G、HPC(高效能運算) 等新科技應用，記憶體基板、散熱片等產品穩定成長，加上轉投資有效挹注獲利，利機營運可期。
493,2019/11/08,【運達投顧】整理到下週後半週,台股今天收週線 11 月至今雖然這兩天稍有震盪但空間也不大，所以週線還是大漲約 200 點左右收長紅 K 線週量也是微幅增加，以此量價關係來看對多頭並沒有敗像，下週過後台股就要來到結算所以結算前一週預計後半週台股會有拉抬的機會，重點分析如下：1. 中美貿易談判取得重要進展。中國商務部 7 日證實，中美同意隨著協議進展，分階段取消加徵關稅措施，雙方要達成第一階段協議，必須根據協議內容同步、等比率取消已加徵關稅。這也讓美股續創歷史新高，昨天我們就國際股市的結構做過說明。美股的多頭無庸置疑歐股也屢創今年新高只剩下亞股位階仍屬落後尤其陸韓港股，目前在型態上韓港股都已經突破 9 月前高，若是陸股也可過 9 月高點那麼落後的韓港陸股還有再往上挑戰高點的機會，當亞股都能走補漲台股就還有挑戰 12682 點的實力。2. 從籌碼面來看 11 月份外資期貨多單最高來到 6.1 萬口連續三天出現多單縮減約 8689 口但總口數還維持在 5 萬口之上，昨天我們說明：結算日在 11/20 下週起還有一週的時間，若近日外資減倉後的倉位仍可維持在 5 萬口之上，加上摩台未平倉口數再創新高來到 24.7 萬口，摩台多單沒跑所以下週後半週接近結算前會有拉抬機會，在多單未破 5 萬口之前台股就算漲多會整理幅度應該也不會太大，下週後半週應該是指數為拉高結算會有買盤介入。3. 近日國際金融在匯率上的變化比較大，美元近日跌多反彈維持在 98 元附近並沒有進一步的升值，反到是在美中貿易協議有利多的帶動下近日升破 7 維持升值，這關係著全球資金是否繼續流向亞洲帶動股市上漲的關鍵，以來看從 8 月份起一路走升雖然升多近日稍有貶值但貶值連月線都沒跌破，可見仍維持走升的趨勢外資資金也沒有外流的現象，因此對台股持續創高是一大利多，下週能維持破 7 的升值趨勢預計陸股補漲才剛開始，可以預知 11/20 的結算拉高是很有機會的，因此台股雖然漲多稍有整理但只要沒有高檔暴量外資也沒有出貨的機會，在匯率走升的背景下指數還是會持續上漲。4. 近期操作上難免受到指數漲多整理各股走勢比較不一致而且速度也比較慢，這是因為資金正在調整期，一些高位階電子股近期是台股弱勢的標的，但低檔的個股雖然未明顯攻擊但受大盤震盪的影響也不大，這是因為這裡不是空頭，加上很多在底部的個股股價也接近投資的價值所以低檔股仍有補漲的機會，每當指數出現震盪時市場資金都會以不佔權值不須大量的中低價電子股與生技股為主，指標股中裕在型態上有頭肩底的訊號當中裕出量攻擊就是生技股全面補漲的開始，所以這裡可以留意下一波輪漲的方向。※以上內容由蕭春源分析師 整理提供，投資人於投資前請審慎評估，遵守紀律，嚴設停利停損。
494,2019/11/08,台股盤中—電子雙雄無力 跌破10600點、5日線,美中協商報佳音，激勵美股周四收漲，台股今 (8) 日早盤同步跟漲，惟台積電表現疲弱，電子雙雄大立光與鴻海也撐盤無力，加上台塑四寶僅台塑化走揚，金融權值股僅有中信金、玉山金站穩盤上，指數開高走低，盤中紅翻黑，跌破 11600 點、並失守 5 日線，估今日成交量 1400 億元。台股今日開盤上漲 14.33 點，以 11620.89 點開出，盤中最高站上 11642.41 點，最低來到 11561.31 點，從族群表現來看，上市股中電子設備族群表現最強勁，漲幅近 1%，表現最弱為食品指數，跌幅約 1.1%；上櫃族群方面，表現最強勢的同為電子設備指數，漲幅 1.39%，最弱勢為遊戲族群，跌幅 1.6%。電子三雄方面，MSCI 進行權重調整，其中台積電遭 MSCI 調降最多，權重變化為 - 0.20 個百分點，調降後權重為 36.15%，今日股價一路處於盤下，失守 5 日線；股王大立光表現最強勁，盤中漲幅逾 1%；鴻海則是續站穩 90 元關卡之上，漲幅逾 0.4%。MSCI 明晟全球小型指數部分，台灣成分股此次新增 16 檔，其中，力山大漲 7%，鈺齊 - KY 漲幅逾 4%，喬山、立積、瀚宇博漲幅逾 3%，新唐漲幅逾 2.5%。IC 設計族群表現強勢，旺玖、九暘、世芯 - KY 攻上漲停，創意、新唐、群聯、金麗科漲幅逾 2%。印刷電路族群方面，健鼎第 3 季毛利率、純益與每股純益同寫新高，股價強勁表態，亮燈漲停，華通、聯茂也站穩盤上。國泰證期分析師蔡明翰指出，短線指數雖跌破 5 日線支撐，但未大幅轉貶，外資操作仍偏多，目前僅是多頭格局暫緩，但多方掌控格局不變，後續觀察貿易戰協商情況，若貿易戰還未結束前，拉回空間有限，預期指數仍將維持高檔震盪整理。
495,2019/11/08,〈雃博展望〉明年中併入德氣墊床大廠 貢獻年營收逾億元,醫材廠雃博 () 從代工轉型自有品牌，董事長李永川表示，除明年拓展美國市場外，預計明年中可取得德國氣墊床製造商 100% 股權，法人預期，德國廠一年營收上看 1000 萬 (約 3.4 億元)，若併購順利，可挹注雃博上億元營收。雃博過去取得德國防褥瘡床墊供應商 50% 股權，李永川表示，預計明年上半年會取得該公司 100% 股權，法人表示，德國公司今年營收上看 1000 萬 (約 3.4 億元)、獲利約 70 萬 (約 2353 萬元)，若明年雃博順利併購，營運可望大成長。雃博營收占比方面，自有品牌約占 80%、代工已降至 20%，產品部分，傷口照護產品占 45%、呼吸治療器占 28%、減菌鍋占 11%。李永川表示，已在全球成立 9 間銷售型子公司、逾 140 間品牌代理商，主要營收來源歐洲地區，占整體營收比重 5 成，以減壓系列產品為核心，並整合西班牙、英國、法國等子公司，提供客戶一站式服務。李永川指出，明年將積極拓展美國市場，現階段營收比重不到 3 成，由於美國有上千項專利，產品開發上較為困難，未來會先推氣墊床相關產品、加入當地的醫學會，再將產品導入安寧病房、安護中心等，需長時間布局，短期難有效益。雃博累計前 9 月營收 15.19 億元，年減 1.15%；第 2 季稅後純益 1886 萬元，年減 21%，每股純益 0.19 元；上半年稅後純益 5605 萬元，年增 19.4%，每股純益 0.56 元。
496,2019/11/08,和大10月營收今年次高 明年可望再寫新高,汽車傳動系統製造廠和大 () 今 (8) 日公布 10 月合併營收 5.21 億元，月增 3.09%，年減近 20%，已創今年單月次高，累計前 10 月合併營收 50.36 億元，年減 17.48%，和大表示，由於大客戶追加明年訂單，正進行新增 2 條產線作業，明年嘉義廠將成在台單一最大生產基地，且隨歐美車廠電動車陸續上市，營收可望再創高。今年受美中貿易戰關稅衝擊，與全球車市循環影響，和大整體營收不如預期，但受惠美國電動車客戶拉貨提升，業績已逐月回穩。展望第四季，和大說明，美電動車大廠生產和銷量屢創高，嘉義廠單月出貨量已連二個月站穩 2 億元，可望拉高整體毛利率與獲利。另一方面，和大近期持續投資嘉義廠房自動化智能產線，高階設備已陸續安裝測試，預計明年第二季可達 14 條產線量產，且大客戶持續追加明年訂單，和大正進行新增 2 條智能化產線機器設備採購作業，預定明年第三季底前可完成，屆時嘉義廠將增加到 16 條產線。和大強調，經過近一年深耕綠能電動車組件研發，並和客戶協同開發，明年業績將谷底反彈，除原有美國第一大客戶外，B 公司新訂單持續追加，來自美洲 F 客戶、歐洲 B 客戶與 J 客戶、韓國 L 客戶，以及中國 S 客戶的電動車傳動系統零件採購訂單，也陸續進入試量產階段，樂觀看明年營收有望再創高。
497,2019/11/08,〈MSCI調整〉瀚宇博大搶5G商機 產能規模擴增 獲選小型指數成分股,明晟（MSCI）指數編纂公司今 (8) 日公布半年度調整結果，瀚宇博 () 在全球小型指數獲新增為成分股，營運亮點在瀚宇博從既有的 PCB 軟、硬板產能，擴大到 EMS 廠，將有助明年搶攻龐大 5G 通訊產業商機。瀚宇博是全球筆電板前 3 大供應商，連同轉投資精成科 ()，有高達每月 1100 萬平方呎的產能，且目前仍在擴張中，瀚宇博今年下半年入股軟板廠嘉聯益 ()）24% 股權，也是看好未來在 5G 趨勢下，雙方合作有望發揮綜效。瀚宇博近年針對 5G 戶外大型及小型基地台、路由器交換機及 5G 連網模組開發應用 PCB。目前台灣廠則以生產伺服器及 IPC 相關高層板為主。瀚宇博第 3 季合併營收 118.22 億元，為近 4 季以來新高，季增 9.5%，年減 3.89%，第 3 季還有轉投資華新科 () 的股息收入挹注，營運獲利看俏。
498,2019/11/08,〈雃博展望〉呼吸器新品明年Q2進軍歐洲 添營運新活水,醫材廠雃博 () 睽違 5 年多，順利研發出呼吸治療新品「IX 智能陽壓呼吸器」及「輕量化面罩 WiZARD 510」，預計明年第 2 季可取得歐洲認證並上市，添營運新動能。雃博董事長李永川表示，輕量化面罩重量僅 100 公克，採直覺式拆裝、無額墊及 3D 頭戴的設計，未來面罩將會是公司的主要營運動能，預計未來每年都有新品亮相，不過光是單一國家就有上千項面罩相關專利，開發上具有挑戰性。IX 智能陽壓呼吸器部分，李永川指出，有些民眾睡著時會出現呼吸中止，而呼吸器就能調節至最佳狀態，包括濕度、溫等，資料也可傳送至雲端。展望後市，李永川表示，呼吸器新品日前至德國杜賽道夫 Medica 醫療展參展，獲多家吸治療儀器進口商青睞，預計明年第 2 季就可取得歐洲認證、上市，明年中陸續會在日本、台灣、美國等地區銷售。雃博轉往物聯網市場，在工業局支持下發展智慧型陽壓呼吸裝置及聯網系統，透過物聯網、行動 App、遠距服務等技術，收集病患呼吸資料及雲端資料庫連結，能提升治療過程。
499,2019/11/08,看好明年iPhone需求 外資調升和碩評等 目標價喊75元,代工大廠和碩 () 受惠蘋果 iPhone 拉貨動能強，第 3 季財報亮眼，毛利率、營益率、淨利率皆創近 15 季新高，亞系外資也出具報告指出，看好蘋果新機、明年遊戲機需求，將評等從中立調升至買進，目標價最高喊到 75 元。亞系外資指出，今年和碩調整生產策略，配合蘋果新機發表週期調整，一次處理一款產品，今年下半年是蘋果 iPhone11、明年上半年則專攻 iPhone SE2，藉由控管營運成本與產能利用率提升，帶動營運成長。展望明年，亞系外資表示，預期明年蘋果推出 5G 手機後將帶動換機潮，和碩可望受惠，因此調升評等至買進，目標價喊至 75 元，不過外資也提出風險，包含 iPhone 終端需求減弱、訂單分配調整、子公司營運狀況與美中貿易形勢改變等。另一家外資也表示，和碩第 3 季財報亮眼，預期蘋果 iPhone 手機需求動能將持續至第 4 季，加上子公司營運回升，預期第 4 季營收可望季增 15%，達 4000 億元以上，但由於去年基期高，預期將年減 12%，外資進一步指出，受惠明年蘋果 iPhone 新機、索尼和微軟遊戲機、5G 應用等需求，預期和碩明年產能利用率將持續提升，因此調升評等至買進，目標價從 46 元上調至 69 元。和碩第 3 季營收 3547.95 億元，季增 18.52%、年增 10.18%，毛利率 3.75%，季增 0.37 個百分點、年增 0.42 個百分點，營益率 1.76%，季增 0.77 個百分點、年增 0.65 個百分點；稅後純益 62.97 億元，季增 81.74%、年增 122.49%，每股純益 2.41 元。和碩累計今年前 3 季合併營收 9482.75 億元，年增 8.5%，毛利率 3.18%，年減 0.11 個百分點，營益率 1.01%，年增 0.17 個百分點，稅後純益 110.93 億元，年增 0.27%，每股純益 4.25 元。
500,2019/11/08,常廣今登興櫃 首日大漲近9成,微創手術器械製造商常廣 () 今 (8) 日以每股 45 元登興櫃，開盤直接衝上 85.47 元，漲幅近 9 成，展望後市，法人表示， 2 項創新型手器械新品可望明年底前取證，預期 2021 年營收將大幅成長。常廣營收高達 8 成來自腹腔鏡微創手術耗材；複合式裝置占 10%，如複埠式導入套管組、傷口撐開器等；器械及設備占 7%，包括組織夾鉗、鑷子、牽引器等。常廣 2 項新品近期已送件至逾 20 個國家進行認證，包含台灣、歐盟、巴西、韓國等，預計最快 1 年內可望取證，未來每年會開發 1-2 項新產品或推出新規格，來提升營運表現，法人預期，新品若順利明年底前取證，將可大量出貨，2021 年營運將有大幅度成長。從常廣各地區營收占比來看，歐洲占 29%、日本占 22%、韓國占 12%、中國占 5%、台灣 21%，董事長陳政宏看好，中國將會是未來成長動能之一，因基期低加上市場潛力大，法人表示，近來已開始調整產品組合，整體營運將逐步成長，法人預期，今年營收可望優於去年，全年每股純益上看 3 元。常廣 10 月營收 1.09 億元，月增 56.52%、年增逾 1 倍；累計前 10 月營收 6.05 億元，年增 2.66 倍。
501,2019/11/08,〈MSCI調整〉鈺齊獲增為全球小型指數成分股 早盤創新天價,明晟（MSCI）指數編纂公司今 (8) 日公布半年度調整結果，製鞋廠鈺齊 - KY() 獲增全球小型指數成分股，加上前 3 季獲利亮麗，每股純益已達 5.65 元超越去年，股價衝 131 元創歷史新天價。MSCI 此調整預計 11 月 27 日生效，鈺齊在客戶端訂單成長，加上越南與柬埔寨廠區產能持續增加，第 3 季單季稅後純益 4.06 億元，年增 92.4%，累計前 3 季稅後純益為 9.08 億元，超越去 (2018) 年全年，年增 65.1%，每股純益達 5.65 元。鈺齊在產能擴增及接單動能穩健助益下，下半年不淡，2020 年春夏鞋款已從 10 月起陸續出貨，並將逐月攀升至今年底及明年初。鈺齊自結 2019 年第 3 季營收為 34.5 億元，歸屬母公司稅後純益為 4.06 億元，每股純益為 2.44 元，較第 2 季成長 2.8%、36.8% 及 31.9%，也較去年同期大幅成長 33.2％、92.4％與 68.3％，創歷年單季歷史新高紀錄。鈺齊累計 2019 年前 3 季自結營收達 93.82 億元，歸屬母公司稅後純益 9.08 億元，每股純益 5.65 元，較去年同期大幅成長 27.2%、65.1% 及 49.9%，且營業利益增幅明顯優於營收增幅，鈺齊認為，此舉代表近年經營管理效能及規模經濟成效。
502,2019/11/08,〈MSCI調整〉台股成分股增2減1、中小型增16減2,明晟 (MSCI) 指數編纂公司今 (8) 日公布半年度調整結果，全球標準指數 (MSCI ACWI) 中的台股成分股新增 2 檔、剔除 1 檔，全球小型指數 (MSCI Small Cap) 的台股成分股則新增 16 檔、刪除 2 檔，此次調整將於 11 月 26 日收盤後生效。MSCI 明晟此次全球標準指數成分股的半年度調整，台灣成分股新增智邦 () 、緯穎 () 2 檔，中裕 () 則遭剔除，轉列入全球小型指數成分股。全球小型指數部分，台灣成分股此次新增 16 檔，包括嘉泥 () 、喬山 () 、力山 () 、雙鴻 () 、健策 () 、中裕 () 、智伸科 () 、新唐 () 、立積 () 、瀚宇博 () 、訊芯 - KY () 、超眾 () 、是方 () 、宏捷科 () 、柏文 () 、鈺齊 - KY () 。至於遭剔除的全球小型指數台灣成分股，則為環泥 () 、智邦等 2 檔。其中，智邦自全球小型指數成分股刪除，轉列入全球標準指數成分股。MSCI 分別在每年 2 月、5 月、8 月及 11 月進行權重及成分股調整，其中 5 月及 11 月為半年度調整，2 月及 8 月為季度調整，此次調整將在 11 月 26 日盤後生效。
503,2019/11/08,〈MSCI調整〉雙降台股權重 全球新興市場指數連三降,MSCI 今 (8) 日公布，台股在本次 MSCI 調整權重中，在「MSCI 全球新興市場指數」權重由 11.83% 下調至 11.46%，調降幅度為 0.37 個百分點，「MSCI 亞洲除日本指數」權重由 13.91% 下調至 13.44%，調降幅度為 0.47 個百分點，在「MSCI 全球市場指數」權重維持 1.38% 不變。其中，台股在「MSCI 全球新興市場指數」已連續三次被下調權重。        至於 MSCI 台灣指數成份股方面，本次成分股新增 2 檔，刪除 1 檔，指數成分股將增加至 88 檔，並有 14 檔成分股調整在外流通股數，本次權重調整新增成分股智邦，其權重為 0.48%，權重調降最多的成分股為台積電，其權重變化為 - 0.20 個百分點，調降後權重為 36.15%。本次 MSCI 季度調整，以「MSCI 全球新興市場指數」觀察，此次權重調升最多的國家為中國，權重增加了 1.58 個百分點；而本次權重調降最多的國家為南韓，權重被下調 0.44 個百分點。最新權重將在 11/26 收盤生效。
504,2019/11/08,【新光證券】盤前分析,◆盤勢分析美中首階段簽約時程可能沒預期快，7 日台股隨美股拉回整理，大型權值股、中小型股同步熄火，僅少數題材股表現較佳，使得大盤日線結束連四紅，終場收在 11606.56 點，跌 46.51 點或 0.4%，成交額 1416.48 億元。 OTC 指數收在 144.55 點，跌 1.53 點或 1.05%，成交額 458.48 億元。7 日台股雖然日線收黑，日量減少逾 12%，不過五日線並未失守，各期均線仍然向上，多頭地位不變。籌碼方面，內資同步賣超，外資則連 19 日買超，不過期貨部位出現偏空操作情形。僅管美中貿易的風吹草動屢屢牽動股市，不過整體企業財報表現仍穩健，川普身陷彈劾醜聞、共和黨在地方選舉中遭遇挫敗，使得總統選舉之路困難重重，極需在貿易談判中取得具體成果，預期美中談判將達成協議，帶動台股再創新高，建議可留意低本益比、前三季獲利表現佳族群波段操作。
505,2019/11/08,台股盤前－美中達共識將逐步取消關稅+外資續作多 台股高檔有撐,美中貿易戰傳出最新談判進展，中國商務部透露雙方談判進展順利，將分階段取消加增關稅，激勵美股四大指數同步走揚，惟傳出白宮內部有雜音，台股昨 (7) 日外資連 19 買超，帶動大盤跌幅收斂，相對有撐，力守 11600 點與 5 日線，法人表示，美中貿易後續進展仍須關注，建議投資人可先關注個股第 3 季財報、10 月營收表現。美股四大指數周四 (7) 日同步收紅，上漲 182.24 點或 0.66%，收 27674.8 點；指數上漲 23.89 點或 0.28%，收 8434.52 點；上漲 8.4 點或 0.27%，收 3085.18 點；指數上漲 12.01 點或 0.7%，收 1727.68 點。美中貿易戰傳出最新談判進展，中國商務部發言人高峰證實，美國與中國已同意隨協議進展、分階段取消對彼此商品加徵的關稅，但具體第一階段取消多少關稅，將由第一階段協議內容決定，他認為，雙方按協議取消加徵的關稅，有利於穩定市場預期，有利於中美兩國經濟和世界經濟，有利於生產者也有利於消費者，但路透社報導，美國白宮對取消中國現有關稅計劃內部有反對聲浪。蘋果 iPhone 拉貨動能強，代工大廠和碩公布第 3 季財報，稅後純益季增逾 8 成 EPS 2.41 元，毛利率、營益率、純益，皆創下近 15 季新高，總經理暨執行長廖賜政表示，預期第 4 季資訊產品包含筆電、桌機等將季減雙位數，但手機、平板等非資訊產品動能仍強，估將季增 2 位數，整體營運將可優於第 3 季，明年也樂觀看待 5G 需求，將成為各產品線動能。全球手機晶片龍頭高通日前公布上季財報，優於市場預期，執行長莫蘭科夫更看好本季營收持續走強，加上明年 5G 通訊發展、應用，各大品牌廠陸續推出 5G 手機，預期將帶動新一波手機換機潮，而主力晶圓代工廠台積電可望受惠。MSCI 公布半年度調整結果，台股在全球標準型指數將新增智邦、緯穎，刪除中裕，全球小型指數則將新增宏捷科、雙鴻、超眾、嘉泥、是方、瀚宇博等 16 檔，刪除智邦、環泥，預計相關調整將於 11 月 27 日生效。法人表示，美中雙方談判進度順利，仍須關注後續消息變化，且台股現階段已來到高檔價位，建議投資人短線應居高思危，操作上可先行留意上市櫃公司 10 月營收、第 3 季財報公布。
506,2019/11/08,【日盛投顧】盤前分析,◆盤勢分析1. 美國商務部傳出美、中兩國同意隨協議進展、「分階段」取消對彼此商品加徵的關稅，激勵四大指數走高，終場漲幅介於 0.27%~0.70%；其中，指標股 Tesla 連續兩天上漲創反彈新高、科技股漲多跌少，台積電 ADR 微漲 0.06%。2. 周四小低盤開出，隨亞股走弱與漲多的中、小型股表現不佳的影響，一路震盪走低。臨近收盤 2330 台積電再度發揮穩盤作用，跌幅逐漸收斂，最終收在 11606.5 點，下跌 46.51 點，跌幅 0.40%。3. 加權技術面與籌碼面：(1) 均線：指數暫守在 5 日均線之上，收長下影線黑 K 棒，短天期均線呈現多頭排列。(2) 量能：下跌量縮，量能未失控。(3) 技術指標：日 KD 高檔死亡交叉向下，短線有過熱的疑慮，慎防個股技術性調整。(4) 法人籌碼：三大法人合計 40.79 億元、外資 + 50.02 億元、投信 - 0.91 億元、自營 - 8.31 億元。4.OTC 指數開平走低，收盤下跌 1.05%，連續兩天收長黑 K 棒，且跌破 5、10 天期短均線，走勢相對疲弱，目前短線支撐為月線 143.78 點。5. 權值電子：2330 台積電開低震盪尾盤再收高，帶動大盤跌幅收斂；2317 鴻海股價緩步上攻，再創波段新高。6. 中小電子：8150 南茂 Q319 每股 0.81 元，創近五年同期最佳，Q419 業績力拼成長，帶量收漲停。3034 聯詠前 3 季賺 1 股本，外資看好明年營運，早盤帶量再寫波段新高價。7. 金融：類股成交量持續放大，2882 新光金拉出第二根紅 K 棒，帶動 2823 中壽、2883 開發金逆勢帶量收高。8. 生技：4123 晟德獲外資連五日買超，早盤放量勁揚 3%，攻克 70 元及半年線。1786 科妍 10 月營收 0.38 億元，年增 48.52%，股價改寫 4 個月新高價。9. 操作建議：時序將進入公布營收與第三季財報揭露，個股走勢易有大幅波動，操作不宜追高，盤中爆量衝可短調。台股選股方向可留意 IC 設計、運動休閒、內需、5G、PCB、伺服器、車用具有題材等族群，此外金融族群持續增溫，中長期資金仍可逢低布局。10. 大突破！ 中美同意分階段 取消加徵關稅：中國商務部 7 日證實，中美同意隨著協議進展，分階段取消加徵關稅措施，雙方要達成第一階段協議，必須根據協議內容同步、等比率取消已加徵關稅。美方取消加徵關稅，一直是大陸方面同意達成貿易協議的關鍵前提。昨日中美取得分階段取消加徵關稅共識後，中國國務院隨即整合並公布新一輪對外開放政策，在「關於進一步做好利用外資工作的意見」中，廣含金融、汽車、智慧財產權等共 20 項內容，引發市場關注。11. 和碩 Q3 獲利年增逾 1.2 倍：4938 和碩獲利大躍進，在新款 iPhone 優於預期帶動下，產能利用率維持在高點，和碩第三季毛利率、營益率、稅前與稅後淨利率全都季增與年增，獲利 62.97 億元，季增 81.7％，年增超過 1.2 倍，帶動前三季 EPS 來到 4.25 元，第四季營收則可望較第三季增長。另外，執行長廖賜政指出，不排除將會在印度與越南有新產能投資計畫。12. 雙鴻 前三季每股稅後賺 9.19 元：散熱廠 3324 雙鴻公告第三季財報，由於手機、伺服器散熱均大有斬獲，雙鴻第三季單月營收平均達 9 億元以上，推升第三季獲利噴發，毛利率、營益率雙創新高，單季稅後純益 3.39 億元，締造單季新高紀錄，季增 50％、年增 429％，每股稅後純益 4.11 元，累計前三季每股稅後純益直逼一個股本，達 9.19 元。。
507,2019/11/08,盤前財經大事搶先讀2019年11月08日,台灣 10 月海關進出口美國密大 11 月消費信心指數日本 9 月家庭支出法說會：台灣大、中租 - KY、致新、得力、百容、德律、達邁特別股掛牌：新光金《路透社》週四 (7 日) 引述多位消息人士報導，作為第一階段貿易協議的一部分，白宮與外部顧問強烈反對美中 (分階段) 取消現有關稅。歐盟委員會周四 (7 日) 公布對 2020 年區經濟成長和通膨預期。雖然先前展現出略為樂觀的反彈信號，但在全球貿易緊張和政策不確定性的影響之下，歐盟委員會下修經濟展望，並示警經濟改善的情況可能難以持續、更差的經濟環境可能將會出現。壽險業今 (2019) 年上半年已增資 438 億元，全年增資金額估達 746 億元，為健全保險業財務結構，並強化風險承擔能力，金管會決議對壽險業增資，設立雙重預警指標，將淨值比 3% 與資本適足率 (RBC) 200% 納入強制增資標準，明年 4 月起實施，目前只有宏泰人壽一家公司因為淨值比未達標遭警示。矽晶圓大廠環球晶 () 董事長徐秀蘭表示，多數客戶庫存已從第 3 季開始下降，估庫存去化情況將持續至第 4 季、甚至明年，明年展望樂觀，估下半年營運將優於上半年，且產品單價 (ASP) 將稍高於今年；至於 12 吋需求已回溫，看好 8 吋需求落底，但回升速度緩慢。和碩 () 今 (7) 日舉辦線上法說會，展望未來，總經理暨執行長廖賜政表示，預期第 4 季資訊產品包含筆電、桌機等將季減雙位數，但手機、平板等非資訊產品動能仍強，估將季增 2 位數，整體營運將可優於第 3 季，明年也樂觀看待 5G 需求，將成為各產品線動能。
508,2019/11/08,◆外資連續5日買超個股,外資連續 5 日買超個股1. 外資連續買超 5 日的股票(2317) 鴻海、(3481) 群創、(2888) 新光金、(00637L) 元大滬深 300 正 2、(00672L) 元大 S&P 原油正 22. 外資連續買超 4 日的股票(2317) 鴻海、(00672L) 元大 S&P 原油正 2、(3481) 群創、(2888) 新光金、(2882) 國泰金3. 外資連續買超 3 日的股票(2317) 鴻海、(3481) 群創、(2888) 新光金、(00672L) 元大 S&P 原油正 2、(2409) 友達4. 外資連續買超 2 日的股票(2317) 鴻海、(3481) 群創、(2888) 新光金、(2409) 友達、(2882) 國泰金5. 外資當日 (7) 買超的股票(2317) 鴻海、(2888) 新光金、(2409) 友達、(2887) 台新金、(3481) 群創
509,2019/11/08,◆外資連續5日賣超個股,外資連續 5 日賣超個股1. 外資連續賣超 5 日的股票(00632R) 元大台灣 50 反 1、(2801) 彰銀、(2344) 華邦電、(2610) 華航、(2313) 華通2. 外資連續賣超 4 日的股票(00632R) 元大台灣 50 反 1、(2344) 華邦電、(2610) 華航、(2801) 彰銀、(00673R) 元大 S&P 原油反 13. 外資連續賣超 3 日的股票(00637L) 元大滬深 300 正 2、(2610) 華航、(2344) 華邦電、(2884) 玉山金、(2313) 華通4. 外資連續賣超 2 日的股票(00637L) 元大滬深 300 正 2、(2884) 玉山金、(2313) 華通、(2367) 燿華、(2344) 華邦電5. 外資當日 (7) 賣超的股票(00637L) 元大滬深 300 正 2、(2884) 玉山金、(2353) 宏碁、(2367) 燿華、(2603) 長榮
510,2019/11/08,◆投信連續3日買超個股,投信連續 3 日買超個股1. 投信連續買超 3 日的股票(2891) 中信金、(3034) 聯詠、(2456) 奇力新、(0050) 元大台灣 50、(2884) 玉山金2. 投信連續買超 2 日的股票(2891) 中信金、(2456) 奇力新、(2884) 玉山金、(2882) 國泰金、(3711) 日月光投控3. 投信當日 (7) 買超的股票(2891) 中信金、(3711) 日月光投控、(3034) 聯詠、(2882) 國泰金、(2330) 台積電
511,2019/11/08,◆投信連續3日賣超個股,投信連續 3 日賣超個股1. 投信連續賣超 3 日的股票(3037) 華通、(2383) 健策、(2892) 台達電、(6278) 富邦金、(6213) 遠東新2. 投信連續賣超 2 日的股票(3037) 欣興、(2383) 台光電、(6213) 聯茂、(1102) 亞泥、(6278) 台表科3. 投信當日 (7) 賣超的股票(3037) 欣興、(6213) 聯茂、(2383) 台光電、(2329) 華泰、(6278) 台表科
512,2019/11/08,【鉅亨-盤前掃瞄】基本面,1.07 日交易日以 30.406 兌 1 美元作收，收盤貶 0.6 分，成交值為 8.20 億美元。2. 集中市場 07 日外資買超 50.0 億元，投信賣超 0.9 億元，自營商賣超 8.3 億元。3. 集中市場 07 日融資餘額較前 1 日減少 4.69 億元，成為 1413.66 億元，融券餘額較前 1 日增加 12655 張，成為 860991 張。
513,2019/11/08,【鉅亨-盤前掃瞄】技術面,1.5 日均線 11572.01 點，10 日均線 11454.40 點，20 日均線 11307.89 點。2.6 日 RSI 為 81.22，12 日 RSI 為 78.77。3.20 日乖離率為 2.64。
514,2019/11/08,信錦斥5.5億元併鋁鎂合金壓鑄廠敬得 躋身美系半導體大廠供應鏈,信錦 () 宣布，斥資 5.5 億元，取得鎂鋁合金機殼廠敬得科技 72.81% 的股權，間接打入美系半導體業者企業級固態硬碟 (SSD) 零組件供應鏈，預計 12 月將開始認列營收。信錦表示，本身雖然有鋁合金相關的產品，但敬得是鎂鋁合金，壓鑄技術層次也較高，客戶涵蓋美國半導體大廠、台系強固型電腦廠等，產品應用則包含汽機車零件、強固型電腦、企業級 SSD 零組件及電機閥體等應用領域。信錦指出，敬得年營收規模約 7 億元，預計 12 月完成交割即可開始認列營收，預計將花 1 年的時間讓雙方的業務、團隊磨合調整，預估到 2021 年在營收及獲利上會有較明顯的成長。此外，信錦目前主要生產基地都在中國，且廠房都是租賃的方式，但敬得在台灣桃園以及中國蘇州太倉擁都有土地及廠房，也有助信錦在美中貿易戰下，彈性調整產能。而長遠來看，信錦透露，不排除將敬得與其他轉投資做整併，甚至是掛牌 IPO，不過，目前還沒有明確的時程表。
515,2019/11/08,雙鴻前3季純益7.53億元 年增逾5倍 EPS 9.19元,散熱大廠雙鴻 () 今 (7) 日公布第 3 季財報，稅後純益 3.39 億元，年增 4.36 倍，每股純益 4.11 元；累計前 3 季稅後純益 7.53 億元，年增逾 5 倍，每股純益 9.19 元。雙鴻第 3 季營收 27.95 億元，季增 26%、年增 45.5%；毛利率 23.03%，季增 2.6 個百分點、年增 10.7 個百分點；營利率 14.26%，季增 3.06 個百分點、年增 12.5 個百分點；稅後純益 3.39 億元，季增 50%、年增 4.36 倍，每股純益 4.11 元。累計前 3 季營收 74.6 億元，年增 35.2%；毛利率 21.1%，年增 9.7 個百分點；營利率 12.2%，年增 10.74 個百分點；稅後純益 7.53 億元，年增 5.98 倍，每股純益 9.19 元。展望後市，董事長林育申日前表示，因手機出貨強勁，加上市場看旺顯卡新品，預期營收、毛利率皆可有亮眼表現，法人估，第 4 季毛利率將優於第 3 季，全年營收可望年增 30%，獲利更可維持賺 1 股本。
516,2019/11/08,亞太電前3季EPS -0.91元 將私募100億元投入5G競標,亞太電 () 今 (7) 日公告，私募案將於 1 年內分 3 次募集共 15 億股，首次募集 10 億股，私募價格為 10 元，總計 100 億元資金將投入 5G 相關建置，此外，也公布第 3 季財報，累計前 3 季稅後虧損達 39.28 億元，每股虧損 0.91 元。亞太電董事會決議第一次私募普通股增資案，總計私募股數為 15 億股，自股臨會後 1 年內分 1-3 次募集發行，第 1 次預計發行 10 億股，私募價格定為 10 元。亞太電表示，私募資金將用於充實營運，健全公司整體財務結構及強化資金靈活調整彈性，預計可支應營運所需資金、償還借款以降低負債比率、改善財務結構及支應 5G 發展所需，未來對公司的營運將產生直接或間接助益。亞太電前三大股東為鴻海 ()、台鐵及台灣大 ()，分別持股比為 19.6%、9.29% 及 3.45%，是否加碼參與也引發市場關注，其中，台灣大將於明日舉行線上法說，市場預期，私募案也將成為聚焦重點之一。亞太電第 3 季營收 37.06 億元，季增 10%、年增 4.2%；毛利率 2.61%，季減 0.6 個百分點、年減 6.2 個百分點；營利率 - 36.09%，較去年同期小幅擴大；稅後虧損 13.36 億元，虧損較去年同期擴大，每股虧損 0.31 元。亞太電累計前 3 季營收 105.49 億元，年減 2.7%；毛利率 3.66%，年減 7 個百分點；營利率 - 37.35%，較去年同期小幅擴大；稅後虧損 39.28 億元，虧損較去年同期擴大，每股虧損 0.91 元。
517,2019/11/07,產品組合轉佳 信錦Q3純益登3年新高 前3季EPS 5.7元,軸承大廠信錦 () 今 (7) 日公告第 3 季財報，受惠產品組合轉佳，毛利率來到 27.32%，逾 9 年新高，稅後純益 2.97 億元創 3 年新高，季增 30.1%、年增 7.8%，每股純益 2.4 元，則為 12 年新高；累計前 3 季稅後純益 7.05 億元，年增 7.2%，每股純益 5.7 元。信錦第 3 季營收 22.04 億元，季增 3.7%、年減 9%；毛利率 27.32%、季增 2.32 個百分點、年增 3.03 個百分點；營益率 15.28%、季增 1.35 個百分點、年增 0.57 個百分點；稅後純益 2.97 億元，季增 30.1%、年增 7.8%，每股純益 2.4 元。信錦前 3 季營收 63.36 億元，年減 3.8%、毛利率 25.6%，年增 3.59 個百分點、營益率 14.05%，年增 1.59 個百分點，稅後純益 7.05 億元，年增 7.2%，每股純益 5.7 元。信錦表示，第 3 季受惠產品組合轉佳，推升毛利率表現，加上業外惠外幣兌換利益評價，也推升單季獲利衝上 3 年新高。展望第 4 季，信錦透露，美系筆電品牌銷售強勁，台系顯示器客戶訂單的能見度也還不錯，整體營運狀況將優於預期。法人估，信錦單季營收可望持穩 20 億元以上，每股純益上看 2 元，全年每股純益預計 7.5 元起跳。
518,2019/11/07,長華前3季EPS 14.19元 創歷史新高,長華 () 今 (7) 日公布財報，第 3 季稅後純益 3.24 億元，季增 37.87%，年增 24.14%，每股稅後純益 5.08 元，前 3 季稅後純益 9.06 億元，年增 49%，每股稅後純益 14.19 元。長華第 3 季合併營收 41.93 億元，季增 16.21%，年增 2.14%，毛利率 13.84%，季減 0.02 個百分比，年減 2.35 個百分比，營益率 7.55%，季減 0.23 個百分比，年減 3.32 個百分比，稅後純益 3.24 億元，季增 37.87%，年增 24.14%，每股稅後純益 5.08 元。長華前 3 季合併營收 112.67 億元，年減 6%，毛利率 13.78，年減 2.07 個百分比，營益率 7.31%，年減 1.88 個百分比，稅後純益 9.06 億元，年增 49%，每股稅後純益 14.19 元。長華旗下轉投資公司包括長科 ()、易華電 ()、華得、濠瑋等前 3 季挹注投資收益達 5.56 億元，同時，也在今日通過每股配發 4.1 元的現金股息，除息基準日為 12 月 20 日。
519,2019/11/07,◆投信連續3日賣超個股,投信連續 3 日賣超個股1. 投信連續賣超 3 日的股票(3037) 華通、(2383) 健策、(2892) 台達電、(6278) 富邦金、(6213) 遠東新2. 投信連續賣超 2 日的股票(3037) 欣興、(2383) 台光電、(6213) 聯茂、(1102) 亞泥、(6278) 台表科3. 投信當日 (7) 賣超的股票(3037) 欣興、(6213) 聯茂、(2383) 台光電、(2329) 華泰、(6278) 台表科
520,2019/11/07,◆投信連續3日買超個股,投信連續 3 日買超個股1. 投信連續買超 3 日的股票(2891) 中信金、(3034) 聯詠、(2456) 奇力新、(0050) 元大台灣 50、(2884) 玉山金2. 投信連續買超 2 日的股票(2891) 中信金、(2456) 奇力新、(2884) 玉山金、(2882) 國泰金、(3711) 日月光投控3. 投信當日 (7) 買超的股票(2891) 中信金、(3711) 日月光投控、(3034) 聯詠、(2882) 國泰金、(2330) 台積電
521,2019/11/07,◆外資連續5日賣超個股,外資連續 5 日賣超個股1. 外資連續賣超 5 日的股票(00632R) 元大台灣 50 反 1、(2801) 彰銀、(2344) 華邦電、(2610) 華航、(2313) 華通2. 外資連續賣超 4 日的股票(00632R) 元大台灣 50 反 1、(2344) 華邦電、(2610) 華航、(2801) 彰銀、(00673R) 元大 S&P 原油反 13. 外資連續賣超 3 日的股票(00637L) 元大滬深 300 正 2、(2610) 華航、(2344) 華邦電、(2884) 玉山金、(2313) 華通4. 外資連續賣超 2 日的股票(00637L) 元大滬深 300 正 2、(2884) 玉山金、(2313) 華通、(2367) 燿華、(2344) 華邦電5. 外資當日 (7) 賣超的股票(00637L) 元大滬深 300 正 2、(2884) 玉山金、(2353) 宏碁、(2367) 燿華、(2603) 長榮
522,2019/11/07,◆外資連續5日買超個股,外資連續 5 日買超個股1. 外資連續買超 5 日的股票(2317) 鴻海、(3481) 群創、(2888) 新光金、(00637L) 元大滬深 300 正 2、(00672L) 元大 S&P 原油正 22. 外資連續買超 4 日的股票(2317) 鴻海、(00672L) 元大 S&P 原油正 2、(3481) 群創、(2888) 新光金、(2882) 國泰金3. 外資連續買超 3 日的股票(2317) 鴻海、(3481) 群創、(2888) 新光金、(00672L) 元大 S&P 原油正 2、(2409) 友達4. 外資連續買超 2 日的股票(2317) 鴻海、(3481) 群創、(2888) 新光金、(2409) 友達、(2882) 國泰金5. 外資當日 (7) 買超的股票(2317) 鴻海、(2888) 新光金、(2409) 友達、(2887) 台新金、(3481) 群創
523,2019/11/07,〈英特磊法說〉看好5G需求 全年維持營收年增1成目標,英特磊 IET-KY() 今 (7) 日召開法說，董事長暨總經理高永中表示，隨著 5G 帶動磊晶片需求，加上產品組合調整，預期第 4 季營收、獲利都可望優於第 3 季，全年營收可年增 1 成，對於明年展望也審慎樂觀。高永中表示，去年看到大環境變化，投資擴產速度放緩，今年已恢復正常水準，因應未來需求成長，將調整現有生產機台，用大 MBE 機台替換較小機台，並視未來訂單需求進一步決定是否增加第 3 台大型 MBE 。依產品別來看，高永中表示，砷化鎵 (GaAs) 部分以汽車防撞雷達及高頻應用的 pHEMT 晶片仍占營收主力，也已取得大廠新的 RF 高頻 pHEMT 量產訂單，爭取本季開始穩定出貨、貢獻營收，此外，高速 VCSEL 磊晶片量產訂單也穩定出貨，將持續與客戶共同開發其他波長及用途的 VCSEL。磷化銦 (InP) 部分，5G 相關 HBT，PIN 磊晶片定期量產訂單已到位，公司將於新廠擴增生產機台認證，以靈活調度產能，並將與客戶進一步開發磷化銦及相關銻化鎵生物感測雷射晶片，銻化鎵 (GaSb) 部分，預計明年可取得國防量產訂單。英特磊第 3 季產品營收比重，砷化鎵占營收比重 49.3%、磷化銦 36.8%、銻化鎵及其他約占 13.9%。展望明年，高永中表示，預期未來主要成長動能將來自 5G 相關高頻高速及通訊相關晶片，如高速 VCSEL 磊晶片、銻化鎵紅外磊晶片，對明年展望仍審慎樂觀，維持 10-20% 年增幅度。
524,2019/11/07,壽險業增資雙重預警指標明年4月上路 宏泰人壽唯一遭警示,壽險業今 (2019) 年上半年已增資 438 億元，全年增資金額估達 746 億元，為健全保險業財務結構，並強化風險承擔能力，金管會決議對壽險業增資，設立雙重預警指標，將淨值比 3% 與資本適足率 (RBC) 200% 納入強制增資標準，明年 4 月起實施，目前只有宏泰人壽一家公司因為淨值比未達標遭警示。由於壽險業對匯兌與資本市場波動相當敏感，金管會決議，除現行採資本適足率 200% 的門檻外，還增設淨值比也納入增資標準，規定低於 3% 列入「資本不足」或低於 2% 列為「資本顯著不足」二評量標準，但需要連續兩期未達標，才會要求強制增資，以 RBC 或淨值比其中一項較低等級來認定，未達標準就會要求立即改善。同時，配合資本適足率等級畫分標準之修正，增訂每營業年度終了後 3 個月內，及每半營業年度終了後 2 個月內，應向主管機關申報經會計師查核的淨值比。據保險局統計，2018 年底壽險業整體淨值比是 4.46%，今年 3 月即上升到 5.85%，6 月進一步拉高到 6.6%，但 9 月因債券殖利率走高，債券價值下跌，淨值比下降到 6.94%。若從個別公司來看，去年全球股災，包括新光人壽、全球人壽、三商美邦與宏泰人壽淨值比均低於 3%，宏泰人壽甚至低於 2%，但今年市場回穩，據 6 月底各公司公布的財報顯示，目前僅宏泰人壽淨值比低於 3%，無任何公司低於 2%；在 RBC 部分，則是所有壽險公司都在 200% 以上。金管會表示，若宏泰人壽年底淨值比無法拉上 3%，明年 4 月即可能是首家適用新規定被要求強制增資的公司。
525,2019/11/07,儒鴻啟動苗栗廠遷廠計畫 並擬斥7.55億元取得印尼土地,成衣代工大廠儒鴻 () 今 (7) 日公告，將啟動苗栗染整廠遷廠計畫，現有訂單未完成部分將依訂單特性轉往其他工廠生產，預計年底前完成轉移，對產能、財務及業務並無重大影響，此外，儒鴻也同步公告，斥資約 7.55 億元，取得印尼 PT KAWASAN INDUSTRI KENDAL 30 年土地使用權。儒鴻表示，苗栗廠主要是前染業務，但目前負責生產的訂單不多，因此評估產能效率及營運成本後，決定將產能設備轉移至桃園大園廠以及越南廠區，發揮最大效益。儒鴻表示，目標年底前完成產能以及設備轉移，由於營收占比不高，因此對產能、財務及業務並無重大影響，至於苗栗廠房及土地，也不排除處分活化或做其他用途，但一切都要等評估後，再另行規劃。此外，儒鴻在印尼布局也有新進展，公告斥資約 7.55 億元，取得 PT KAWASAN INDUSTRI KENDAL 30 年土地使用權，依照規劃，印尼新廠設計產能成衣 120 條線、布月產能 100 萬公斤，其中前面 2 階段會先將成衣產能開出，布則是最後第 3 階段全數開出，其中第 1 階段的成衣產能，預計 2021 年第 1 季投產。
526,2019/11/07,閎康Q3純益季減30.77% 前3季EPS 2.72元,半導體檢測廠閎康 () 今 (7) 日公布財報，第 3 季稅後純益 0.45 億元，季減 30.77%，年減 7.31%，每股稅後純益 0.72 元，前 3 季稅後純益 1.69 億元，年增 2.67%，每股稅後純益 2.72 元。閎康第 3 季合併營收 6.57 億元，季增 4.62%，年增 20%，毛利率 25.14%，季減 0.02 個百分比，年減 5.18 個百分比，營益率 8.83%，季減 3.41 個百分比，年減 3.81 個百分比，稅後純益 0.45 億元，季減 30.77%，年減 7.31%，每股稅後純益 0.72 元。閎康前 3 季合併營收 18.39 億元，年增 21.95%，毛利率 26.95%，年減 3.13%，營益率 11.92%，年減 1.87 個百分比，稅後純益 1.69 億元，年增 2.67%，每股稅後純益 2.72 元。閎康表示，第 3 季受惠中國 5G 建置需求，帶動營收創下歷史新高，不過毛利率因產品組合影響，較上季微幅下滑。閎康指出，隨著日本子公司正式營運，加上中國 5G 需求續強，第 4 季營運將優於上季，法人看好，閎康第 4 季營收可望再創歷史新高，全年營收年增率上看 2 成，達 25 億元。
527,2019/11/07,船期遞延挹注 儒鴻10月營收登次高 11月營收戰新高,成衣代工大廠儒鴻 () 今 (7) 日公告 10 月營收，雖受船期遞延影響，但單月營收 26.5 億元依舊來到歷史次高，月增 17.5%、年減 2%；累計前 10 月營收 230.24 億元則是同期最佳，年增 1.4%；法人看好，儒鴻 11 月在遞延營收認列下，可望挑戰歷史單月新高，第 4 季、全年也可望同步創高。據了解，儒鴻 10 月因受到船期遞延影響，導致營收較去年同期衰退，不過，遞延的營收將在 11 月認列，法人預估，11 月營收也可望延續 10 月動能，更可望挑戰歷史新高 27 億元，第 4 季、全年營收也將同步登高。展望明年，儒鴻董事長洪鎮海先前就透露，明年營運會比今年好很多，主要是客戶已習慣美中貿易戰，陸續開始補貨、追加訂單，品牌客戶多是正成長。法人則估，儒鴻下半年受惠品牌客戶成長強勁，可望賺進 1 個股本，全年每股純益上看 17 元，續創歷史新高，且由於今年第 1 季基期較低，預估明年第 1 季可望保持年增。
528,2019/11/07,國銀對中小企業放款前9月達成率破9成 今年目標2700億可望達陣,金管會今 (7) 日公布本國銀行對中小企業放款餘額，累計今年前 9 月放款餘額達 2453.88 億元，目標達成率達 90.88%，金管會銀行局副局長莊琇媛表示，今年目標 2700 億元可望達標。據金管會統計，截至今年 9 月底止，本國銀行對中小企業放款餘額達 6 兆 6833 億元，較上月底增加 532.59 億元；今年前 9 月累計放款餘額達 2453.88 億元。若從個別銀行來看，今年 9 月底相較於去年 12 月底，國銀對中小企業放款增加最多的前 5 名，分別是土銀的 546.57 億元、國泰世華銀行的 292.26 億元、永豐銀的 208.33 億元、台企銀的 196.53 億元及合庫銀的 188.7 億元。今年 9 月底中小企業放款餘額占全體企業放款餘額比率為 61.5%，占民營企業放款餘額比率為 64.36%，分別較上月底的比率增加 0.24 個百分點及 0.26 個百分點。今年 9 月底中小企業放款的平均逾期放款比率為 0.39%，較上月底減少 0.01 個百分點。銀行局表示，將持續鼓勵銀行在兼顧風險控管下，對中小企業提供必要的營運資金，以營造有利中小企業融資環境。
529,2019/11/07,矽格Q3純益季增30.47% 前3季EPS 2.14元,封測廠矽格 () 今 (7) 日公布財報，第 3 季稅後純益 3.64 億元，季增 30.47%，年增 7.45%，每股稅後純益 0.92 元，前 3 季稅後純益 8.41 億元，年減 9.11%，每股稅後純益 2.14 元。矽格第 3 季合併營收 25.32 億元，季增 14.36%，年減 0.11%，毛利率 28.99%，季增 2.97 個百分比，年減 0.98 個百分比，營益率 19.88%，季增 3.2 個百分比，年減 0.87 個百分比，稅後純益 3.64 億元，季增 30.47%，年增 7.45%，每股稅後純益 0.92 元。矽格前 3 季合併營收 67.66 億元，年減 7.77%，毛利率 26.12%，年減 3.47 個百分比，營益率 16.56%，年減 3.3 個百分比，稅後純益 8.41 億元，年減 9.11%，每股稅後純益 2.14 元。矽格第 3 季受惠 5G 基地台提前布局，封測需求明顯較上季成長，帶動營收攀今年高峰，且 10 月子公司台星科 () 認列星科金朋補償金，推升營收大幅成長，也助攻全年營收轉正成長。矽格 10 月營收 14.77 億元，月增 81.48%，年增 87.68%，累計前 10 月營收 82.43 億元，年增 1.48%。
530,2019/11/07,美喆前3季獲利成長近9成 EPS 4.65元 擬投資台南設新廠,石塑地板製造廠美喆 () 積極開拓新業務，且客戶加速採購帶動，前 3 季營收與獲利恢復成長，前 9 月稅後純益為 3.07 億元，年增 89.59%，每股純益為 4.65 元，同時，美喆也通過在台南購地設廠的擴廠案。美喆 - KY 今日董事會決議，為因應公司長期營運發展及分散產能計畫，規劃回台加大投資布局，已向經濟部申請購買位於台南市安南區科工段 82 地號之土地，預計取得土地金額約為 4.43 億元，擬於台南科技工業區興建工廠，廠房的規模與設計目前尚在評估規劃中。美喆 - KY 今年第 3 季營收 8.3 億元，毛利率 26.4%，季增 0.3 個百分點，年增 4.06 個百分點，稅後純益為 7535 萬元，季減 41.2%，年增 45.29%，單季每股純益為 1.14 元。美喆 - KY 前 3 季財報營收 26.14 億元，毛利率為 26.34%，年增 5.46 個百分點，稅後純益為 3.07 億元，年增 89.59%，每股純益為 4.65 元。美喆 - KY 主管指出，第 3 季獲利較去年同期回升，受惠集團旗下外銷 ODM 業務與自有品牌業務仍保持良好銷售動能，帶動整體產能稼動率較去年同期升溫，加上美喆 - KY 持續拓展 LVT 石塑地磚產品於牆面空間滲透率，及 SPC 產品保持良好銷售，帶動第 3 季營運成長。美喆集團持續強化外銷 ODM 業務轉型及全球接單布局，包括第 3 季美國地區營收比重仍持穩達 14.24% 水準，其次，歐洲地區客戶於今年展現良好銷售力道，帶動第 3 季歐洲區營收比重，較去年同期的 44.49% 成長至 56.01%。另一方面，美喆積極擴大旗下美喆、普隆兩大自有品牌業務規模放大，整體效益逐步隨著中國地區銷售，保持高雙位數成長，帶動第 3 季中國地區營收比重攀升至 15.28%。美喆 10 月營收 2.6 億元，月減 8.02%，年增 2.06%，前 10 月營收達 28.75 億元，較去年同期成長 19.35%。
531,2019/11/07,金融建言白皮書提五大主軸 金管會訂四大項目先行,"金管會主委顧立雄今 (7) 日領軍與金融總會就今 (2019) 年的「金融建言白皮書」進行研商會議，經金管會逐項評估建言的可行性，優先可執行的包括「分階段推動 Open Banking、Open API」等 4 大項目。金融總會每年都會整合各金融業公會與周邊單位的興革建議，提出金融建言白皮書，今年度的金融建言白皮書包含五大金融建言主軸，分別為：「拓展金融業務及綠色金融」、「強化金融科技創新」、「支援高齡金融發展」、「推動資本市場發展」及「調適金融監理制度及相關規範」等。五大主軸中共提出 25 項建言議題、35 則具體建議作法，期望達到金融市場發展、金融創新開放、法規限制調整、稅制問題改善等目標。經金管會逐項評估建言的可行性，並與金融業者代表就建言參採情形交換意見，優先總結出可以執行的 4 大部分如下：一、 在強化金融科技創新方面，有關鼓勵銀行採用開放應用程式 (API) 與外部機構合作開發金融服務，並分階段推動 Open Banking、Open API 的建言，銀行公會及財金公司已分別訂定「會員銀行與 TSP 業者合作之自律規範」及開放 API 的技術與資安標準供業者遵循，且開放銀行第一階段已於今年 9 月底上線。二、 在支援高齡金融發展方面，有關建議提供壽險業資金投入長照相關機構的誘因部分，金管會已於今年 8 月 23 日修正「保險業辦理不動產投資有關即時利用並有收益之認定標準及處理原則」，放寬保險業投資長期照護產業所需的不動產、投資出租予 65 歲以上高齡者的面積達持有面積 50% 之住宅，其年化收益率得以不低於基準利率為準。三、 在推動資本市場發展方面，有關建議商業銀行及保險業得投資指數投資證券 (ETN) 的建言，金管會已分別於今年 6 月 4 日及 6 月 21 日令釋開放。另外，就槓桿交易商對屬自然人的一般客戶可以提供除外幣保證金外的差價合約 (Contract For Difference, CFD) 商品交易服務之建言部分，原則同意開放以原油及為連結標的之 CFD。四、 在調適金融監理制度及相關規範方面，有關消費者網路投保並透過全國繳費網扣款，其當日交易限額可提高至新臺幣 100 萬元的建言，基於身分認證的安全強度考量，金管會已建議採晶片金融卡進行認證，其繳費額度即可大幅提高；或請壽險業保費帳單導入 QR Code 共通支付標準的規格，消費者以行動金融卡或於行動銀行繳費時，只要掃描該帳單 QR Code，即可完成繳費。"
532,2019/11/07,〈環球晶法說〉客戶新長約簽訂態度轉趨保守 預期將有三大改變,矽晶圓大廠環球晶 () 今 (7) 日召開法說會，針對新長約的簽訂，董事長徐秀蘭表示，得待明年市場復甦情況才會明朗，但新長約將有三大改變，包括著重利基型產品推升價格較高，年數縮減至 2-3 年，以及客戶預付款支付將較為保守。目前環球晶長約覆蓋率約 75%，部分長約明年將到期，加上近幾季未簽訂太多新長約，將使明年長約覆蓋率稍低於今年。徐秀蘭表示，已與許多客戶洽談長約中，大部分需求均落在 12 吋，或新材料碳化矽 (SiC) 等利基型產品，但由於市場仍在回溫初期，還未有客戶簽新長約，得待明年市場復甦情況較明確後，新長約的簽訂才會較明朗。徐秀蘭也說，新簽訂的長約與舊長約有三大不同，第一，過去長約覆蓋許多類型矽晶圓產品，但新長約將著眼利基型或特殊應用產品，價格可望較高；第二，客戶對長約的年數趨向保守，新長約年數可能由過去的 5 年，減少至 2-3 年；第三，新長約客戶對預付款支付上較為保守。至於韓國 12 吋新廠，徐秀蘭表示，明年第 1 季設備會進場完成，但由於送樣認證因素，量產時程將推遲 1 季至 4 個月，最快第 2 季起，從月產能 5 萬片逐步拉升，目標年底前達到月產能 15 萬片，也因新廠加入量產，明年折舊費用將較過去一年 50 億元，增加約 15%，約達 57.5 億元。
533,2019/11/07,散熱廠10月營收再報喜 泰碩、健策創新猷 雙鴻創同期新高,散熱廠今 (7) 日公布 10 月營收，其中泰碩 ()4.61 億元，年增 59.5%，健策 ()5.18 億元，年增 38.63%，2 家業者均創新高；雙鴻 ()9.26 億元，創歷史同期新高，年增 22.5%，業強營收 2.29 億元，創近 2 年單月新高。雙鴻 10 月營收 9.26 億元，月減 6%、年增 22.5%；累計前 10 月營收 83.92 億元，年增 33.79%。法人預期，雙鴻第 4 季營收可維持高檔，未來 3 年營收可望逐年成長，今年每股純益上看 11 元。泰碩 10 月營收 4.61 億元，再創新高，月增 1.34%、年增 59.5%；累計前 10 月營收 37.33 億元，年增 35.03%。法人表示，隨著高階機種對於熱板需求暢旺，產線持續擴增，預期手機散熱模組，出貨將逐步走高，另泰碩打入中國 5G 基地台主要供應供應鏈，明年營運看俏。健策 10 月營收突破 5 億元大關，創新高，單月營收 5.18 億元，月增 5.68%、年增 38.63%；累計前 3 月營收 44.79 億元，年增 16.84%。健策受惠伺服器扣件、均熱片等接單暢旺，營收創新高，展望後市，法人表示，健策旗下無錫廠及大園廠，為提升接單量積極擴產，更將領域擴大至電動車等，預期未來 2 年營運仍將持續成長。業強 10 月營收 2.29 億元，創近 2 年單月新高，月增 10.96%、年增 57.46%；累計前 10 月營收 17.85%，年增 13.96%。據悉，業強為主要供應熱管業者，今年熱管出貨量可望突破 8800 萬支，且訂單能見度已看至明年上半年，營運可期。元山 ()10 月營收 2.71 億元，月增 20.8%、年增 21.38%；累計前 10 月營收 25.05 億元，年增 14.8%。元山表示，去年底官田廠啟用後，接單狀況良好，且家電與熱傳兩大事業均有明顯成長，未來將依接單狀況持續提升產能，預期今年全年營收可望年增兩位數。
534,2019/11/07,〈環球晶法說〉客戶庫存最快Q4去化完成 明年展望樂觀,矽晶圓大廠環球晶 () 今 (7) 日召開法說會，董事長徐秀蘭表示，多數客戶庫存已從第 3 季開始下降，估庫存去化情況將持續至第 4 季、甚至明年，明年展望樂觀，估下半年營運將優於上半年，且產品單價 (ASP) 將稍高於今年；至於 12 吋需求已回溫，看好 8 吋需求落底，但回升速度緩慢。展望後市，徐秀蘭表示，第 3 季市場需求持續改善，半導體產業受大環境不確定因素影響，能見度仍不高，不過，從客戶端釋出的訊息來看，對明年展望樂觀，但因客戶持續去化庫存，估明年下半年營運可望優於上半年，整體 12 吋、8 吋需求將優於 6 吋，也因產品組合改變，整體 ASP 將稍高於今年。從各尺寸需求來看，徐秀蘭指出，12 吋需求領先回溫，8 吋仍持續低迷，並有短單浮現，看好 8 吋需求已落底、不會再更差，但回升速度緩慢；6 吋雖然市場庫存水位為各尺寸中最低者，但因需求仍疲弱，產能利用率也低於 8 吋，目前環球晶 6 吋占比不到 2 成，為各尺寸中最低。客戶庫存水位部分，徐秀蘭認為，第 2 季為客戶庫存高峰，大部分客戶庫存從第 3 季開始下降，存貨金額大幅改善，包括台灣、美國與歐洲客戶均持續去化庫存，估客戶將努力在年底前去化至健康水位。徐秀蘭也不諱言，在客戶年底前持續去化庫存下，第 4 季很有可能會受到更多長約客戶，盼能延遲出貨至明年第 1 季的壓力。不過，她也說，也因矽晶圓處半導體業最上游，矽晶圓需求復甦的跡象，會較下游製造商晚 1 至 2 季反應。除客戶端外，環球晶第 3 季也降低產能利用率，持續去化庫存，使存貨金額由第 2 季的 79 億元，下降至第 3 季的 73 億元，趨於健康，徐秀蘭指出，過去 2 至 3 年，庫存金額普遍維持在 70-73 億元左右，未來幾季也將維持約 73 億元存貨金額。
535,2019/11/07,大中Q3純益、EPS創近8季低 前3季EPS 5.16元,MOSFET 廠大中 () 今 (7) 日公布財報，第 3 季稅後純益 0.38 億元，季減 24%，年減 67.73%，創近 8 季低，每股稅後純益 1.16 元，同創近 8 季新低，前 3 季稅後純益 1.69 億元，年減 30.86%，每股稅後純益 5.16 元。大中第 3 季合併營收 5.02 億元，季增 3.72%，年減 28.67%，毛利率 16.43%，季減 3.02 個百分比，年減 9.92 個百分比，營益率 6.77%，季減 3.39 個百分比，年減 11.17 個百分比，稅後純益 0.38 億元，季減 24%，年減 67.73%，每股稅後純益 1.16 元。大中前 3 季合併營收 15.94 億元，年減 15.08%，毛利率 19.53%，年減 2.72 個百分比，營益率 10.54%，年減 3.37 個百分比，稅後純益 1.69 億元，年減 30.86%，每股稅後純益 5.16 元。大中第 3 季受惠 NB、PC 需求增加，帶動營收微幅成長，不過獲利表現低迷，稅後純益與每股稅後純益皆創下近 8 季來低點。
536,2019/11/07,〈和碩法說〉Q4通訊與消費性產品出貨旺 營收估優於Q3 明年5G將成動能,和碩 () 今 (7) 日舉辦線上法說會，展望未來，總經理暨執行長廖賜政表示，預期第 4 季資訊產品包含筆電、桌機等將季減雙位數，但手機、平板等非資訊產品動能仍強，估將季增 2 位數，整體營運將可優於第 3 季，明年也樂觀看待 5G 需求，將成為各產品線動能。依產品線來看，廖賜政表示，資訊產品方面，第 4 季筆電出貨估將季減 10-15%，不過全年仍有 10-15% 的成長，桌機及主機板將季減 15-20%，全年則持平或小幅成長，通訊與消費性產品合計將持平第 3 季或小幅成長，但由於去年第 4 季基期較高，因此估不如去年同期。法人指出，在蘋果新機帶動下，通訊與消費性產品可望季增 2 位數，整體而言，第 4 季表現將優於第 3 季，但因去年基期較高，年對年則將衰退。展望明年，廖賜政表示，預期消費性產品動能最強，主因是產品應用、裝置更多元，加上明年新機種亮相，預期將持續帶動營收成長，資訊產品方面，市場相對成熟，預期將持平今年或小幅下滑。廖賜政強調，未來通訊產品同樣步入成熟期，和碩將持續提升產品品質跟產能利用率，強化集團上下游垂直整合，以符合產業布局。廖賜政認為，明年市場變數多，還在評估資本支出，但預期包含 5G、IoT、遊戲機帶動下，將成明年營收成長主力，看好 5G 產品可見度將比今年好，和碩也開始投入智慧家庭領域，對子公司 IC 載板廠景碩 ()、金屬機殼廠鎧勝 - KY() 明年看法也樂觀，認為已觸底向上。
537,2019/11/07,外資可拿外國證券借款再投資台股 金管會考慮放行,金管會主委顧立雄今 (7) 日領軍與金融總會就今 (2019) 年的「金融建言白皮書」進行研商會議，對於開放具一定資格的外資可以用其持有的外國有價證券或外幣為擔保品，向證券商辦理資金融通再投資台股一案，顧立雄表示，目前確實在考量，但能不能借則要與央行商量，盼儘量不涉及外匯。金融總會每年都會整合各金融業公會與周邊單位的興革建議，提出金融建言白皮書，今年度的金融建言白皮書包含 5 大主軸、25 項議題及 35 項具體作法。金管會經整理認為可行的建言有 6 項，但是不是涉跨部會權責需要再協調溝通，不然就是需請提案單位再行提供具體內容，進一步研議後再適時推動，而可望執行的 6 大項目分別為：一、 開放專業投資人投資未參與信用評等的外國債券。二、 國際證券業務分公司 (OSU) 辦理不限用途款項借貸業務。三、 證券商受託管理私募股權基金及引介投資機構參與投資。四、 票券金融公司納入國際金融業務條例所稱的其他金融機構範圍內。五、 具一定資格的外資可以其持有的外國有價證券或外幣為擔保品向證券商辦理資金融通。六、 證券商交割專戶的客戶分戶帳，其資金可運用於流動性高、價值穩定的金融商品，並開放具公信力的第三方建置後台系統管理分戶帳。其中，有關開放開放外資可拿海外有價證券、外幣直接向券商擔保借，再投資台股，可免結匯、降低投資成本，顧立雄對此表示，目前確實有在考量，但能不能借則要與央行再商量，儘量不要涉及外匯。金管會官員說明，這涉及信用風險集中度管理、海外標的保管跟撥轉，以及融資保證金追繳、違約處理機制、如何處分擔保品等問題，都必須請券商公會再研議更細緻的配套與風控方案，才可能進一步考慮開放。
538,2019/11/07,美食-KY Q3獲利年減逾3成 EPS 1.32元創5年同期低點,連鎖餐飲集團美食 - KY() 今 (7) 日公布第三季財報，稅後純益 2.38 億元，年減 33.33%，每股純益 1.32 元，創 5 年來同期新低，不過，獲利較上月回穩，季增 10%，美食認為，短期營收動能因外部環境影響而稍遇逆風，但品牌和通路價值，仍將是營運穩健回升的關鍵。美食第三季合併營收 58.86 億元，年減 1.48%，營業毛利 34.81 億元，年增 0.08%，毛利率較去年同期略增 0.92 個百分點至 59.14%，營業利益 4.26 億元，年增 0.96%，營業利益率 7.24%，年增 0.17 個百分點。美食指出，儘管第三季獲利尚未回到去年同期水準，但持續進行門店與廚房的更新，關閉表現落後的門市，投入研發及行銷資源，使今年以來的各項費用較去年增加，但也帶來客流穩定回溫。美食也同時公告 10 月合併營收達 19.2 億元，月減 2.24%，年減 2.16%，美食說明，在中國市場，除同店銷售維持正成長，隨著當季新品帶動，門市客流也較 9 月增加，同時也持續將線上商機導引到線下門市，而在美國，85 度 C 則在北加州聖利安卓市與史塔克頓市各開出一間新門市，總店數來到 63 間。
539,2019/11/07,宏捷科Q3純益季增近1倍 EPS 0.91元 創近5季新高,砷化鎵廠宏捷科 () 今 (7) 日應主管機關要求，公布 9 月自結，稅後純益 4400 萬元，年增 267%，每股純益 0.31 元，第 3 季稅後純益 1.29 億元，季增 98%，年增 187%，每股純益 0.91 元，創下近 5 季新高。 宏捷科 9 月合併營收 2.37 億元，月增 2.2%、年增 94%，創 40 個月新高，今年第 3 季稅後純益 1.29 億元，季增 98%、年增 187%，每股純益 0.91 元，累計前 3 季稅後純益 2.14 億元，年減 18%，每股純益 1.51 元。宏捷科近年積極開發自有射頻元件、VSCEL 技術，法人表示，中國去美化效應持續發酵，宏捷科積極進行產線去瓶頸，預期第 4 季在亞洲客戶需求帶動下，手機功率放大器 PA、VCSEL 動能持續，加上明年新廠即將完工，有助訂單、產能利用率持續提升，推升營運表現。宏捷科日前也公布 10 月營收達 2.53 億元，月增 6.61%、年增 127.66%，創下 41 個月以來新高，累計今年前 10 月合併營收 16.79 億元，年增 4.69%。
540,2019/11/07,〈TPK法說〉奈米銀超大尺寸進入量產 小尺寸應用估2021年發酵,觸控模組廠 TPK-KY() 今 (7) 日召開線上法說，外界關注奈米銀 (SNW) 應用發展狀況，總經理暨營運長謝立群透露，目前以超大尺寸進度最快，已經開始量產，小尺寸的奈米銀也已應用在市面上一款折疊手機，但對營運要有明顯貢獻，預估要到 2021 年。謝立群透露，目前以超大尺寸進度最快，已經開始量產，朝品牌、面板、代工以及系統集成商 (SI) 等 4 面向發展，而在中小尺寸方面，小尺寸進度比中尺寸快，目前已經打入一款折疊手機。不過，謝立群直言，明年隨然是折疊手機發展的元年，但預計明年還是準備期，且市場也在評估金屬網格 (Metal mesh)、內嵌式的 On cell 技術信賴度，因此奈米銀實際對營運的貢獻則要到 2021 年會比較明顯。若以宸鴻目前奈米銀的產能來看，謝立群指出，目前超大尺寸月產 1 萬片、年底將達 2 萬片，明年上半年可達 4 萬片，中小尺寸的部分，現有產能可以轉到奈米銀的製作，因此產能可以說是無限。宸鴻策略長劉詩亮預估今年約落在 35-40 億元左右，會比較靠近 35 億元，明年預估差不多，主要將投資奈米銀的產能規劃。
541,2019/11/07,盟立前3季純益年減14% EPS 3.11元,自動化設備廠盟立 () 今 (7) 日公布財報，第 3 季稅後純益 1.46 億元，季減 41.6%，年減 36.95%，每股稅後純益 0.75 元，前 3 季稅後純益 6.09 億元，年減 14.11%，每股稅後純益 3.11 元。盟立第 3 季合併營收 29.28 億元，季減 13.79%，年減 18.99%，毛利率 18.64%，季減 0.22 個百分比，年增 0.38 個百分比，營益率 5.37%，季減 3.63 個百分比，年減 1.75 個百分比，稅後純益 1.46 億元，季減 41.6%，年減 36.95%，每股稅後純益 0.75 元。盟立前 3 季合併營收 97.17 億元，年減 8.12%，毛利率 18.51%，年增 0.78 個百分比，營益率 7.24%，年減 0.57%，稅後純益 6.09 億元，年減 14.11%，每股稅後純益 3.11 元。盟立第 3 季受美中貿易戰影響，客戶訂單延遲交貨，預計第 4 季可望是營運谷底，明年首季將隨著客戶陸續建廠，帶動營運回升。
542,2019/11/07,〈雙11要來了〉全國電線上購物正式啟用 業績拚去年同檔期成長1成,全國電 () 今 (7) 日宣布，線上購物網站正式啟用，搶攻雙 11 檔期，總經理林政勳表示，線上、線下同步展開為期 5 天「破盤 11.11」活動，法人預期，業績可望較去年同期成長 10%。林政勳表示，全國電攜手 3C 通路的良興電子一同進攻電商，由良興負責系統開發、物流與金流建置，及小家電產品出貨，大型家電則由全國電實體門市銷售，雙方透過優勢商品互補，樂觀看待營運表現。林政勳表示，全國電子線上購物網站試營運首月，業績破千萬元，隨著季節轉換，每個月熱賣品也不同。林政勳指出，全國電發展電商，將大型家電視為優勢，目前電商擁有逾千位 3C 達人，當消費者在線上購買家電後，門市人員會連繫購買人，確認商品尺寸等項目，並由實體團隊完成安裝服務。至於全國電打造全新通路品牌「Digital City」，林政勳表示，目前全台共有 11 家門市，預計年底前會在桃園、台南開設新門市，目標明年上看 20 家門市。全國電 10 月營收 12.1 億元，月減 12.05%、年增 15.96%；累計前 10 月營收 150.51 億元，年增 6.28%。
543,2019/11/07,外資連19日買超台股 買超金額衝上1600億元 今再買超鴻海居冠,台股大盤今 (7)) 日收黑，終場下跌 46.51 點或 0.4%，不過外資連續第 19 個交易日在台股買超，19 天來買超金額逾 1600 億元，也持續買超鴻海，今日再大買鴻海 () 43149 張，也是連 19 天買超。今日集中市場自營商賣超 8.31 億元，投信賣超 9143 萬元，外資及陸資買超 50.02 億元，期貨市場外資多單口數減少 2476 口，未平倉合約口數降為 53227 口。今天外資集中市場買超較多個股為，鴻海、新光金、友達、台新金、群創、聯電、南茂、中壽、富邦金、光寶科、欣興；賣超個股則為玉山金、宏碁、燿華、長榮、彩晶、華航、旺宏、華通、智邦、國產、華新。今天投信在集中市場買超較多的個股為，中信金、日月光投控、聯詠、國泰金、台積電、富邦金、鴻海、玉山金、廣達、開發金、泰鼎 - KY。今天投信在集中市場賣超較多的個股為欣興、聯茂、台光電、華泰、台表科、矽創、世芯 - KY、旺宏、卜蜂、京元電。今天自營商在集中市場買超較多的個股為，冠德、南茂、台泥、泰鼎 - K、華通、鴻海、燿華、緯創、英業達、隆達。今天自營商在集中市場賣超較多的個股為，群創、新光金、國泰金、金像電、宏碁、TPK-KY、致伸、聯電、友達、晶電。國泰證期顧問處協理簡伯儀說，台股雖然今天收跌，不過仍然維持在 5 日線之上，多頭格並未遭到破壞；證券分析師黃漢成說，今天大盤的量價關係不差，可視為行進間換手，預估明天台股將繼續震盪走高。
544,2019/11/07,產品需求強 群光前3季EPS 6.65元 創新猷,群光 () 今 (7) 日公布第 3 季財報與 10 月營收，第 3 季稅後純益 16.55 億元，季增 28.6%、年增 26.4%，每股純益 2.4 元，創新猷；累計前 3 季每股純益 6.65 元，同樣創新高，展望後市，法人預期，在 AIoT 相關產品需求強勁下，今年全年營收可望突破 900 億元，年增 3%。群光第 3 季營收 261.84 億元，創歷史新高，季增 16.1%、年增 4.8%；毛利率 19.13%，季增 2.2 個百分點、年增 3.45 個百分點；營利率 9.6% 為 12 年單季新高，季增 2.08 個百分點、年增 2.7 個百分點；稅後純益 16.55 億元，季增 28.6%、年增 26.4%，每股純益 2.4 元，創新高。群光累計前 3 季營收 679.14 億元，年增 6.43%；毛利率 17.26%，年增 3.3 個百分點；營利率 6.8%，年增 2.09 個百分點；稅後純益 45.87 億元，年增 69.7%，每股純益 6.65 元，同樣創新高。群光 10 月營收 92.8 億元，為連續 3 個月創新高，月增 1.6%、年增 12.6%；累計今年 1-10 月自結合併營收為 771.94 億元，年增 7.1%，創同期歷史新高。展望後市，群光表示，已完成全球運營布建計畫，生產基地包括中國與東南亞，可望持續穩健經營，此外，智慧家庭、智慧建築、雲端智能等 AIOT 相關產品市場需求強勁，法人估，全年營收可望突破 900 億元大關，年增 3%。
545,2019/11/07,國巨Q3純益季增4成 前3季EPS 14.26元 庫存水位估續降,被動元件大廠國巨 () 今 (7) 日公告第 3 季財報，受惠進入傳統旺季，加上 MLCC 價格緩跌，稅後純益 20.44 億元，季增 44.4%、年減 85.9%，每股純益 4.81 元；前 3 季稅後純益 60.51 億元，年減 79.6%，每股純益 14.26 元，國巨透露，目前公司內部的成品庫存水位已經回到正常水準，加上受到中國缺工影響，預計庫存將進一步下降。國巨第 3 季營收 103.17 億元，季增 7.7%、年減 66.4%；毛利率 31%、季減 1.6 個百分點、年減 38.3 個百分點；營益率 16.2%，季減 1.3 個百分點；稅後純益 20.44 億元，季增 44.4%、年減 85.9%，每股純益 4.81 元。國巨前 3 季營收 312.91 億元，年減 48.7%、毛利率 36.5%，年減 27.9 個百分點、營益率 20.3%，年減 32.8 個百分點、稅後純益 60.51 億元，年減 79.6%，每股純益 14.26 元。國巨表示，第 3 季受惠大中華區及亞太其他地區的需求回升，加上 MLCC 價格跌幅收斂、稼動率回升等因素，推升營運表現。 展望第 4 季，國巨表示，目前公司內部以及下游客戶的庫存都已經回到正常水準，終端需求加溫使得拉貨動能逐步提升，不過，中國廠區面臨缺工問題而無法在短期內大幅拉升稼動率，預估公司成品庫存水位將會持續下降。據了解，國巨目前稼動率約 4-5 成，訂單約 6-8 周，不過，12 月進入歐美假期，加上年底盤點庫存影響，法人估，國巨第 4 季營收還是季減，惟衰退幅度估將較過往收斂。國巨今日也公告，新設營運長一職，由前佳世達財務長王淡如出任，據悉，王淡如在進入佳世達前，也曾在國巨任職，主要負責歐洲市場業務。
546,2019/11/07,金管會同意台肥借2成房貸給韓國瑜？顧立雄反駁,立委日前爆料國民黨總統參選人韓國瑜要求台肥借款 2 成房貸，被指濫用特權，台肥趕緊澄清「是向金管會請示後」才提供借款，強調這不是個案是通案；對此，金管會主委顧立雄今 (7) 日反駁表示，無法接受台肥的說法，借錢給別人是任何人都可以做的，沒有要經過金管會允許這件事情，但台肥是否有符合《公司法》第 15 條規定，要由公司說明。韓國瑜近期陷入 7200 萬豪宅風波，更被爆出用特權向台肥施壓借款，引起各界高度關注。不過，台肥稍早澄清，過去民眾購屋房貸可貸到 7 成，但隨著豪宅貸款法令上路，只能取得 5 成貸款，導致許多買家無法負擔，因此要求台肥借款。台肥為此尋求律師幫助並「請示金管會」，才對有需要的住戶提供借款，台肥還強調「不只韓國瑜、當時所有購買的住戶若有需要，台肥都會提供借款，這不是個案而是通案。」由於台肥的澄清提及金管會，顧立雄表示，借錢給人家不是特許事業，是任何人都可以做的，沒有要經過金管會允許這件事情，「台肥這是魚目混珠的講法，我不能接受，你借錢給人家需要我同意嗎？」顧立雄進一步指出，但台肥要注意《公司法》第 15 條，就是公司的資金原則上不可貸給任何人，但有兩個例外，一個是公司行號之間有業務往來，第二是短期融資必要，才能借款，但不可超過公司淨值 40%。顧立雄強調，而台肥與韓國瑜這筆借貸，是否有構成業務注來、短期融資必要，是否有符合《公司法》第 15 條規定，就要由台肥來說明了，但他聽說這筆貸款是分期 20 年，若是這樣就不是短期融資。
547,2019/11/07,六角Q3獲利大躍進年增150% 前3季EPS 7.72元創同期新高,連鎖餐飲集團六角 () 今 (7) 日公布第三季財報，單季稅後純益 1.27 億元，年增幅高達 150.31%，每股純益 3.18 元，創單季新高紀錄，累計前三季稅後純益 3 億元，年增 170%，每股純益衝上 7.72 元，也改寫同期新高。六角說明，今年旗下主力手搖飲品牌「Chatime 日出茶太」展店年成長超過 30%，帶動營運持續衝高，其中，在擁有 500 家據點以上的東南亞國家，更搭上外送平台商機，推升同店銷售成長。展望第四季，雖然進入淡季，六角表示旗下茶飲品牌展店動能依舊持續，預計全球展店有機會淨增加近百家，且淡季展店效益將於明年第一季開始發酵。「Chatime 日出茶太」在全球不同國家已取得領先品牌地位，印尼目前已達 300 家，預計往後每年以 100 家加速開出；菲律賓年底有望展店至 140 家、每年以 40-50 家開出；而澳洲茶太也達 140 家，以每年淨增 50 家速度成長；至於北美市場中的加拿大，預計明年達百店里程碑。展望未來，六角強調，在前三年已備妥未來三年迎接 2000 店發展的後勤支援，樂觀看未來獲利成長將大幅超越營收成長幅度。另外，六角公布 10 月合併營收 4.1 億元，月減 6.29%，年增 23.4%，累計前 10 月合併營收 41.02 億元，年增 29.98%，均創同期新高。
548,2019/11/07,永豐銀聚焦三議題挺光電 明年進軍兩大類型光電設置,政府積極推動太陽光電明 (2020) 年達 6.5 GW 目標，永豐金 () 旗下永豐銀行今 (7) 日召開研討會，聚焦「再生能源憑證」等 3 大議題，力挺光電業者永續經營。針對推動光電容量設置，永豐銀行表示，明年將進軍產業園區推屋頂型光電、及農漁畜電共生的地面型案場。根據統計，至今年 8 月底，全台太陽光電新增裝置容量 950 MW(百萬瓦)，占再生能源裝置容量增長貢獻率達 98.6%，顯示太陽光電成為台灣綠能發展中不可或缺的一環。永豐銀行自 2016 年起，迄今合作的太陽能電廠達 3000 座，較原訂目標倍增。永豐銀行法人金融處處長林宏洋表示，至今年 8 月，與永豐合作的太陽光電廠總裝置容量逾 850 MW（百萬瓦）、已約當 1 座核能電廠機組，設備融資餘額較去年底成長約 42%、光電裝置容量則成長 38.2%。林宏洋表示，政府規劃搭配產業園區、農畜漁電共生等方針，擬促使明年全台新建置太陽光電容量較今年成長 50%，可望為建置太陽光電再添動能。為了持續力挺光電業者永續經營，永豐銀今日起與太陽光電系統商業同業公會於全台共同舉辦 3 場「太陽光電未來展望」研討會，邀請主管機關及合計約 200 家太陽光電業者出席，共同探討綠能產業發展趨勢。永豐銀行表示，藉由綠色金融協助政府落實能源政策，本次研討會將聚焦「再生能源憑證」、「綠色金融」、「發電設備保險」共 3 大議題，剖析未來能源產業發展、提供全方位金融解決方案。永豐銀行指出，明年政府以「中央與地方政府共同推動」、「產業園區」、「畜、農、漁電共生」3 大主軸，推動光電設置容量達標；永豐銀行將配合政策，包括進軍產業園區推屋頂型光電及農漁畜電共生的地面型案場，並持續與各地方政府合作提供資金融通，打造產業生態圈。其中有關進軍地面型案場，永豐銀行解釋，主要是近年電廠建置朝向大規模的地面型或水面型電廠，需要投入大量資金，永豐銀行累積過往承作眾多電廠的經驗，陸續開始籌組大型電廠聯貸案，例如，主辦寶島陽光 20 億元聯貸案、華立集團旗下國軒科技等子公司 40 億元聯貸案等，並持續將市場資金導入發展大規模地面型電廠及其他綠色產業。
549,2019/11/07,〈鈺緯法說〉獲兩大國際客戶訂單+新品放量 明年營收估年增1成,醫療顯示器廠鈺緯 () 今 (7) 日召開法說會，展望未來，發言人張重德今 (7) 日表示，受美中貿易戰影響，客戶拉貨動能趨緩，估第 4 季營收持平第 3 季，不過明年因接獲韓國、荷蘭 2 大廠訂單，加上今年開發 4-5 個醫療周邊新產品，均將於明年開始放量，法人估，明年全年營收可望年增 1 成。鈺緯 2 年前投資教育事業導致營運虧損，2017 年處分該事業，重新回歸本業，聚焦高階醫療用顯示器、色彩應用顯示器等產品，營運出現轉機，前 3 季產品營收比重來看，診斷用產品占 51%、手術用產品占 20%、工業用產品占 23%。張重德表示，由於年初景氣較好，上半年客戶拉貨動能強勁，但下半年遇上貿易戰、國際景氣放緩下，拉貨動能趨緩，法人表示，第 4 季營收力拚持平第 3 季，但年增仍可望有雙位數成長。明年新客戶方面，專案副理方彥凱表示，韓國大廠的銷售區域涵蓋全球，包括中南美洲、歐洲等，訂單多屬於醫療顯示器，目前已小量鋪貨，預計明年放量；荷蘭客戶則是出貨診斷產品，明年會分 2 次出貨，分別為 2500 台及 2000 台，估 2 年後才會放量。鈺緯累計前 3 季營收 5.57 億元，年增 9.61%；毛利率 31.48%，年減 0.46 個百分點；營利率 9%，年增 0.7 個百分點；稅後純益 5772 萬元，年增 20.41%；每股純益 0.8 元，已超越去年全年總合。
550,2019/11/07,尖點Q3毛利率衝15季新高 前3季EPS 1.11元,PCB 鑽針及代鑽孔服務廠尖點科技 () 受惠第 3 季 PCB 需求旺季，加上組線調整，今 (7) 日公布最新財報顯示，毛利率達 32.73%，創 15 季以來新高，單季稅後純益 6997 萬元，季增 23.38%，累計前 9 月稅後純益 1.57 億元，年減 14.7%，每股純益 1.11 元。尖點第 3 季毛利率 32.73%，季增 6.38 個百分點，年增 4.21 個百分點，總經理王嘉鴻指出，毛利率走揚，是因對不具經濟規模的機械鑽孔代鑽廠，進行生產規模調整並縮減，此調整下，使機械代鑽孔與雷射代鑽的比重出現消長，在代鑽孔營收中，雷射鑽孔比重由不到 1 成，站到 1 成以上。對於現有 PCB 鑽針生產，王嘉鴻指出，尖點目前沒有擴廠規劃，將透過去瓶頸及精實生產，增加產出量，同時，因應 5G 基地台設置所需的高頻、高速板生產需求，開發相對應的鑽針搶市。尖點今年第 3 季營收 7.78 億元，較去年同期減少近 1 成，王嘉鴻指出，由於今年公司執行聚焦收斂策略，調整長期營運表現不彰的子公司規模，使近幾個月營收呈現年減，不過轉投資子公司虧損收斂，反應在第 3 季財報就是毛利率提升。尖點今年第 3 季毛利率為 32.7%，為 2016 年以來首度回到 30% 以上的水準，也創 15 季以來新高。尖點第 3 季鑽針營收佔比為 58%，產能利用率維持旺季水準，大約在 95% 左右水準；鑽孔服務營收比重為 37%，整體稼動約在 73%；而刀具事業營收佔比則約為 5%。尖點同步公告 10 月合併營收為 2.57 億元，較上月減少 1.25%，較去年同期減少 9.46%，累計前 10 個月合併營收則達 24.58 億元，較去年同期減少 9.41%。至於第 4 季營運，尖點認為， PCB 產業需求已逐漸進入淡季，目前公司看到的是正常的需求，估第 4 季鑽針產能利用率維持在 9 成左右水準，鑽孔稼動約在 7 成左右，刀具則約 4-5 成。
551,2019/11/07,漢來美食Q3獲利年增逾3成 前三季已賺逾半個股本,連鎖餐飲集團漢來美食 () 今 (7) 日公布第三季財報，單季稅後純益 5704 萬元，年增 32.98%，每股純益 1.55 元，創同期新高，累計前三季稅後純益 2.14 億元，年增 21.53%，每股純益達 6.37 元，已賺逾半個股本。漢來美食第三季合併營收 9.38 億元，年增 9.25%，營業毛利 3.98 億元，年增 8.46%，毛利率維持在 42% 的水準，營業利益 7188 萬元，營業利益率 7.66%，年增 0.85 個百分點。漢來美食進一步說明，若排除今年結束西安據點所認列停業損失每股 0.62 元影響數，前三季來自繼續營業據點的每股盈餘達 6.4 元，隨著既有據點穩健成長以及新展店陸續開出，樂觀看明年獲利將躍進。另外，漢來美食也公布 10 月合併營收為 2.88 億元，月減 8.28%，年增 12.8%，累計前 10 月合併營收 31.23 億元，年增 8.5%，排除以往西安據點營收後，單月創同期次高。展望第四季業績，隨著自創全新品牌超市型火鍋「潮之鍋物」和蔬食副品牌「五梅先生」加入高雄漢神百貨美食街營運，而全台第 3 家漢來湯包於桃園台茂購物中心將於 11 月中旬開出，持續添成長新動能。
552,2019/11/07,〈TPK法說〉10月營收月減2.3% Q4估季減1成,觸控模組廠 TPK-KY() 今 (7) 召開線上法說，同時公布 10 月營收 144.78 億元，月減 2.3%、年減 16.1%，策略長劉詩亮表示，雖然今年高峰已過，但第 4 季客戶新智慧型手機銷售強勁，樂觀看待營運，估營收季減 1 成內，營益率則估達 1%。宸鴻今年前 10 月營收 1141.41 億元，年增 29.6%，劉詩亮指出，去年客戶智慧型手機銷售在第 4 季比較強勁，今年會跟過往的季節性波動比較相近，第 3 季會是高峰，不過，第 4 季在客戶新品受市場歡迎下，預估季減幅度會在 1 成內，全年營運狀況優於年初預期。展望明年，劉詩亮認為，客人對明年拉貨以及新產品的推出，能見度仍不高，不過，受惠良率提升、效率改善，跟客戶的黏著度增加，若排除國際因素，審慎樂觀看待明年。以宸鴻目前客戶營收占比來看，目前單一最大客戶占比約 6 成，第 2 大客戶約 2 成，占營收比重大，前 5 大客戶營收約 92%、前 10 大客戶約 95%。
553,2019/11/07,〈和碩法說〉擬擴大生產彈性 評估在越南、印度設廠,和碩 () 今 (7) 日舉辦線上法說會，因應美中貿易戰、大環境變動，總經理暨執行長廖賜政表示，今年申請回台投資逾 140 億擴大在台產能，加上位於印尼巴淡島的產線順利投產，未來也不排除在越南、印度設廠，擴大生產彈性、分散風險。廖賜政表示，因應美中、全球大環境變動，今年回台投資逾 140 億，擴建既有新店和龜山廠房，主要生產高附加價值產品，位在印尼巴淡島新廠今年 6 月也順利投產，則以較簡單的組裝為主，目前也正評估越南、印度投資計劃，增加生產彈性供客戶選擇，但具體設廠投資計畫，仍將配合客戶需求做評估。廖賜政指出，今年受惠季節性因素，整體消費、通訊產品出貨增溫，在營業費用控管下，今年營業淨利有所改善，但毛利則並未有太大變化，他強調今年策略是提升整體的產能利用率，將配合客戶做調整。面對中國缺工情況，廖賜政表示，雖然今年招工狀況並未較去年改善，但今年與客戶達成共識，以提高產能利用率為目標，因此目前整體出貨狀況仍處於健康狀況。
554,2019/11/07,9項汽車關鍵零組件關稅擬調降 沈榮津：廠商應回饋消費者,為挽救國產車競爭力，經濟部提出調降 9 項關鍵汽車零組件進口關稅，獲財政部初步同意，經濟部長沈榮津今（7）日表示，調降關稅並不會影響零件商，對整車廠有利，是好事一件，後續若確實降低成本，業者應反映降價回饋消費者。沈榮津指出，降低 9 項關鍵汽車零組件進口關稅，當初是由國內汽車整車廠提出，希望透過調降關稅來降低成本，目前並無國內廠商生產，因此不會影響到零件商，且對整車商有利，是好事一件。針對關稅調降有助整車商降低成本，是否會回饋給消費者，沈榮津表示，若後續立法院會通過提案，應由消保團體來監督是否實際反映降價，同時呼籲業者，如果真有降低成本，應在售價上回饋消費者。財政部長蘇建榮昨 (6) 日表示，經濟部的稅式支出報告沒問題，已回覆給經濟部進行法制作業。根據報告指出，原本規劃調降 23 項零組件稅率，最後拍板確定降低 9 項關鍵汽車零組件稅率，稅率從原本的 5% 到 17.5% 調降成免稅至 10%。
555,2019/11/07,華邦電10月營收月減6.67% 近4個月低點,記憶體廠華邦電 () 今 (7) 日公告 10 月合併營收 43.21 億元，較上月小幅回落，但仍維持旺季營運動能，營收小幅月減 6.67%，年增 3.99%，近 4 個月低點；前 10 個月累計營收 406.4 億元，年減 6.53%。華邦電看好，在市場需求強勁帶動下，整體下半年營運將優於上半年。華邦電今年第 1 季平均稼動率低於 80%，6 月中回升至約 85%，在 DRAM、Flash 市場需求強勁帶動下，第 3 季起步入傳統旺季、全能生產，帶動下半年營運將優於上半年。華邦電第 3 季受惠旺季效應，需求增溫，營收逐月成長，雙率均較上季小幅走揚，稅後純益 5.91 億元，季增 27.92%，年減 79.18%，每股純益 0.15 元，為今年高點。前 3 季稅後純益 14.69 億元，年減 77.63％，每股純益 0.37 元。
556,2019/11/07,健鼎Q3營收、獲利同創高 前3季EPS 8.32元 可望續稱霸PCB廠,PCB 廠健鼎 () 今年上半年單季均稱霸 PCB 業每股純益王，今 (7) 日公布 2019 年最新財報，第 3 季營收、毛利率及每股純益同創歷史新高，每股純益 3.82 元，超越法人預期，累計前 3 季稅後純益 43.73 億元，每股純益達 8.32 元，也可望在 PCB 業界稱霸。先前歐系外資估算，健鼎今年每股純益約 10.75 元，2020 年每股純益為 11.97 元，2021 年每股純益為 13.06 元，將是連 3 年每年賺回 1 個股本。健鼎第 3 季營收 151.09 億元，毛利率 23.92%，季增 5.01 個百分點，年增 3.37 個百分點，營業利益 23.76 億元，稅前盈餘 26.25 億元，稅後純益 20.06 億元，季增 55.57%，年增 21.83%，單季每股純益為 3.82 元健鼎前 3 季營收 404.52 億元，毛利率 20.5%，年增 2.34 個百分點，營業利益 49.35 億元，稅前盈餘 56.58 億元，稅後純益 43.73 億元，年增 25.93%，以目前股本 52.56 億元計，每股純益 8.32 元。健鼎第 3 季毛利率較第 2 季增加 5.01 個百分點，法人指出，由於產品組合改變，HDI 產品包括手機及非手機，進入旺季循環，產能利用率增加；另外營收成長也使折舊分攤費用率下降，且貶值 2.8%，推升營收上升、成本下降，同時銅價較第 2 季下跌，也有助成本下降。健鼎生產 PCB 應用集中記憶體模組、硬碟、筆記型電腦、光電板、手機及伺服器、汽車板等，是小米手機 PCB 板供應商；湖北仙桃廠去年第 4 季增加每月 60 萬平方呎新產能，總產能增至每月 180 萬平方呎，整體產能達每月 900 萬平方呎，目前在中國所有 PCB 廠中，產值僅次臻鼎 () 居第 2 位。健鼎中國湖北仙桃第 3 廠興建土木工程已經動工，總簽約金額達 4.43 億元 (折合約 20.42 億元)，資本支出占今年規劃 35 億元一半以上，新廠全部興建工程預計在今年底完工，將視產能需求及調配狀況購置設備進駐。健鼎今日也公布 10 月營收為 47.96 億元，月減 3.27%，年增 2.03%，累計 2019 年前 10 月營收 452.94 億元，年增 3.56%。
557,2019/11/07,【群益投顧】貿易協議利多題材降溫 台股回測短期均線支撐,一、盤勢分析美中貿易協議簽署地點難產，時程可能延宕至 12 月，市場短線利多反應開始鈍化，週三美股波動不大，四大指數收盤跌多漲少，但幅度都不大；工業僅微幅收低 0.07 點、 小漲 0.07%、收跌 0.29%、下跌 0.84%。歐洲方面，在銀行股持強支撐下，泛歐指數 Stoxx600 收盤上漲 0.21%，三大主要市場皆收高，但漲幅都不到 0.4%。亞股呈現小漲小跌，走勢並不同調，台股以下跌 11 點開出，終場以下跌 46.51 點或 0.40% 收盤，收在 11606.56 點，成交金額為 1397.56 億元。盤面結構，類股跌多漲少，電子台積電回檔領軍權值休息，短多人氣受挫，金融則受金控龍頭退守平盤而攻勢熄火，雙雙壓抑指數走低，傳產以百貨、造紙、鋼鐵、水泥較為抗跌，橡膠、電器的跌幅相對較大。二、盤勢預估美中階段性貿易協議帶動的利多效應，隨著簽署地點遲遲未定，加上傳出時間可能延後而出現降溫的現象。台股小幅開低走低震盪，終場以下影線黑 K 下跌 46 點作收，成交量減至 1400 億元以下，呈現下跌量縮，大盤在連四日上漲創高後首度回檔收黑，指數收盤雖跌破 3 日均線，但短期均線偏多格局未變，暫時先整理格局視之，個股建議依據短線技術面變化汰弱換強因應。三星今年兩款旗艦手機首度採用超音波指紋屏下辨識卻爆資安漏洞，據傳為防堵此一問題並配合 Android10 作業系統更新的資安政策，已決定明年新機將改採 3D 臉部辨識技術，導入感測飛時測距 (ToF) 模組，提供 3D 感測解決方案的新鉅科，生產 3D 感測元件的穩懋、宏捷科，上游磊晶的全新等都將受惠。三星、英特爾、台積電等國際半導體大廠積極投資先進製程，擴大資本支出動作不手軟，台積電日前上修今年資本支出，並預告明年資本支出仍將維持高檔，三星宣布第 4 季半導體支出將刷單季歷史新高，英特爾也上修今年資本支出來到歷年最高，可望帶動相關半導體體設備供應鏈營運表現。兩岸水泥市場進入傳統旺季，國內擴大前瞻計畫工程預算加上台商回流科技廠辦建案量增加，水泥市況是近五年表現最好，全年出貨量估計有 5~7% 成長，大陸市場也因政府加碼基建工程、續推供給側改革以及錯峰生產政策，支撐水泥報價持續走堅，第四季旺季營運可望攀至年度高峰。三、強勢股電子：超豐 (2441)、臻鼎 (4958)、欣興 (3037)、健鼎 (3044)、遠傳 (4904)非電：新光金 (2888)、中壽 (2823)、中鼎 (9933)、大成 (1210)、國建 (2501)本文係研究員對大盤之看法，僅供參考，不做進出依據
558,2019/11/07,原相Q4滑鼠、TWS出貨衝鋒營運估持平 全年續創新高,感測器廠原相 () 今 (7) 日舉辦線上法說，財務長羅美煒表示，第 4 季營運較第 3 季持平或小幅下滑，滑鼠將延續上季強勁動能，營收估高個位數成長，TWS(真無線藍芽耳機)、穿戴式產品營收也有雙位數成長，遊戲機則受淡季影響明顯衰退，法人看好，原相第 4 季三大產品線向上動能強，助攻全年營收年增率轉正，估年增率為 5%，全年營收將達 58 億元，續創歷史新高。羅美煒指出，第 3 季營收原先估持平第 2 季，不過表現超預期，主要受惠電競滑鼠、遊戲機需求明顯回溫，帶動營收成長，毛利率也因成本管控得當，來到近 1 年高點，產品組合方面，滑鼠因出貨暢旺，比重拉升至 58%，遊戲機比重也成長 4 個百分比，達 20%，其他比重則下降至 22%。以各產品線來看，高階、電競滑鼠將延續上季動能，業績成長高個位數百分比，營收比重也拉升至 6 成，不過上半年因客戶調整庫存，影響滑鼠全年業績下滑個位數百分比，細分來看，有線、無線需求皆較去年疲軟，高階、電競需求則因市場趨勢推升，較去年成長。遊戲機第 4 季依循往年軌跡入淡季，估業績會有明顯減幅，營收比重則下降至 10% 內，不過，隨著日系客戶推出 Ring Fit 健身平台，有助遊戲機主機熱銷，可望提供感測晶片成長潛在動能。其他產品第 4 季業績皆有雙位數成長，穿戴式產品第 4 季將量產，安防方面，則隨著非大中華區的客戶拓展有成，是今年成長的主要動能。TWS 方面，第 4 季受惠新客戶開始量產，季增幅同樣上看雙位數，且大於安防產品的增長幅度，營收比重也從上季的個位數百分比，攀升至雙位數，並預計之後將推出附有 ANC(主動式抗噪) 功能的晶片，同時，看好明年 TWS 成長動能，市場則以中國為主。車用部分，羅美煒指出，目前已小量出貨，但因發酵期較長，短期內營收貢獻仍不明顯，未來將持續投入研發。原相 10 月營收 6.37 億元，月增 1.08%，年增 39.87%，再創歷史新高，累計前 10 月營收 47.74 億元，年增率較上月由負轉正，達 1.13%。
559,2019/11/07,〈雙11捎捷報〉東森購物網業績挑戰3倍成長 估將衝破4億元,東森 () 轉投資東森購物今 (7) 日公布雙 11 活動「1111 狂歡慶」規劃，東森購物表示，去年雙 11 全通路業績突破 2 億元，其中 ETMall 東森購物網業績達 1.4 億元，今年 ETMall 目標達 3 倍成長，挑戰創 4.2 億元營收。東森購物指出，雙 11 期間針對 3C 通訊類商品，今年主打 APPLE 蘋果、三星、小米和華為品牌，MacBook 搭配銀行最高可省萬元，而 iPhone 最低 85 折，希望藉此吸引更多年輕新客群。家電類商品則是瞄準主力女性客群，祭出廚電節、洗冰節和吸塵節等主題活動，參與的品牌高達 100 個，包括家電大廠 LG、Dyson、Panasonic、大同、飛利浦和日立等，更加碼天天搶限量 8 折商品。另一方面，東森購物旗下跨境美妝電商平台草莓網營運逐漸增溫，台灣營業額於 9 月首度突破千萬大關，年增幅高達 303%，東森說明，截至目前多項指標不論是件數、訂單數、客戶數皆達 300% 以上高成長，同時，藉由草莓網也成功將集團內品牌包括 NATURAL BEAUTY 自然美、DeMon 蝶蒙推向全球市場，樂觀看待在今年的雙 11 檔期，將進一步創下佳績。
560,2019/11/07,台灣經濟、股市強勁成長將持續至2020年,台灣經濟不受中美貿易戰負面影響，台股、匯市近日雙創新高，主要成長動能來自外資流入以及科技廠強勁成長。外資持續看好明年台股走勢及台廠獲利表現。市場認為，此強勁成長趨勢將持續至明年，而外資流入則為帶動台灣經濟和資產價格攀升之主因，兆豐國際投信 (Mega International Investment Services Corp.) 董事長 Shelly Lee 認為，世界各國央行之貨幣寬鬆政策，有助於促使外資流向台灣，外資於今年以來已買超台股 80 億美元，為亞洲市場第二，僅次於印度。 台股不受中美貿易戰負面影響，今年以來已上漲 19%，並創下 29 年來新高，於 6 日收盤價達 11653 點。匯市方面，近日兌美元匯價升值至 30.4 元附近，也是創下了 2018 年中以來新高。2018 年由於中美貿易戰因素，導致台股走勢偏弱，當時許多投資人認為，由於台灣企業仰賴出口，且多設廠於大陸，因此將受創於中美貿易影響因素。但相反的，今年以來台灣經濟成長不減反增，據聯合國貿易和發展會議（UNCTAD）報告顯示，2019 上半年台灣對美出口同比增加 42 億美元，因美國對中國貨品課徵關稅，反而因轉移效應受惠台廠。台灣經濟成長方面亦超於預期，今年 GDP 成長預估可達 2.5%，超越其他亞洲四小龍國家，根據政府初步推估，明年經濟成長將可進一步加速。高盛表示，除了日本以外，台灣是唯一有望上調每股盈餘預測的亞太地區國家。而台股各公司第三季財報數據表現亮眼，特別是 5G 概念股聯發科獲利創新高，亦帶動外資買超。另外，製造業景氣亦呈現擴張跡象，近日公布之 10 月台灣製造業採購經理人指數 (PMI) 上升至 51.1，種種利多因素支撐外資對台股持樂觀態度。另外，外資亦看好台廠在 5G 及半導體供應鏈上之重要角色，雖然今年初因貿易戰及智慧型手機需求不振等因素，導致台廠獲利下滑，但分析師預估，2020 年及 2021 年台廠獲利增長幅度將有望超過兩位數。
561,2019/11/07,〈TPK法說〉Q3純益季增3倍 EPS 0.56元創7季新高,觸控模組廠宸鴻 TPK-KY() 今 (7) 日召開法說會，並公告第 3 季財報，在 iPhone 出貨暢旺下，稅後純益 2.28 億元、季增 322%、年增 19.4%，每股純益 0.56 元，創 7 季新高；前 3 季稅後純益 3.07 億元，年增 871%，每股純益 0.75 元。宸鴻第 3 季營收 400.05 億元、季增 40.8%、年增 24.4%；毛利率 4.2%、持平前季、年增 0.4 個百分點；營益率 1.2%、季增 1.2 個百分點、年增 0.6 個百分點；稅後純益 2.28 億元、季增 322%、年增 19.4%，每股純益 0.56 元。宸鴻前 3 季營收 996.13 億元，年增 40.6%、毛利率 4.1%，年增 0.4 個百分點、營益率 0.6 個百分點、較去年同期轉正、稅後純益 3.07 億元，年增 871%，每股純益 0.75 元。宸鴻策略長劉詩亮表示，第 3 季受惠美系客戶新款智慧型手機出貨暢旺，加上進入傳統消費性電子出貨旺季、筆電、平板電腦出貨同步攀升，帶動整體出貨成長 67%，且稼動率提升，抵銷低價手機出貨占比較高、產品組合不利等對毛利率的影響。以宸鴻第 3 季產品營收占比來看， 7 吋以下小尺寸應用約占 47%、7-11 吋的中尺寸應用占 18%、11-16 吋大尺寸應用占 33%、16 吋以上的特大尺寸及其他應用占 2%。
562,2019/11/07,〈環球晶法說〉Q3純益季減6% 每股賺7.64元 近6季低點,矽晶圓大廠環球晶 () 今 (7) 日公告第 3 季財報，持續受半導體產業面臨庫存調整影響，但由於長約比重高，獲利衰退幅度相對同業較小，單季稅後純益 33.27 億元，季減 6.18%，年減 8.37%，每股純益 7.64 元，為近 6 季低點。環球晶前 3 季稅後純益 33.27 億元，季減 6.18%，年減 8.37%，每股純益 7.64 元，仍創歷年同期新高。環球晶董事會今日也通過，未來將改採每半年配息一次。環球晶第 3 季合併營收 143.03 億元，季減 2.7%，年減 5.7%，毛利率 37.8%，季減 2.25 個百分點，年減 1.23 個百分點，營益率 29.16％，季減 2.64 個百分點，年減 2.03 個百分點；稅後純益 33.27 億元，季減 6.18%，年減 8.37%，每股純益 7.64 元。環球晶前 3 季累計營收 445.88 億元，年增 2.64%，毛利率 39.66%，年增 2.18%，營益率 31.5%，年增 2.08 個百分點；稅後純益 107.36 億元，年增 8.34％，每股純益 24.67 元。展望本季市況，環球晶指出，客戶庫存去化持續逐季改善，但國際情勢與全球經濟大環境，仍存在許多不確定性，近期受惠於 AI 人工智慧、高效能運算等終端消費性產品新科技應用積極發展，加上 5G 加速佈署，可望帶動未來晶片市場需求勁揚。環球晶董事會今日也通過公司章程股利配發條款修訂案，將盈餘分派或虧損撥補的時間，修改為每 6 個月執行一次，未來將改採每半年派發股息方式，協助股東創造更大的投資價值。
563,2019/11/07,台幣NDF與換匯交易走勢分化 大摩預估NDF換匯點續下滑,同樣是台灣壽險業者持續在利用的避險工具，為何近來美元兌 NDF 變貴，但在岸換匯 (swap) 卻變便宜？摩根士丹利最新報告解釋了這一個現象。摩根士丹利分析師 Belle Chang 與 Ailing Deng 在今天的報告中稱，聯準會自 8 月以來已三次降息造成台美利差縮窄，且外資持續匯入使得台灣境內美元供應充沛，都是境內換匯點不降反升的原因。此外，過去兩個月裡約有 30 億美元的美元計價債券被提前贖回，壽險業者手中多出了些美元現金，也可能因此減少在換匯市場融資需求。另一方面，造成 NDF 與換匯自 8 月起走勢開始分化的原因也在於，美元兌 NDF 或其他替代避險 NDF 交易對於壽險業者來說較具彈性，而且離岸、及新加坡元近幾周表現頗佳，應該會讓壽險業多增加替代避險。報告稱，預期壽險業者在年底前會逐步增加避險部位、以提高風險資本適足率 (RBC)，美元 /  NDF 換匯點料持續下滑。對於即期走勢，她們表示，預估將可以維持強勁，美元兌將在 30.3-30.6 區間波動，台股暫時仍將是主導因素。不過匯價要向下突破這區間，需要再有一波升勢或是風險情緒的信號。據台北外匯行情截至中午，兌美元基本持平，以 30.399 元暫收。本周二創下 30.371 的去年 6 月以來收盤新高。
564,2019/11/07,【日盛投顧】漲多壓回整理,"◆盤勢分析1. 周四小低盤開出，隨亞股走弱與漲多的中、小型股表現不佳的影響，一路震盪走低，盤中最高再創新高 11,237.38 點。臨近收盤 2330 台積電再度發揮穩盤作用，跌幅逐漸收斂，最終收在 11606.5 點，下跌 46.51 點，跌幅 0.40%。2. 加權技術面與籌碼面：(1) 均線：指數暫守在 5 日均線之上，收長下影線黑 K 棒，短天期均線呈現多頭排列。(2) 量能：下跌量縮，量能未失控。(3) 技術指標：日 KD 高檔死亡交叉向下，短線有過熱的疑慮，慎防個股技術性調整。(4) 法人籌碼：三大法人合計 40.79 億元、外資 + 50.02 億元、投信 - 0.91 億元、自營 - 8.31 億元。3.OTC 指數開平走低，收盤下跌 1.05%，連續兩天收長黑 K 棒，且跌破 5、10 天期短均線，走勢相對疲弱，目前短線支撐為月線 143.78 點。中、小型電子回檔，權值股撐盤1. 權值電子：2330 台積電開低震盪尾盤再收高，帶動大盤跌幅收斂；2317 鴻海股價緩步上攻，再創波段新高。2. 中小電子：8150 南茂 Q319 每股 0.81 元，創近五年同期最佳，Q419 業績力拼成長，帶量收漲停。3034 聯詠前 3 季賺 1 股本，外資看好明年營運，早盤帶量再寫波段新高價。3. 金融：類股成交量持續放大，2882 新光金拉出第二根紅 K 棒，帶動 2823 中壽、2883 開發金逆勢帶量收高。4. 生技：4123 晟德獲外資連五日買超，早盤放量勁揚 3%，攻克 70 元及半年線。1786 科妍 10 月營收 0.38 億元，年增 48.52%，股價改寫 4 個月新高價。5. 操作建議：時序將進入公布營收與第三季財報揭露，個股走勢易有大幅波動，操作不宜追高。台股選股方向可留意 IC 設計、運動休閒、內需、5G、PCB、伺服器、車用具有題材等族群，此外金融族群持續增溫，中長期資金仍可逢低布局。"
565,2019/11/07,【運達投顧】多頭不變只是整理,◆盤勢分析11 月這幾天交易日只有今天沒有再創波段新高，但指數的整理空間也不大這裡只能先看待漲多的整理多頭並沒有改變，重點分析如下：1. 美股除了漲多整理也受到美中貿易川普和習近平簽署初步貿易協議的會晤恐怕要推遲到 12 月，因相關條款和地點的討論仍在持續當中，市場認為川普在尋求 2020 年連任之際面臨國會彈劾調查的壓力，據信中國會認為快速達成協議是獲得有利條款的最佳機會，以此看來美中貿易議題應不會像今年 5.8 月對股市造成大幅波動。美股創歷史新高後就全球股市結構而言德國與法國股市也都屢創新年新高，唯一偏落後者仍在亞股部分尤其陸韓港股，目前在型態上韓港股都已經突破 9 月前高，若是陸股也可過 9 月高點那麼落後的韓港陸股還有再往上挑戰高點的機會，目前這三大指數維持 5 月以來的擴底型態，因此 11 月份的台股雖然也受漲多有震盪整理的可能，但只要亞股能走出補漲台股就還會續創新高的機會，所以 11 月份亞股的走勢是觀盤的重點。2. 這幾天我們針對匯率的角度做過分析，美元這兩天跌深反彈升值站上月線來到約 98 元附近，若美元太過強勢會對亞洲匯率與亞股會有壓抑的作用，由於聯準會今年底前不會再降息所以美元抗跌是正常的，但這兩天都已經升破 7 元關卡很明顯的出現走升，昨天我們也說明亞股是否走出補漲這要看美元與的誰會比較強？若以目前美中第一階段的協議雖然簽屬時間與地點還未定但簽署應是勢在必行，接下來中國將會大量採購美國農產品會變成進口國，之前貿易戰中國為了救出口所以放任貶值，現在變成進口國則升值會比較有利，因此續升的機會大對亞股的補漲仍有機會也會對漲多的有支撐效應，所以就匯率的角度來看對台股多頭仍是有利的。3. 近日外資在期貨多單有高檔獲利調節的動作，前天多單減了 4712 口昨天多單又減了 1510 口使得多單從 6.1 萬口目前降到 5.5 萬口，若是外資期貨減倉的動作仍然持續那麼就要留意台股會有見高點拉回整理的風險，結算日在 11/20 目前還有一段時間，若外資減倉期貨倉位仍可維持在 5 萬口之上時預計接近中旬多單還會逢低進場，所以在多單未破 5 萬口之前台股就算漲多會整理幅度應該也不會太大，因為在結構上電子權值股目前都還未出現高檔暴量，再加上近日金融股也跟著輪漲所以台灣 50 的走勢比大盤強勢，這也讓台股就算整理幅度也不大，不過當電金權值股偏強則漲多的電子股則有壓力，所以操作上先避開高檔股將資金移轉到低位階股，不只安全若出量則補漲的空間大，依照過去歷史每當台股偏整理時資金會以不佔權值的生技股為主，這裡可留意生技股的補漲訊號。※以上內容由蕭春源分析師 整理提供，投資人於投資前請審慎評估，遵守紀律，嚴設停利停損。
566,2019/11/07,【運達投顧】收斂價差不用擔心,◆盤勢分析指數來到 11600 之上調節性賣壓也跟著出籠，指數的 BIAS 指標來到了 3 以上，回測均線都屬於合理的回檔走勢，投資朋友不用擔心。均線法則第一條：「均線的上揚跟下彎代表趨勢的方向」，目前大盤與櫃買的均線都是上揚走勢，代表多方趨勢沒有改變，全球股市沒有系統性的風險發生，短線上的急殺反而是個股介入的很好時機。股票市場不會天天都大漲，資金會走輪動與輪漲的轉換，近期轉換的速度非常快速，很多高檔個股已經跌破了均線支撐，這些個股當中不乏過去熱門的族群，例如指紋辨識 IC 設計神盾 (6462)、5G 封測的雍智科技(6683)，這些高檔個股都已經跌破均線支撐，籌碼已經轉為鬆動，即使有反彈幅度也不會太大，而資金會去找更有利的方向布局。股價拉回價值不變的族群，會是台股未來的焦點，資產族群今天的走勢相對強，手握南港 6500 坪土地的國產(2504) 本周因為漲多的關係而震盪，但是，今天大盤回檔他還是維持在紅盤之上，代表低檔有買盤來作承接，而南港土地的價值不會受到股價震盪的因素而改變，當時間拉長後獲利開始顯現時，股價才會進入末段的噴出。操盤手不是看數字而是看未來，現在看營收獲利都還沒有發生，股價還有向上反應的空間，不過，買點必須掌握好，否則很容易套在相對高檔而被清洗出場。台股沒有走空，只是作主流間的轉換，市場賣出籌碼也會找新的標的作佈局，只要掌握節奏基本上不用害怕短線上的漲跌，只是個股間表現一定差異很大，「買起漲賣高檔」，跟著市場的資金操作，就能夠維持長期穩健正報酬。資產族群將會陸續表態，而電子類股則必須要觀察技術面走向，台股還維持在月線之上，股價已經在高檔跌破月線的，請務必要嚴控風險，大家都記得昨天大漲的股票，誰還記得上個月市場上熱門的股票，操作要有公式要有方法，「規劃行情、掌握行情、跟隨行情、應變行情」，波段強勢股買在短線上弱勢時。事先規劃好佈局的方向，按照紀律執行，即使遇到錯誤也按紀律停損，對於股市的操作維持戒慎的心情，但是無須恐懼，利用技術分析的原理克服人性的貪婪與恐懼！※以上內容由 洪任浚分析師 整理提供，投資人於投資前請審慎評估，遵守紀律，嚴設停利停損。
567,2019/11/07,楊金龍：支付業者互通可完善國內行動支付版圖,台灣央行總裁楊金龍今 (7) 日於財金資訊公司金融資訊系統年會致詞時指出，要完善國內行動支付版圖，尚須非銀行支付機構加入 QR Code 共通標準才算完整；另一方面，楊金龍也透露央行已成立 (CBDC) 研究計畫專案小組，CBDC 或有可能成為零售支付的最後一哩路。楊金龍說明，目前國內電子支付和票證機構的支付系統屬各自封閉的體系，無法進行跨機構間款項移轉，為順應國際趨勢，政府已研擬開放該等機構間的資金互轉，將電子支付和票證機構納為財金公司系統的直接參加單位。而財金公司在原有的跨行金融資訊系統和 QR Code 共通標準的基礎上，規劃建置「電子支付跨機構共用平台」，並邀請電子支付和票證機構加入該平台，讓銀行和非銀行支付業者能彼此互通，對於用戶、商家和支付業者也可帶來好處。也就是說，電子支付若可跨機構共用，用戶僅須使用單一品牌 App 支付，即可在任一接受行動支付商家交易，無須綁定太多 App，可減少個資外洩疑慮；而商家只需與一家支付業者簽約，即可接受消費者使用不同的支付品牌付款；同時，非銀行支付業者可接受其他支付業者用戶的轉帳，並共享其他支付業者帶來的商家通路。楊金龍指出，央行希望非銀行支付業者將來能加入「跨機構共用平台」，讓我國行動支付拼圖更為完整，以深化我國普惠金融服務。另一方面，楊金龍提到，近來國際間央行刻正探討 CBDC 的可行性，若能順利解決相關問題，CBDC 或有可能成為零售支付的最後一哩路，本行為此已成立 CBDC 研究計畫專案小組，針對相關議題，進行研究與測試。不過，楊金龍強調，即便如此，不代表現金的重要性將逐漸消失，現金支付對許多人而言，並非選項、而是必須，盲目進入無現金社會將造成嚴重風險，許多先進國家央行的看法也是如此。楊金龍認為，在可預見的將來現金仍不會消失，只要現金仍有需求，央行依職責有提供的義務，而商家也不得拒收現金。
568,2019/11/07,台商回台再添1家 重量級大案醞釀 下周投資總額叩關7000億,投資台灣事務所今 (7) 日再通過 1 家台商回台案，全球手機鏡頭模組軟硬複合板最大供應商相互 () 將投資超過 33 億元；截至目前，已累計 152 家台商回台投資 6270 億元，依目前排審進度，下周可望出現重量級大案，叩關 7000 億元大關。經濟部指出，美中貿易戰牽引全球製造板塊產生變化，帶動台商持續回流，其中 PCB 產業就占了不少比重。相互公司從傳統相機用印刷電路板起家，30 年來致力發展 PCB 多樣化技術，產品應用拓展至數位相機、傳真機、印表機等，HP、Canon、Epson、Sony 及 SEIKO 等皆為主力客戶，目前是全球手機鏡頭模組軟硬複合板最大供應商。相互擁有二大生產基地，新莊廠主攻高階製程，江蘇常熟廠則是從事中低階鏡頭模組軟硬板與 CIS 硬板。為了因應終端客戶要求將中國部分產線移回台灣，加上 5G 元年勢必帶動新一波相關需求，相互決定砸下 33 億元在新北泰山工業區建置新廠與研發基地化解產能不足，將可創造近 200 個就業機會，未來泰山廠將成為集研發中心、生產、業務於一身，邁向全球化企業基地。經濟部表示，PCB 有 3C 產業之母稱號，更與電信產業發展息息相關，隨著 5G 商轉在即，高頻高速通訊世代來臨，未來物聯網、車聯網大量運用在智慧製造、智慧生活，勢必帶動 PCB 產業整體成長。截至目前，台商回台投資方案已有 152 家企業響應，總金額達 6270 億元，將帶來逾 5.5 萬個工作機會，預計下周可望出現重量級大案，累計投資額挑戰 7000 億元大關。
569,2019/11/07,〈漢來新品牌亮相〉上櫃以來首次推新品牌 效益提升可期,連鎖餐飲集團漢來美食 () 今 (7) 日正式發表兩大自創新品牌「潮之鍋物」和「五梅先生」，是 2017 年 9 月上櫃以來，首次推出新品牌，主打高 CP 值、高檔食材和五星廚藝，漢來美食總經理林淑婷說明，目前作法是由營收和形象皆十分穩固的既有品牌延伸出副品牌，藉此快速拓展更廣泛的客層，最大優勢在品牌間資源共享，可降低新品牌的經營風險和成本，營運效益將因此更高。此次兩家新店點都選在漢來美食的大本營─高雄漢神百貨的美食街首次登場，品牌概念延伸自原有品牌漢來海港餐廳及漢來蔬食，採「店中店」形態，擁有專屬座位區林淑婷說明，漢來美食旗下品牌一向給消費者中高端定位的印象，且餐廳規模動輒上百個座位數，菜色和設定門檻較一般餐廳來得高，但在大環境景氣沒有太大提升的現況下，若要吸引經常外食消費者上門，「平價、高 CP 值」的餐飲是消費市場主力。林淑婷認為，「潮之鍋物」和「五梅先生」屬「輕資產」型小店，因此可快速複製展店，未來為集團提升營收獲利的能力不容小覷。漢來海港餐廳品牌長劉子銘進一步說明，超市型火鍋是時下非常受到消費者喜歡的火鍋餐廳型態，加上漢來美食擁有強大採購體系和龐大進貨量，能以最優惠的價格進用最好的食材，潮之鍋物客單價僅 400-500 元左右，相當具優勢。而作為漢來蔬食副品牌的「五梅先生」，鎖定年輕上班族和外食族客層，均消僅在 200 元左右，是美食街少見的蔬食櫃位，未來也將成為漢來美食展店的重點品牌。
570,2019/11/07,面板業逆風 友達10月營收跌破200億元 創2009年2月以來新低,面板大廠友達 () 今 (7) 日公布 10 月合併營收為 199.8 億元，月減 16.3%、年減 24.6%，跌破 200 億元大關，創 2009 年 2 月以來新低，累積前 10 月合併營收 2267.99 億元，年減 11.76%。友達表示，10 月整體大尺寸面板出貨量包括液晶電視、桌上型顯示器及筆記型電腦面板等約 795 萬片，月減 22.9%；中小尺寸面板出貨量約 1274 萬片，月增 12%。友達董事長彭双浪日前法說會表示，展望今年，總體經濟影響終端消費，新產能開出也造成產業壓力，第 4 季後期將進入傳統淡季，預期供需失衡狀況將持續，將適度調整產能利用率，並利用年底進行歲修、新產品試產。彭双浪進一步表示，進入面板產業傳統淡季，預期供需失衡狀況將持續一段時間，將適度調整產能，並加速新產品開發，對於近期市場傳出，部分面板廠將調節產能，預期將有助改善供需失衡現象。另一方面，中小尺寸面板廠凌巨 () 今也公告 10 月合併營收 7.16 億元，月減 0.94%、年減 11.67%，累積前 10 月合併營收為 74.22 億元，年減 13.48%。
571,2019/11/07,〈和碩法說〉iPhone拉貨強 Q3純益季增逾8成 EPS 2.41元 創下近15季新高,和碩 () 今 (7) 日舉辦線上法說，公布第 3 季財報，受惠手機等各產品線旺季需求帶動下，稅後純益 62.97 億元，季增 81.74%、年增 122.49%，每股純益 2.41 元，創下近 15 季新高，累計今年前 3 季每股純益達 4.25 元。和碩第 3 季營收 3547.95 億元，季增 18.52%、年增 10.18%，毛利率 3.75%，季增 0.37 個百分點、年增 0.42 個百分點，營益率 1.76%，季增 0.77 個百分點、年增 0.65 個百分點；稅後純益 62.97 億元，季增 81.74%、年增 122.49%，每股純益 2.41 元，其中稅後純益、每股純益皆創下近 15 季新高。累計今年前 3 季合併營收 9482.75 億元，年增 8.5%，毛利率 3.18%，年減 0.11 個百分點，營益率 1.01%，年增 0.17 個百分點，稅後純益 110.93 億元，年增 0.27%，每股純益 4.25 元。和碩今也公告 10 月營收 1470.87 億元，月減 6.74%、年減 20.93%，累計今年前 10 個月營收 1.09 兆元，年增 3.32%。
572,2019/11/07,大客戶提前拉貨 旺宏10月營收寫近3個月低點,記憶體廠旺宏 () 今 (7) 日公告 10 月合併營收 36.66 億元，由於大客戶將原定 10 月出貨的訂單，提前於 9 月拉貨，與過往軌跡不同，導致營收月減 27.8%，年減 5.9%，為近 3 個月低點；前 10 月累計營收 290.81 億元，年減 8.7%。在 ROM 出貨旺季帶動下，旺宏第 3 季存貨金額已由第 2 季的 188.67 億元，大幅下降至 151.26 億元，甚至低於去年同期的 171.6 億元水準，第 3 季存貨損失已大幅減少。旺宏表示，隨著存貨持續去化，且第 4 季也是傳統旺季，存貨損失估列應不會再大幅增加。展望第 4 季，旺宏董事長吳敏求指出，今年大客戶任天堂改變出貨策略，將原先預定 10 月的訂單，提前在 9 月拉貨，與往年軌跡不同，因此第 4 季 ROM 營收將較第 3 季減少，但 NOR Flash 與 SLC NAND Flash 目前需求佳。並看好 NOR Flash 價格將持穩，SLC NAND Flash 則估持穩或微幅跌價。旺宏採用 19 奈米的 SLC NAND Flash 已於第 3 季末正式量產，目前月產能 1.2 萬片，第一批產品已供貨美國機上盒大客戶。吳敏求表示，目前 19 奈米 SLC NAND 出貨順利，且客戶反應佳，雖然受到美中貿易戰不確定因素影響，對明年展望難以預估，但對明年 19 奈米出貨非常有信心。旺宏第 3 季在存貨跌價損失大幅降低下，毛利率持續回溫，回到 30% 水準，營益率也季增達 9 個百分點，稅後純益 18.53 億元，季增 6.03 倍，年減 3%，每股純益 1.01 元，為今年高點；前 3 季稅後純益 22.58 億元，年減 63.14%，每股純益 1.23 元。
573,2019/11/07,外送平台掀戰火 foodpanda跨足生鮮雜貨配送搶商機,"美食外送戰火持續延燒，兩大平台除大打運費補貼價格戰，繼日前 Uber Eats 進軍生鮮配送服務後，foodpanda 今（7）日也宣布推出「熊貓商城」，生鮮雜貨外送服務展開試營運，範圍涵蓋全台 12 縣市，首波合作店家逾 150 間。Uber Eats 上月再挑起新戰場，與高檔超市 city""super 聯手推出生鮮外送，foodpanda 也加入戰局推出熊貓商城，首波試營運涵蓋全台 12 縣市，逾 150 間知名店家上線，商品範圍包括生活日用品、生鮮、藥妝及寵物用品，主打 1 小時內快速滿足消費者需求。foodpanda 指出，首波上線的藥妝與美妝品牌包含「日藥本舖」、「小三美日」；生鮮店家有知名肉品專賣店「法蘭克肉舖子」、有機健康食品店「棉花田」；此外，「宜家寵物生活館」、「旺城寵物」等寵物用品、食品品牌也在名單中。foodpanda 董事總經理方俊強表示，觀察到台灣消費者已培養使用外送服務的習慣，且不少消費者有其他商品外送的即時需求，公司持續專注於建立更完備的外送生態圈，因此決定增加消費者能選擇的商品種類。量販通路家樂福也將於 11 月中與熊貓商城推出外送服務，成為全台量販通路中第一家與外送平台合作的店家，首波上線商品多達 300 個品項。根據經濟部統計，9 月餐飲業營業額達 646 億元，年增 1%，連續 7 個月正成長，第 3 季營業額為 2062 億元，創歷年同季新高，年增 3.8%，顯見近期外送平台業營運爆發性成長，持續擴大經營範圍，不僅帶動整體餐飲業營收，未來可望進一步挹注零售業成長。"
574,2019/11/07,台股盤後－外資主導盤勢大型股有撐 跌幅收斂力守11600點與5日線,台股昨日收紅並續創 29 年多來新高，今 (7) 日中小型股主力明顯棄守，權值股只剩鴻海 () 收紅，台積電、大立光等都收跌，指數終場下挫 46.51 點或 0.4%，收 11606.56 點。台股今日成交值 1397.56 億元，就價量關係來看，並無價量背離的現象，國泰證期顧問處協理簡伯儀說，台股今日收跌，日 K 線仍維持 5 日線之上，多頭格局並無遭到破壞。台股今日下跌 46.51 點或 0.4%，但是中小型股遭市場棄守，先前強勢的包括 PCB、PA、散熱族群等，因股本小，在市場賣壓影響下，盤中股價快速震盪下殺，而盤中略有表態的金融股，尾盤也因賣壓加大而無法施展身手，造成指數收跌。權值股方面，台積電 () 尾盤跌幅收歛，以下跌 2 元或 0.64% 以 309 元作收，大立光 () 雖然營收連 3 個月創新高，但今天收盤股價下跌 35 元或 0.74%，以 4665 元作收，唯獨鴻海股價收紅，收盤價報 90.8 元，較昨日上漲 0.4 元，成交量 9.09 萬張。證券分析師張陳浩指出，資金行情推升下，外資連 18 日買超台股，外資停泊標的集中大型權值股，而中小型股可能在內資、主力撤守下走勢震盪。簡伯儀說，台股目前在外資資金主導盤勢下，資金部位大的外資以權值股為交投重心，造成表現失真，今日包括 PCB、PA、散熱族群等震盪下殺，且部分個股跌幅極重，不過指數終場跌幅收斂，僅下跌 46.51 點或 0.4%。
575,2019/11/07,〈大江生醫新佈局〉客戶庫存水位降+新品拉貨轉強 年底前營運回溫,大江生醫 () 董事長林詠翔今 (7) 日表示，客戶庫存化已告一段落，加上新品啟動拉貨潮，年底前營收能逐月成長，此外，大江累計前 9 月營收成長率，居全球保健市場第一，明年力拼保持領先地位。大江第 3 季營收遇上新、舊品轉換期，客戶庫存水位高，中國經濟景氣趨緩，導致財報不如預期，稅後純益僅 3.6 億元，季減 42.3%、年減 37%。林詠翔表示，美中貿易戰剛發生時，外界擔心景氣受到影響，加上大江 7 成營收來自中國，連帶影響訂單，不過近期參訪中國二、三線城市後，客戶過去擔心的情況已開始趨緩，照目前下單狀況來看，新品拉貨動能逐漸轉強，舊品庫存水位降低，法人估，第 3 季營運落底，年底前營收能逐月走強。展望明年，林詠翔指出，美國、韓國、中國、台灣等全球保健品上市櫃公司中，累計前 9 月營收成長率大江居冠，預期明年也能保持世界第一。外界認為，大江今年營收目標年增 30% 恐難達標，林詠翔對此強調，明年仍以此成長率作為目標，另明年資本支出會先把今年遞延的部分完成。大江 10 月營收 7.19 億元，月增 12.89%、年減 20.07%；累計前 10 月營收 79.56 億元，年增 28.21%；第 3 季稅後純益 3.6 億元，季減 42.3%、年減 37%，每股純益 3.04 元；累積前 3 季稅後純益 16.08 億元，年增 41.8%，每股純益 13.6 元。
576,2019/11/07,謝金河：台積電、聯發科把台股變大了,外資昨（6）日連 18 買，台股續寫 29 年新高紀錄，最高來到 11668 點，財信傳媒董事長謝金河指出，台股這陣子漲勢凌厲，其實是靠台積電 () 和聯發科 () 貢獻的，現在資金回流，本益比升高，台股開始享受水漲船高效應。謝金河在臉書發文表示，台股指數距離歷史高點大約還差 1000 多點，若是含權值，台股可能早已站上 2 萬點大關，但 12682 點位仍有歷史意義，而今年半導體雙雄領軍，把台股的空間愈撑愈大，大漲，台積電、聯發科這兩檔重型股貢獻大半。今年以來，台積電股價從 225.5 元漲到 311.5 元，漲幅逾 38%，若是再把 8+2 的股息加回去，漲幅更達 42.5%，台積電也把市值撑過 8 兆元以上，在美國的 ADR 漲到 53.55 美元，市值也達 2777 億美元。聯發科今年更可怕，從 229.5 元衝到 434 元，漲幅 91%，若再加上 9 元的息，漲幅更高達 93%，聯發科把市值拉大到 6756 億元，成為全台第 5 大市值企業。不過，謝金河指出，其實台積電、聯發科今年 EPS 成長力道有限，聯發科上半年 EPS 6.2 元，全年如果在 14 到 15 元之間，大致是過去 4 年平均水平，台積電上半年 EPS 4.94 元，前 3 季 8.84 元，全年可能在 13、14 元之間，也就是說這 2 家超級明星企業今年都沒有出現驚人成長，但股價卻大漲，這就是因為本益比的提升。過去台積電本益比落在 13 到 15 倍之間，但現在反應了 25 倍以上的本益比，聯發科則是從 20 倍左右拉升至 33 倍，本益比拉高效應顯著可見，也拉大了台股比價效應，而鴻海 () 因為本益比太低而上漲，廣達 () 狀況也是如此。謝金河表示，這個現象顯示出台股一直以來因為資金外流，逐漸遭邊緣化，單靠外資撑大局，現在資金回流了，本益比升高，台股開始享受水漲船高效應。
577,2019/11/07,傳三星新機將改採3D臉部辨識 業成恐受衝擊,三星手機近期傳出指紋解鎖問題，引發市場對於屏下指紋辨識的資安疑慮，根據外媒報導，三星正考慮調整明年新機種的辨識應用，由屏下指紋辨識改為 3D 臉部辨識，消息一出，也衝擊觸控模組廠業成 GIS-KY() 今 (7) 日股價表現，早盤一度大跌逾 7%，同族群宸鴻 TPK-KY() 也受拖累，跌近半根停板。針對三星可能將明年機種由屏下指紋辨識轉成 3D 臉部辨識 (ToF)，市場認為，若三星調整解鎖技術應用，將衝擊業成接單狀況，對此，業成不評論市場傳言，但近期股價仍受消息衝擊，今更開低走低，早盤一度跌逾 7%，跌破季線、半年線、年線。法人認為，業成今年受蘋果 iPhone 11 不再搭載 3D 壓力感測觸控模組影響，表現相較往年衰退，但在手機新品推出、追單帶動下，10 月營收仍創下今年單月新高，預期屏下指紋辨識仍具未來發展空間，惟現階段資安問題待解決，傳出小米也將有一款新機將搭載屏下指紋辨識技術。而為因應客戶需求，業成日前曾表示，產能調配上將擴增中國自動化生產線，提升超聲波屏下指紋辨識產品產能，預計年底前將由現階段月產能 200-300 萬顆，提升至 500 萬顆。業成 10 月合併營收，達 124.91 億元，月增 4.05 %、年減 31.06%，為今年單月新高，累計今年前 10 月合併營收 982.09 億元，年增 3.5%。
578,2019/11/07,〈大江生醫新佈局〉大江生活橫跨生活與日用品 營收比重目標上看1成,大江生醫 () 旗下子公司大江生活今 (7) 日攜手杜老爺推出「AQUAGEN 藍莓牛奶雪糕」，為首支含有玻尿酸 (TCI633) 的雪糕，董事長林詠翔表示，大江生活橫跨食品、日用品等多元領域，未來每季會推 1-2 項新品，未來有機會能占整體營收比重 1 成以上。林詠翔表示，大江生活利用大江生醫的 500-600 項專利，除應用在保健食品，也打造功能性食品，如這次推出的雪糕，是首支含有玻尿酸 (TCI633) 的雪糕，未來也會以聯名的方式，提升品牌形象，產品則會專注在飲品、烘焙等。展望後市，林詠翔認為，大江生活今年正式對外亮相，目前已與國內業者討論獨家商品販售，美國、中國也正洽談合作，預期未來每季會推出 1-2 項新品，添營運新動能，法人估，大江生活未來將占整體營收比重雙位數。林詠翔表示，大江生醫注重在保健食品、保養品、專利授權等領域，布局 18 年才有現今的成績，而大江生活則可利用現有的專利，拓展至日用品、食品等各項領域，預期大江生活僅需約大江生醫一半的時間，營運有機會追上並成為集團另一隻腳。
579,2019/11/07,〈漢來新品牌亮相〉切入超市火鍋、輕蔬食領域 明年展店將超越今年,漢來美食 () 兩大自創美食街新品牌今 (7) 日正式亮相，分別為超市型火鍋「潮之鍋物」和輕蔬食「五梅先生」，是以既有品牌漢來海港和漢來蔬食延伸出的副品牌，以規模小、高翻桌率優勢搶進市場，漢來美食總經理林淑婷說，二大品牌將成為明年展店主力，同時，最主力品牌「漢來海港餐廳」預計還會再開 1-2 家，「明年展店動能將超越今年」。漢來美食今年僅開 4 家新店點，前三季合併營收年增幅達 8%，法人看好，隨著新品牌搶進市場，加上展店加快，明年業績續衝高可期。林淑婷表示，「潮之鍋物」試營運以來一日翻桌率可達 5 次，高度受消費者的歡迎，不過明年展店不會太快，希望要將營運調整到最好的運作模式，初估先再開 2 家新據點，儘管設定為美食街品牌，但因需要坪數 100 坪甚至上看 150 坪，選點不易，因此，一般百貨商場好的樓層也是可以評估。而五梅先生則設定為展店快速的品牌，預計將新開 3-5 家。至於既有品牌，林淑婷透露，今年漢來海港來客數和營收均成長 6%，占總營收比重高達 51%，看好台灣自助餐市場需求龐大，還有高成長空間，預計還會再新開 1-2 家新據點。另外，漢來上海湯包也會再評估新開店點。漢來美食 11 月中旬將再開 1 家漢來上海湯包，屆時全台共有 17 個品牌餐廳，共計 44 家據點，其中，漢來海港家數最多達 9 家，漢來蔬食 7 家，漢來名人坊 5 家，漢來上海湯包 4 家，漢來軒 (漢來翠園)4 家，以及宴會廳 2 家。
580,2019/11/07,聯詠明年挾雙引擎 外資目標價最高看至260元,外資出具報告指出，驅動 IC 大廠聯詠 () 明年觸控暨驅動整合 IC、OLED 驅動 IC 將繼續成長，雙引擎驅動下，明年營運可望再續強，外資估，聯詠明年營收將維持雙位數成長，突破 700 億元大關，毛利率則成長 3 個百分點至 39%，每股純益上看 16 元，維持買進評等，目標價最高上看 260 元。外資指出，明年市場將迎來兩個趨勢，包括 HD 高解析度需求提升，及功能性手機轉智慧型手機的升級潮，帶動觸控暨驅動整合 IC 的市場持續成長，更重要的是，觸控暨驅動整合 IC 自第 3 季旺季後，銷售單價已趨穩。外資認為，中國 OLED 產能持續開出，加上韓國供應商不構成威脅，聯詠 OLED 驅動 IC 的市占率可望顯著成長，明年上半年前，不會有價格受壓情形，毛利率估將優於觸控暨驅動整合 IC。此外，聯詠指出，COP (塑膠基板覆晶封裝) 需求仍是 2020 年上半年的主流，並預計明年需求約與今年相似，外資也表示，COF (薄膜覆晶封裝) 需求已在今年達高峰。不過，聯詠對大尺寸驅動 IC 展望較保守，預計中國農曆過年或東京奧運有助大尺寸驅動 IC 需求回溫，但截止目前為止，仍沒有相關復甦的跡象，故外資維持 260 元的目標價，同為買進評等。
581,2019/11/07,〈兆利展望〉10月營收續成長 Q4入淡季動能放緩營收估修正,兆利 () 第 3 季純益衝新高，法人預估，10 月動能延續，營收可望優於 9 月，但整季來看，由於年底客戶盤點庫存，單季營收估將季減，不過，法人估，兆利全年每股純益依舊可望維持在 7 元之上。兆利表示，10 月拉貨動能延續，不過 11、12 月估將轉淡，加上年底客戶盤點庫存，整季營收估季減，且去年同期有美中貿易戰提前拉貨的因素，墊高比較基期，使營收呈現年減。進入 10 月下旬急升，法人認為，兆利恐面臨匯損壓力連帶影響獲利，但全年依舊可持平去年水準，每股純益力守 7 元大關。明年來看，兆利在台灣的新廠預計第 1 季投產、泰國產能也預計第 2 季開出，均可望成為營運新動能。兆利第 3 季受惠庫存回沖、產品組合轉佳，加上業外匯兌利益挹注，稅後純益 季增逾 2 成，來到 1.54 億元的單季新高，每股純益 2.56 元則為單季次高，累計前 3 季每股純益 6.18 元，同為歷史次高。
582,2019/11/07,敬鵬前3季汽車板營收比達8成 Q4訂單回溫,今年前 3 季全球車市銷售不振，敬鵬 () 前 3 季營收 135.01 億元，較去年同期衰退，敬鵬主管表示，今年營收衰退，但汽車板占營收比重仍達 8 成，就第 4 季以來觀察，訂單已略見回溫。敬鵬前 3 季營收 135.01 億元，較去年同期衰退 14.36%，目前產能利用率維持 8 成水準，就今年前 3 季產品應用別來看，汽車板占整體營收比重 80%，通訊板 3%，消費電子 5%，工業控制板 11%，其他產品為 1%。汽車板外，敬鵬接單策略上，明年將擴大工業控制板接單，分散產品集中度。就獲利面來看，敬鵬 2019 年第 3 季營收 43.36 億元，雖有部分匯兌損失，但整體仍然處於獲利狀態，而第 4 季的汽車板旺季中，敬鵬己見到訂單回籠，目前在觀察去化的速度急緩，才能夠判斷需求的回溫能否持續。敬鵬目前股價徘徊在 30 元附近，仍然低於第 2 季底的每股淨值的 39.12 元。
583,2019/11/07,玉山證與鉅亨網 共同推出APP下單服務,近年來許多科技公司與金融機構合作，結合新創科技與證券服務，為投資人打造更便利的證券體驗。繼 2019 年 4 月玉山證券與鉅亨網在鉅亨網股市 Talk 中推出「聊天室下單」服務後，6 日宣布加深合作方向，於鉅亨網新聞 APP 中推出「台股下單」服務，同時結合行動財經資訊與證券下單服務，讓投資人看完財經新聞與市場報價後，就能直接進行證券下單，更便利即時的抓緊市場趨勢。鉅亨網是國內知名財經網路媒體，每月超過 400 萬不重覆訪客，許多投資人透過鉅亨網新聞 APP 了解國內外即時財經新聞、查詢市場動態與研究個股資訊。過去投資人從新聞 APP 中獲得股票投資洞見後，需另外打開券商 APP，才能進行下單，有時會因這樣錯失下單時機。導入玉山證券「跨平台證券服務」後，投資人就可直接透過鉅亨網新聞 APP 進行線上開戶與下單交易。讓投資人做出投資決策時，馬上在新聞 APP 內完成下單交易，掌握關鍵交易時機。玉山證券透過「跨平台證券服務」新商業模式，攜手不同策略夥伴合作，發展數位證券服務。繼 2019 年 4 月與鉅亨網在鉅亨網股市 Talk 中推出「聊天室下單」服務後，為了強化行動端用戶體驗與便利性，進而在鉅亨網新聞 APP 推出下單服務。鉅亨網為歡慶 APP 開通證券服務，特別舉辦會員交易滿額活動。只要於活動期間內，於鉅亨網股市 Talk 或鉅亨網新聞 APP，使用證券下單服務，交易滿額累計達活動門檻就可獲得家樂福禮券，共有 5 種滿額門檻。同時，在活動期間內註冊成為鉅亨會員，還可享有財經暢銷書籍的抽獎資格，詳細活動資訊請至下方連結查看。立即下載 鉅亨網股市新聞 APP，享受行動下單的便利iOS：Android :  慶祝鉅亨新聞 APP 開通股票下單，活動詳情：
584,2019/11/07,四大力道強吸資金浪潮 台股修正後仍看俏 年底前上看12000點,台股今 (7) 日漲多拉回，最低一度打到 11574 點，不過仍見低接買盤適時介入，陷入 11600 點保衛戰，至於台股還會不會持續上衝、且對於明年展望，聯邦投信表示，台股受惠轉單效應、台商回流、高股利護身、2020 選舉行情等 4 大力道，台灣國內投資金額已見回升，有助於中長期消費與 2020 年經濟成長，中長期台股表現仍值得期待，年底前上看 12000 點。美國聯準會（Fed）決策向來牽動全球資金流向，上週四 (10/31) 聯準會再度降息一碼至 1.5 至 1.75%，聯邦投信資產管理部主管林建良認為，台灣降息機率不高，因此台、美利差預期將降至 2% 以內，在扣除避險成本後，美債高利差優勢所剩無幾，有利海外資金回流台灣。第 4 季台股投資即將進入尾聲，林建良表示，短期仍受美中貿易爭端影響，加上台股漲多，震盪在所難免，然而面對全球政經局勢不穩的市場，台股有平均 4% 的高殖利率優勢及 2020 選舉行情護身，在資金行情挹注下，相較其他主要股市具有吸金力，預期年底前台股指數高檔震盪，區間約落在 10500-12000 點。2020 投資跟著蘋果走， 5G、環保題材發威儘管全球經濟成長不確定性雖增加，但林建良仍持續看好 2020 年台股表現。林建良表示，2020 年美國總統大選，中美貿易談判將往對經濟衝擊小方向發展，然需觀察實體經濟面變化，由於今年第 4 季基期較高，不排出指數於明年第 2 季有修正可能。推估美國仍有降息空間，倘若聯準會由預防性降息轉為連續性降息，股市將出現大幅回檔壓力。焦點產業方面，林建良直指，2020 年投資台股就要跟著蘋果走，iPhone 周邊商品可望帶動相關供應鏈，股價可望隨之起揚。因 2020 年為 5G 手機上市第一年能率先取得較高供貨比重的相關供應鏈受惠較大，故 2020 年蘋果概念股投資策略以技術能力領先的蘋果概念股為投資重點。而隨著 5G 的發展，預期衍生商機將會帶動人工智慧 (AI) 與物聯網成型，科技未來將改變生活，台股擁有此利基之公司，若掌握機會則將隨產業一同起飛。林建良表示，此外，隨著環保意識逐漸抬頭，汽車電子將起飛，電動車取代傳統汽車成為趨勢。而除了台美選舉行情外，2020 東京奧運題材股如，大螢幕、高階影視屏需求可望提升。整體而言，台股因為已經漲多，投資宜選股不選市，居安思危，才能掌握行情。
585,2019/11/07,橙的前三季獲利年增近190% 今年可望終結連2年虧損,胎壓偵測器大廠橙的 () 公布第三季財報，稅後純益 504 萬元，季減 6%，但大幅優於去年同期虧損 1000 萬元，年增 150%，單季每股純益 0.23 元，呈現連二季獲利態勢；累計前三季稅後純益 537 萬元，優於去年同期虧損 600 萬元，年增近 190%，每股純益 0.25 元，有望終結連 2 年虧損。橙的說明，第三季毛利率自去年同期的 34.90% 一口氣攀升 5.24 個百分點至 40.14%，營業利益率也順利由負轉正至 8.71% 水準，主要歸功於公司自 2018 年起致力落實布局全球 TPMS 利基型市場、研發新世代 TPMS 產品進攻全球 AM 市場等策略，整體產品結構優化的效益發酵。而隨著歐美 AM 和中國客車 OEM 客戶針對橙的 TPMS 系統相關產品，維持穩定的拉貨力道，橙的第三季營收繳出年增 41％的成績。橙的今年前三季歐美市場銷售占總營收比重為 53.44%，中國更持續上升至 11.41%，橙的看好中國重型卡車、客運等大型車輛 TPMS 系統加裝需求的潛在市場機會大，目前已成功打入中國前三大客車廠鄭州宇通，以及北汽福田的主要 TPMS 供應商夥伴。另一方面，在歐美地區，橙的業績來自 AM 市場的 SMP 和歐洲輪胎通路客戶，橙的說明，因握有歐美日台和大陸等國 87 個專利優勢，可提供差異化的 TPMS 產品與服務，成功協助包括輪胎通路、汽車百貨通路等 AM 市場客戶縮減安裝 TPMS 系統產品時間，並整合更多車載相關系統，有效推升訂單能見度和產能利用率。展望第四季，橙的看好隨著歐洲雪胎出貨旺季到來，將帶動歐美 AM 市場的營收續增，並積極執行業務團隊在地化，已建立中國及德國業務團隊，就近執行市場開發與即時售後服務。
586,2019/11/07,台股盤中－獲利了解賣壓出籠 一度跌逾百點摜破11600點,市場觀望美中貿易談判進度，不過台股開始面臨獲利了結賣壓，今 (7) 日下跌 10.16 點開出，隨後開低走低跌破 11600 點，最低一度來到 11552 點，大跌百點，盤面上權值股台積電、鴻海等個股多熄火，拖累大盤表現，不過金融與傳產權值股撐盤，台塑化力守平盤，新光金大漲逾 3 %，預估成交量約 1400 億元。觀察權值股今日表現，台積電股價創高後面臨獲利了解賣壓，呈現盤下震盪，跌幅近 1%，大立光也失守 4700 點大關，跌幅超過 1%，拖累大盤表現，鴻海則在平盤上下震盪。類股表現部分，生技醫療族群成盤面焦點，太景 - KY、晟德、基亞、智擎、雙美、金可 - KY 等皆在盤上表現，另外受惠台商回流利多激勵，營建類股表現也逆勢抗跌，三發地產漲逾半根停板，冠德、國建、長虹、台開、日勝生表現也不俗。遊戲族群表現也不俗，網龍漲逾半根停板，宇峻也漲逾 3%，傳奇、歐買尬、大宇資、智冠、橘子、鈊象也都力守盤上，表現優於大盤，而金融族群中，新光金延續漲勢，今漲逾 3%，中壽、開發金、華票、國票金也都在盤上表現。盤面上弱勢族群，受到三星因資安問題，明年將調整超音波指紋屏下辨識功能，改採 3D 臉部辨識，衝擊觸控雙雄今日表現，GIS-KY 今跳空大跌逾 6%，TPK-KY 也有接近 3% 跌幅。另一方面，IC 設計族群也相對弱勢，神盾跌逾 6%、世芯 - KY、矽創、M31、致新、鈺太、晶新科跌幅都超過 2%。法人表示，台股現階段已來到高檔價位，調節心態恐難避免，建議投資人短線應居高思危，不宜追高，操作上可先行留意上市櫃公司 10 月營收、第 3 季財報公布。
587,2019/11/07,Q4旺季業績回穩 東陽10月營收創3個月來高點,汽車零組件大廠東陽 () 今 (7) 日公布 10 月合併營收 18.08 億元，月增 8.18%、年減 2.19%，創 3 個月來高點，反映 AM 進入旺季拉貨增溫，展望第四季，東陽表示，備貨將持續提供多元產品，以持續推升 AM 需求。東陽前 10 月合併營收 175.77 億元，年減 8.9%，主要是受到中國車市買氣疲軟的影響。就各事業體來看，東陽 AM 事業 10 月合併營收 12.95 億元，年增 8%，創同期次高，前 10 月合併營收 129.52 億元，年增 5%，為今年的業績主要成長動能。隨著時序進入 AM 傳統旺季，東陽表示，備貨將提供更多元且優質產品，以滿足客戶一次購足的需求，有利歐美客戶拉貨力道。而東陽 OEM 事業 10 月合併營收 5.12 億元，年減 12%，前 10 月合併營收 46.25 億，年減 33%，反映中國車市尚處在谷底整理態勢。法人指出，隨著新品開發完成，東陽 AM 動能延續，有助毛利率表現，另一方面，中國車市尚未明顯回穩，不過，受惠獎勵措施推出以及限購令解除，谷底醞釀反彈，使汽車零組件廠 OEM 稼動率可望逐步回穩。
588,2019/11/07,順藥腦中風新藥打入中國 里程碑金上看11億元,順天醫藥 () 宣布，與中國上海醫藥簽署授權協議，產品為急性缺血性腦中風新藥 LT3001，除攜手合作進軍全球市場，也將依臨床試驗進度分批取得里程金，金額最高達 2.6 億元 (約 11.3 億元)，利多消息，激勵今日股價開盤隨即亮燈漲停，來到 32.65 元。順藥表示， 2.6 億元的里程碑金中，包含產品相關資料 3500 萬元，全球第 1 位三期臨床試驗病人收案 3000 萬元，全球三期臨床試驗成功且產出報告 1500 萬元，獲准美國、歐洲或中國任一藥證 1.8 億元，銷售里程金最高達 2800 萬元，及產品未來 6-12% 的銷售權利金。順藥表示，雙方將在中國合作開發 LT3001，另為加速歐、美、日等市場，上藥將提供 LT3001 的中國臨床數據，來運用在後續全球臨床開發。據 WHO 統計，全球每年腦中風人數達 1500-1700 萬人，其中 8 成以上為急性缺血性腦中風，而中國 40 歲以上罹患腦中風人數達 1242 萬人，每年死於腦中風的病患高達 196 萬，且發病率和患病率每年均有提升。順藥表示，LT3001 為創新小分子藥物，適應症為治療急性缺血性腦中風，動物試驗證明，LT3001 具血管再通與降低血流再灌注損傷等效果，目前已獲中國、美國、日本、澳洲、俄羅斯等國專利，估 LT3001 的藥品市場規模可達 150 億美元。
589,2019/11/07,中保成立保創科技 3年後叩關資本市場,中興保全 () 科技集團自今年 7 月正式更名後，全力開發智慧城市、智慧校園、智慧園區等市場。為提升競爭力，集團內「台濼控制工程」、「競日消防」，以及「中保防災科技」3 家公司整併為「保創科技股份有限公司」，中保指出，預估保創科技未來可為集團帶來可觀營收，目標 3 年後掛牌上市。保創科技由董事長林磊帶領，執行長周興國表示，保創扮演串接中保科技和國產實業 () 兩大集團攜手合作的最佳橋樑。其中，國產的建材履歷廣受各大建設公司和廣大消費者信賴，明年第 1 季即將量產具「環保耐震」優異特性的輕質磚；中保則能提供更全面智慧生活服務，也就是，建築物從混凝土澆築、相關建材的使用、機電消防工程建置，到使用中保無限 + 智慧系統，兩大集團作戰，全面搶攻市場。周興國說，保創科技可為業主創造利多，如建立「工地智慧管理平台」，藉由臉部、指紋辨識管制門禁，不只能處理人員管控考勤，就連工地內不同區有多少工人，也可依人員身分如機電、鋼筋、水泥工作分類。另外透過監視系統、車牌辨識，業主可看到每個工地現場與車輛進出實景，達到智慧工地的效率管理。同時，有別於業界處理機電工程時，多將弱電、消防委外分包，導致施工過程中常發生不同系統介面、管線整合上的問題，影響工程進度，甚至發生後續維修保養「找不到廠商負責」的窘境。保創科技將機電、消防、防災整合成一條龍的總包服務，解決工程配合需求等問題。保創科技機電事業處總經理金孝唐指出，中保累積了豐富的智慧建築的機電布建經驗，在弱電監控設備上，可針對安全、影像、物業、停車場等四大面向進行管理，也可以對智慧大樓、環境資通訊進行監控；消防事業處總經理鄧經忠補充，保創科技代理進口火警受信總機，有氣體與撒水泡沫滅火器與即早火災偵測設備，從規劃設計、預算製圖到施工保固，所有消防建置一次到位。此外，保創擁有橋梁監測、水位偵測、地震預警、學校空污監測新風機等技術，並創造業界唯一的「全面向服務」，包括淡海輕軌全線及行政中心、機場的火警受信總機光纖網路聯線、自動滅火設備等、目前正在興建中桃園平鎮第一公有市場與平鎮文化公園地下停車場都是保創科技的實績。此外，也有不少商辦大樓、大型商場等客戶詢問中，包括公共工程、社會宅、智慧宅，還有政府積極推動的危老重建，都是保創科技的目標市場；周興國透露，中保科技集團每年平均打造上百棟智慧建築的堅強實績，預估保創科技未來可為集團帶來可觀營收，目標 3 年後股票上市。
590,2019/11/07,台塑林園氯乙烯廠傳爆炸 2分鐘後撲滅無人傷亡 對營運不致造成影響,台塑 () 林園氯乙烯廠在今 (7) 日凌晨 1 時傳出爆炸，火勢已於發生 2 分鐘後撲滅，台塑表示，全廠安全停車，並未造成人員傷亡，對公司營運不致有影響，但對於造成居民不安，深感抱歉。台塑林園氯乙烯廠在今日凌晨 1 時 8 分，因卸料時氯乙烯槽車安全閥跳脫，發生火災，立即開啟消防灑水，進行滅火隔離防護，火勢已於發生後 2 分鐘內撲滅，全廠安全停車，並未造成人員傷亡，台塑位於林園的其他廠也未受影響。台塑表示，高雄市環保局及環保署毒災中心已入廠，進行空氣及環境品質監測，均未檢驗出空氣污染物，對於造成居民不安，深感抱歉。台塑林園氯乙烯廠原訂 11 月 8 日起，配合中油四輕停車歲修，因此事件將自今日起提前歲修。台塑強調，目前 PVC 及 VCM 仍有庫存， 此次火災事件導致提前歲修，對公司營運不致造成影響。
591,2019/11/07,【新光證券】盤前分析,◆盤勢分析11 月以來台股表現亮眼，在連漲三天之後，多數傳產股出現獲利了結賣壓，使得台股微幅開高後隨即翻黑，所幸金融股表現強勢，配合尾盤蘋概三巨頭表現回神，令大盤有驚無險，日線連四紅，終場收在 11653.07 點，漲 9.04 點或 0.08%，成交額 1611.59 億元。 OTC 指數收在 146.08 點，跌 0.89 點或 0.61%，成交額 418.58 億元。熱錢持續流入，6 日台股震盪走高，連升四日，日量成長逾 3%，技術面步步高升。籌碼方面，內資同步賣超，外資則連 18 日買超，累計今年買超 1755.53 億。低利率時代，市場資金借貸成本低廉，吸引熱錢不斷投入股市，使得台股屢屢創下 29 年高點，在外資偏多操作下，台股有機會沿五日線走高。目前大盤本益比約在 18.5 倍，約 23.2 倍，但仍有許多股票本益比相對低廉，吸引熱錢湧入投資，週三焦點金融股就是其中之一，投資人可選擇獲利穩健，低本益比族群波段分批介入。
592,2019/11/07,盤前財經大事搶先讀2019年11月07日,美國上周首度申請失業金人數德國 9 月工業生產英國央行利率決策法說會：味王、喬福、群光、原相、TPK-KY、中裕、和碩、IEK-KY、環宇、環球晶因擔憂美國政府退休金助長中國經濟成長並損及國家安全，週三 (6 日) 美國多位參議員提出法案，立意限制聯邦退休基金投資中國股票。《路透社》週三 (6 日) 引述消息人士報導，美國總統川普與中國領導人習近平簽署階段協議可能延至 12 月，因為該協議內容與簽約地點仍在討論中。《CNBC》週三也引述消息人士報導，美方致力於在本月中旬前達成協議。對於中國提出，希望台灣可發展成離岸中心，金管會主委顧立雄昨 (6) 日表示，目前不在政策思考範圍，不考慮發展離岸中心；至於中國祭出對台 26 條措施，他直言「一點吸引力都沒有」。台新金控 () 昨 (6) 日舉辦法人說明會，總經理林維俊表示，台新證券持續積極延伸佈局，包括擬與南京紫金集團合資成立證券公司，期成為控股方，希望藉由擴大證券版圖，打造證券成為金控第二隻腳。在日前便傳出美國政府向台灣政府施壓，限制台積電向華為的晶片供應，週三 (6 日)《日經》報導指出，歐洲最大的晶片製造機製造商艾司摩爾 (AMSL-US) 也已經推遲了對中國關鍵半導體設備出貨。
593,2019/11/07,台股盤前－驚驚漲看回不回 未見急漲爆大量前 仍有利多方格局,台股昨 (6) 日盤面上漲多的電子股熄火，改由金融股接棒點火，零星傳產股助攻，終場指數收在 11653.07 點，小漲 9.04 點、漲幅 0.08%，外資連 18 買，台股驚驚漲、看回不回，再度改寫 29 年來波段新高點。分析師表示，未見急漲暴大量、融資大增或轉弱訊號前，都仍有利多方格局。台股昨天走勢震盪，在獲利賣壓回吐下，最低下探至 11601 點，尾盤台積電、鴻海股價紛紛翻紅，台積電收 311 元再創新高，鴻海收在 90.4 元 6 個月高價，大立光收盤站上 4700 元，加上金融股躍升為主流股，金融指數為 1999 年 6 月以來最高，成為台股穩盤主力。外資昨天買超 67 億元，已達連 18 買紀錄，累計買超達 1563.07 億元，今年以來外資累計買超更已達 1755.52 億元。今日觀盤重點，全球前三大半導體製造廠三星、英特爾、台積電搶攻第五代行動通訊（5G）與人工智慧（AI）帶來的龐大半導體晶片商機，英特爾、台積電並提前預告明年資本支出將維持高檔，半導體業新一波資本支出競賽開打，台廠中包括帆宣、家登、精測等，都將受惠此波大廠資本支出擴張商機。人臉辨識技術自蘋果 iPhone 導入後，近年來成為手機生物辨識主流之一，隨三星傳出明年新機將全面導入 3D 臉部辨識應用，市場推測，包括新鉅科、穩懋、宏捷科、全新等供應鏈有望受惠。不過，韓媒報導，三星為避免今年兩款旗艦機首度導入超音波指紋屏下辨識功能，卻爆發資安問題的狀況再發生，明年 S11、Note 11 兩款新機將改採 3D 臉部辨識。三星手機生物辨識方向大轉彎，原屏下指紋辨識模組供應商 GIS-KY 恐痛失訂單。整體來說，台股大盤沿著 5 日線一路攻高，日 KD 在高檔持續鈍化，不過，因短線漲幅相對較大，上漲空間有限，短線上易出現高檔震盪，若能力守在 10 日線之上，台股仍有高點可期。
594,2019/11/07,【日盛投顧】盤前分析,"◆盤勢分析1. 美股漲多後震盪，周三收盤四大指數收盤漲跌互見，僅有  上漲，終場漲跌幅介於 - 0.84%~0.07%；其中，指標股 Tesla 受到信評單位調升評等，股價上漲 2.98% 表現最佳、台積電 ADR 與 APPLE 小幅上揚；美光則下跌 2.05%。此外，高通財報優於預期，盤後上漲超過 5%。2. 周三平盤開出後，因亞股表現不佳，台股一度回測 11600 點，但 12 點過後週選結算，期貨快速拉高的帶動，最終收在 11,653.07 點，上漲 9.04 點，漲幅 0.08%。3. 由以下四個面向檢驗方向及強弱：(1) 均線：股價收盤再創高，短天期均線呈現多頭排列。(2) 量能：12 點過後量能回溫，整日成交量擴增至 1600 億元，為價漲量增架構。(3) 技術指標：日 KD 高檔震盪，短線有過熱的疑慮，慎防技術性調整。(4) 法人籌碼：合計 + 57.94 億元、外資 + 67.78 億元、投信 - 6.02 億元、自營商 - 3.82 億元。4.OTC 指數開高後拉回，收盤下跌 0.61%，表現相對弱勢。目前短線壓力為 150 點大關，短線支撐下方月線的 143.59 點。5. 電子權值：2330 台積電在外資持續買超，周三再創歷史新高價；2454 聯發科受惠 5G 發展趨勢，股價強勢站上 430 元大關。此外，鴻海集團 2317 鴻海股價緩步走高、3481 群創爆量收高，帶動 2409 友達收盤上漲 2.24%。6. 中小型電子：普遍面臨獲利了結的賣壓，但軟體族群 5203 訊連因轉虧為盈，股價出量攻上漲停；3029 零壹營收年 75.24%，股價反彈 4%。2456 奇力新切入 5G 手機供應鏈，新產能陸續到位，股價表現優於同族群。7. 金融股：中美貿易轉佳，部分資金尋求落後補漲的族群，周三壽險為主的金控股領漲，2882 國泰金、2888 新光金、2881 富邦金收盤爆量上漲超過 1.5%。8. 陸企去美化 聯發科 AP 訂單贏高通：中美貿易戰現正持續影響市場，且華為禁令事件後，大陸市場迅速掀起去美化風潮，帶動聯發科出貨不斷成長。據 DIGITIMES Research 分析指出，2454 聯發科受益於中美貿易戰，推升手機應用處理器（AP）第三季出貨量繳出佳績，擠下高通，成大陸最大 AP 供應商。聯發科在高性價比及去美化趨勢帶動下，推動 P65、P90 及 G90 等 4G 手機晶片已經順利攻入 OPPO、Vivo 及小米等陸系品牌的新機供應鏈，帶動聯發科手機晶片在第四季出貨表現續旺的好消息。9. 智邦前十月營收 年增逾三成：2345 智邦公布 10 月營收 46.41 億元，呈月減 22.08％，終結連四個月營收成長以及連二個月創歷史新高的榮景，惟因去年基期較低，年增率仍達到 13.78％，另累計前十月營收 460.1 億元，亦呈年增 34.75％，前 11 月累計營收衝 500 億元在望。10. 南茂前三季淨利 年成長 2.5 倍：面板驅動 IC 及記憶體封測廠 8150 南茂 6 日召開法人說明會，第三季合併營收 53.99 億元，每股淨利 0.81 元，符合市場預期。法說會中公司表示，第四季營運表現會比第三季好，毛利率約與上季相當，記憶體封測接單表現會比面板驅動 IC 封測好。11. 觀盤重點：指數有望沿五日線走強，時序也即將進入公布營收與第三季財報，個股走勢易有大幅波動，操作建議仍不宜追高，仍以逢拉回不破支撐再行布局為主。台股選股方向可留意 IC 設計、運動休閒、內需、5G、PCB、伺服器、車用具有題材等族群，此外金融族群持續增溫，中長期資金可逢低布局。"
595,2019/11/07,◆外資連續5日買超個股,外資連續 5 日買超個股1. 外資連續買超 5 日的股票(2317) 鴻海、(00637L) 元大滬深 300 正 2、(2303) 聯電、(3481) 群創、(2891) 中信金2. 外資連續買超 4 日的股票(2317) 鴻海、(3481) 群創、(00637L) 元大滬深 300 正 2、(2888) 新光金、(00672L) 元大 S&P 原油正 23. 外資連續買超 3 日的股票(2317) 鴻海、(00672L) 元大 S&P 原油正 2、(3481) 群創、(2888) 新光金、(2882) 國泰金4. 外資連續買超 2 日的股票(2317) 鴻海、(3481) 群創、(00672L) 元大 S&P 原油正 2、(2888) 新光金、(2882) 國泰金5. 外資當日 (6) 買超的股票(3481) 群創、(2317) 鴻海、(2882) 國泰金、(2409) 友達、(2888) 新光金
596,2019/11/07,◆外資連續5日賣超個股,外資連續 5 日賣超個股1. 外資連續賣超 5 日的股票(2801) 彰銀、(00632R) 元大台灣 50 反 1、(2409) 友達、(3037) 欣興、(2344) 華邦電2. 外資連續賣超 4 日的股票(00632R) 元大台灣 50 反 1、(2801) 彰銀、(2344) 華邦電、(3037) 欣興、(2313) 華通3. 外資連續賣超 3 日的股票(00632R) 元大台灣 50 反 1、(2344) 華邦電、(2610) 華航、(3037) 欣興、(2801) 彰銀4. 外資連續賣超 2 日的股票(00637L) 元大滬深 300 正 2、(3037) 欣興、(2610) 華航、(2344) 華邦電、(00632R) 元大台灣 50 反 15. 外資當日 (6) 賣超的股票(00637L) 元大滬深 300 正 2、(3037) 欣興、(00633L) 富邦上証正 2、(2344) 華邦電、(00632R) 元大台灣 50 反 1
597,2019/11/07,◆投信連續3日買超個股,投信連續 3 日買超個股1. 投信連續買超 3 日的股票(2313) 華通、(3034) 聯詠、(2317) 鴻海、(3231) 緯創、(2456) 奇力新2. 投信連續買超 2 日的股票(2456) 奇力新、(0050) 元大台灣 50、(2454) 聯發科、(2448) 晶電、(3034) 聯詠3. 投信當日 (6) 買超的股票(2456) 奇力新、(2884) 玉山金、(2886) 兆豐金、(2891) 中信金、(0050) 元大台灣 50
598,2019/11/07,◆投信連續3日賣超個股,投信連續 3 日賣超個股1. 投信連續賣超 3 日的股票(2892) 可成、(6278) 遠東新、(3037) 台達電、(2316) 中信金、(2383) 台積電2. 投信連續賣超 2 日的股票(2892) 第一金、(3037) 欣興、(6278) 台表科、(2383) 台光電、(6285) 啟碁3. 投信當日 (6) 賣超的股票(3037) 欣興、(2383) 台光電、(2892) 第一金、(6213) 聯茂、(1102) 亞泥
599,2019/11/07,【鉅亨-盤前掃瞄】技術面,1.5 日均線 11522.44 點，10 日均線 11425.76 點，20 日均線 11278.43 點。2.6 日 RSI 為 94.05，12 日 RSI 為 87.62。3.20 日乖離率為 3.32。
600,2019/11/07,【鉅亨-盤前掃瞄】基本面,1.06 日交易日以 30.400 兌 1 美元作收，收盤貶 2.9 分，成交值為 8.39 億美元。2. 集中市場 06 日外資買超 131.6 億元，投信買超 0.7 億元，自營商買超 37.6 億元。3. 集中市場 06 日融資餘額較前 1 日減少 4.69 億元，成為 1413.66 億元，融券餘額較前 1 日增加 12655 張，成為 860991 張。
601,2019/11/06,英特磊前3季EPS 1.5元超越去年水準 Q4營運加溫,英特磊 IET-KY() 今 (6) 日公布第 3 季財報，稅後純益 2125.3 萬元，季增 27.25%、年增 209.18%，每股純益 0.58 元，創近 6 季單季新高，累計今年前 3 季每股純益達 1.5 元，更超越去年全年水準，法人預期，在磊晶片、5G 帶動下，英特磊全年高峰將落在第 4 季。英特磊第 3 季營收 1.84 億元，季增 8.68%、年增 9.67%，毛利率 34.8%，季減 0.83 個百分點、年增 4.5 個百分點，營益率 12.63%，季增 0.74 個百分點、年增 10 個百分點；稅後純益 2125.3 萬元，季增 27.25%、年增 209.18%，每股純益 0.58 元，皆創近 6 季單季新高。英特磊累計今年前 3 季合併營收達 5.33 億元，年增 8.9%，毛利率 34.56%，年減 2.01 個百分點，營益率 12.18%，年增 0.62 個百分點，稅後純益 5446.5 萬元，年增 17.3%，每股純益 1.5 元，已超過去年全年 1.42 元的水準。董事長暨總經理高永中日前指出，傳統旺季落在第 3 季，但今年客戶需求有遞延，預期今年旺季高峰將落在第 4 季，包含 20G 與 25G VCSEL 磊晶片訂單持續成長，新產品需求亦增加， 高永中表示，整體環境對科技公司仍存在不確定性，但今年產業狀況較去年健康，部分產品訂單規模已超越去年同期，預期隨著 5G 通訊發展、網通及光通訊產品 HBT、PIN 及 APD 磊晶片等需求仍有很大的成長空間。英特磊 10 月合併營收達 6732.5 萬元，月增 15.94 %、年增 9.47%，也創下近 21 個月單月新高紀錄，累計今年前 10 月合併營收 6.01 億元，年增 8.9%，英特磊也預計於明 (7) 日舉辦法說會。
602,2019/11/06,華擎Q3純益年增逾4成 EPS 1.72元 創5年半新高,板卡廠華擎 () 今 (6) 日公布第 3 季財報，受惠 AMD 新品上市，帶動換機潮與主板需求，華擎第 3 季稅後純益達 2.08 億元，季增 110.47%、年增 44.36%，每股純益 1.72 元，皆創下近 5 年半新高。華擎第 3 季營收 38.68 億元，季增 35.15%、年增 59.01%，為歷史單季新高紀錄，毛利率 17.94%，季減 0.86 個百分點、年減 4.41 個百分點，營益率 7.02%，季增 3.12 個百分點、年增 1.51 個百分點；稅後純益 2.08 億元，季增 110.47%、年增 44.36%，每股純益 1.72 元，皆創下近 5 年半新高。累計今年前 3 季合併營收 95.52 億元，年增 28.3%，毛利率 17.94%，年減 5.79 個百分點，營益率 5.2%，年減 2.15 個百分點，稅後純益 4.03 億元，年減 18.5%，每股純益 3.35 元。華擎表示，今年 7、8 月受惠超微 CPU 新品上市，帶動換機潮與主板需求，預期第 4 季主板需求仍維持高檔，伺服器方面，因客戶有季節性需求，預期第 4 季需求仍維持一定水準，顯卡也可望在超微新品帶動下，需求逐步回升。整體而言，法人認為，華擎第 4 季在主板、伺服器需求推升下，10、11 月營收可望維持高檔，12 月則因假期前夕需求下滑，預期第 4 季營收將下滑 1 成左右，但全年營收仍可突破 130 億元大關，創下歷史新高。
603,2019/11/06,矽創10月營收13.16億元 昇佳占比近4成,驅動 IC 廠矽創 () 今 (6) 日公布 10 月合併營收 13.16 億元，月減 5.25%，年增 39.93%，旗下感測器廠昇佳()10 月營收 5.2 億元，月增 1.67%，年增 76.9%，再創歷史新高，占矽創的營收比重也拉升至 39.51%，月增 2.69 個百分比。矽創 10 月驅動 IC 出貨趨緩，感測器則維持出貨高檔，銷售板塊消長，法人看好，矽創第 4 季受惠高毛利產品的出貨比重較上季提升，有助獲利表現，營收則受驅動 IC 淡季影響，較上季下滑。昇佳今年以 P-Sensor 打入韓系、中系等非蘋陣營的一線大廠，下半年也推出 P-Sensor 結合 RGB 產品，本季已開始放量出貨，預計今年感測器出貨量可達 4.9 億顆，年增約 3 成。矽創累計前 10 月合併營收 113.86 億元，年增 34.84%，昇佳累計前 10 月合併營收 39.34 億元，年增 162%。
604,2019/11/06,前基金經理人疑涉炒股套利 群益投信提告,前群益投信經理人黃常恩因疑似利用負責操盤的基金拉抬私人股票套利，卻導致基金虧損達 2200 多萬元，今天遭台北地檢署搜索，對此，群益投信發布聲明表示，強調此案屬個人行為，並且已向該經理人依違反營業秘密罪提告，對違規行為零容忍。據報導，群益投信前基金經理人黃常恩，遭舉發涉利用人頭戶林彥合名下 3 個帳戶，買進特定 3 檔股票，再透過由他決策下單的「創新科技基金」買入拉抬 3 檔股價，黃男從中獲利約 1500 萬元，卻導致基金績效虧損達 2200 多萬元；台北地檢署今指揮新北市調查處，兵分 8 路搜索並約談黃常恩、林彥合 2 人，另傳喚 5 名證人，全案全案依違反《證券投顧法》背信罪偵辦。對此，群益投信表示，前基金經理人違反從業人員規定，屬個人行為，該公司對經理人違法違規行為「零容忍」，故早已採取從嚴懲處予以免職，並同時委由律師提出告訴追究相關責任，以儆效尤。群益投信強調，媒體報導內容並非事實之全貌，前基金經理人管理群益創新科技基金期間的績效為 + 4.8%，同期間大盤下跌 - 3.9%，且該基金淨值於近期創下歷史新高，並無損及投資人權益。群益投信進一步表示，該公司基金採取團隊運作，且所有投資決策均依照專業判斷與嚴謹投資決策流程執行，並符合相關法令規定，故基金經理人的個人行為對該公司基金運作不會產生任何影響。群益投信表示，該公司投資理念一向秉持為投資人創造最大利益為努力目標，未來亦將秉持一貫嚴謹的風險控管機制，為投資人資產作高規格把關。對於任何散布流言損害該公司聲譽者，該公司將追究其法律責任，以正視聽。
605,2019/11/06,宜特終止連6虧 前3季EPS -1.52元,宜特 () 今 (6) 日公布財報，營益率由虧轉盈，終結本業連 6 季虧損，第 3 季稅後純益 0.17 億元，季增 2300%，也較去年由虧轉盈，每股稅後純益 0.24 元，累計前 3 季稅後虧損 0.97 億元，虧損幅度收斂，每股稅後虧損 1.52 元。宜特第 3 季合併營收 9.51 億元，季增 13.08%，年增 23.51%，毛利率 21.52%，季增 4.97 個百分比，年增 6.62 個百分比，營益率 0.21%，較上季與去年同期由負轉正，稅後純益 0.17 億元，季增 2300%，較去年由虧轉盈，每股稅後純益 0.24 元。宜特前 3 季合併營收 24.69 億元，年增 4.53%，毛利率 16.55%，年減 3.43 個百分比，營益率 - 6.49%，稅後虧損 0.97 億元，虧損幅度收斂，每股稅後虧損 1.52 元。宜特指出，明年隨著 5G 時代到來，驗證分析本業將隨著 5G 晶片發展而受惠，也預計 5G 會是未來中長期的動能，另外，子公司創量因受惠美中貿易戰的轉單效應，營收表現持續向上，預計 2 年後朝 IPO 方向前進。
606,2019/11/06,〈遠傳法說〉5G建置完備需3-4年 明年ARPU值難提升,遠傳 () 今 (6) 日召開線上法說，總經理井琪表示，5G 最快明年年中就可開台，消費者也將陸續換成 5G 手機，有助於推升 ARPU 值(平均每戶貢獻金額)，不過 5G 仍需要 3-4 年發展較為成熟，因此明年 ARPU 值難有顯著效益。井琪表示，據政府規劃 5G 時程，12/10 將展開競標，五家電信業者也均向 NCC 完成遞件作業，並於下周和 NCC 面談，審查各業者對 5G 的建置計畫。井琪指出，第 3 季月租型用戶數已攀升至 534 萬人，季增 0.3、年增 1.6%，此外，iPhone 11 系列新機今年銷售暢旺，電信業者也端出較合理的資費方案，對財務有正向發展。井琪表示，雖然明年 5G 商轉，消費者將陸續轉換 5G 手機，也可望轉向較高的資費，不過 499 低資費的用戶數還是有一定數量，加上 5G 要成熟發展仍須 3-4 年時間，因此明年 ARPU 值難有顯著成長，估整體資費還需至少 3-4 年才可望回溫。井琪表示，因行動語音營收難以提升，未來將力拚降低營運成本，至於 5G 資本支出方面，目前還在規劃中。
607,2019/11/06,〈台新金法說〉台新證攜手南京紫金集團合資公司 拚當第二隻腳,台新金控 () 今 (6) 日舉辦法人說明會，總經理林維俊表示，台新證券持續積極延伸佈局，包括擬與南京紫金集團合資成立證券公司，期成為控股方，希望藉由擴大證券版圖，打造證券成為金控第二隻腳。林維俊表示，台新金為了擴大證券版圖，台新證券持續積極延伸佈局，昨與南京紫金集團完成非拘束性合作備忘錄簽署，雙方將就合資設立證券公司進行研商，倘獲致共識，台新證券實質投資將待主管機關審核通過後才會進行。林維俊表示，依目前台灣主管單位的規定，和中資共同合資成立證券公司，台商資金不得超過 49%。相對台灣法令的限制，大陸主管機關近期在法令上是朝放寬的。正因如此，林維俊表示，希望主管機關進一步放寬，若法令框架可以放寬，以資本額 12 億計算，台新金希望能拿到 51% 的股權，成為控股方。除了對外規劃投資大陸市場外，台新證券也與日本最大的金融科技新創公司 Finatext 合作，在國內領先業界首創專為年輕人設計的投資平台 Necoin APP，並於昨日正式推出；台新證券要藉 Necoin APP 邀年輕人多參與證券市場投資。
608,2019/11/06,〈台新金法說〉銀行尋求印菲併購機會 逢高解套彰銀與否看政府態度,台新金控 () 今 (6) 日舉辦法人說明會，總經理林維俊表示，核心子公司銀行擬瞄準印尼、菲律賓尋求併購機會；此外，針對彰銀案，由於彰銀股價節節攀高，媒體也關切台新是否要逢高解套，對此，林維俊表示，要進要退全看政府態度。台新金今年前三季累計稅後純益 119 億元，年成長 5.9%，每股稅後純益 0.99 元也較去年同期成長 4.2%；在營收表現方面，受惠今年來國際主要金融市場表現佳，故該公司投資交易收入年成長達 31.0%，另因財富管理、法金聯貸、信用卡等業務有不錯的表現，帶動手續費淨收入年成長 6.0%。林維俊表示，台新金控今年前三季各子公司業務表現穩健，核心子公司台新銀行在放款、存款、財富管理、信用卡等主要業務持續穩定成長。其中，法金企業放款年增率達 10.4%，推升總放款餘額較去年同期成長 7.7%，且總存款餘額的年成長率也達 12.1%。財富管理淨手續費收入的年増率亦有 8.1%；在信用卡業務方面，包括發卡量、特店家數、簽帳金額等各項指標均持續成長，特別是簽帳金額年成長達 25.2%。資本結構及授信資產品質方面，台新金控與子公司的資本結構持續穩健，今年第三季金控與銀行子公司的資本適足率分別為 117.2% 及 14.1%；另台新銀行逾放比及覆蓋率分別為 0.17% 及 801.5%。針對海外布局，林維俊表示，越南政府近期積極跟台新要資料，比起過去十幾年來安靜無聲來說更活耀，期望越南分行明年上半年可以開幕；上海辦事處也已經遞件申請，正待大陸核准；馬來西亞納閩分行也已經遞件，正在走程序中，就等馬國同意。接下來希望能設立泰國辦事處，並且會去印尼、菲律賓尋求銀行併購機會，只要價格合適都有機會。此外，台新金跟財政部對於彰銀案訴訟多年，現在彰銀股價離台新買進價 26.1 元越來越近，台新是否考慮洽特定人士出脫持股來幫自己解套？林維俊表示：「我們還是一樣態度，希望政府可以跟我們討論出一個方向，我們願意配合政府，如果政府想要延續當年公股整併政策，我們願意大舉增資併購彰銀；若政府希望收歸彰銀，希望政府可以提出一個合理的退場機制，政府要我們進就進，要我們退就退。」
609,2019/11/06,〈遠傳法說〉營收、獲利均達財測目標 看好5G帶動新經濟業務再成長,遠傳 () 今 (6) 日召開線上法說，總經理井琪表示，營收、獲利均達財測目標，新經濟業務表現也不俗，預期 5G 商轉後，能進一步帶動營運走揚。財務長李聖珉表示，第 3 季營收 214 億元，達成率 100%；稅後純益 21.95 億元，達成率 103%，每股純益 0.67 元，達成率 103%；累積前 3 季稅後純益 66.01 億元，達成率 104%，每股純益 2.03 元，達成率 104%。井琪表示，新經濟累計前 3 季營收年增 17%，占整體營收比重 12%，其中，雲端收入年增 5.47 倍，物聯網收入年增 1.99 倍，資安服務收入年增 65%，系統整合專案收入年增 64%，看好明年 5G 商轉後，新經濟營收可望再成長。遠傳近期與企業、政府合作開發多項專案，如與刑事局利用大數據、人工智慧找出詐騙犯，或與北市府合作取得首家商業實驗網路案，井琪指出，積極爭取大型專案，盼能提升營運比重，此外，物聯網也將爭取更多策略夥伴。展望今年，井琪表示，持續聚焦在年底的 5G 頻譜競標、開台及網路建置等規劃，推動新經濟業務獲利，擴大跨產業的策略結盟。
610,2019/11/06,◆投信連續3日賣超個股,投信連續 3 日賣超個股1. 投信連續賣超 3 日的股票(2892) 可成、(6278) 遠東新、(3037) 台達電、(2316) 中信金、(2383) 台積電2. 投信連續賣超 2 日的股票(2892) 第一金、(3037) 欣興、(6278) 台表科、(2383) 台光電、(6285) 啟碁3. 投信當日 (6) 賣超的股票(3037) 欣興、(2383) 台光電、(2892) 第一金、(6213) 聯茂、(1102) 亞泥
611,2019/11/06,合庫銀犒賞員工 明年可望繼續調薪 幅度上看5%,合作金庫銀行今 (6) 日與工會簽署第 5 次團體協約，董事長雷仲達今 (6) 日受訪時說，今年盈餘預算達標，明年調薪幅度可望達 4%，如果加上明年上路的員工信託持股，估算調薪幅度可望上看 5%。合庫銀在 2005 年 4 月民營化後，曾在當年與合庫銀工會簽訂第一次團體協約，是當年唯一的簽署團協的民營化銀行，2009 年、2013 年、2016 年又陸續修訂團體協約，今天是第 5 次修訂簽訂團協，主要聚焦員工對於職務調整有意見，可在 15 日內進行勞資協商，保障工作權益。合庫銀近兩年連續為員工調薪，去年平均調幅 5.84%，今年調幅也有 4.53%，雷仲達說，今年如果盈餘達到預算目標明年將繼續替員工調薪，粗估調幅約 4% 左右。合庫銀明年也將啟動員工持股信託，由員工按月自行提撥金額，銀行每人每月再相對提撥 1000 元，等於調薪 0.82%，換言之，如今年盈餘達成預算目標，明年調薪幅度合計約 4.82%，甚至進一步上看 5%。雷仲達表示，為配合政府政策改善少子化問題，鼓勵員工生育，銀行的生育補助也從每胎補助 1 萬元提高為每胎 6 萬元，第 2 胎每胎 8 萬元、第 3 胎以上每胎補助金額則拉高至 10 萬元。
612,2019/11/06,◆投信連續3日買超個股,投信連續 3 日買超個股1. 投信連續買超 3 日的股票(2313) 華通、(3034) 聯詠、(2317) 鴻海、(3231) 緯創、(2456) 奇力新2. 投信連續買超 2 日的股票(2456) 奇力新、(0050) 元大台灣 50、(2454) 聯發科、(2448) 晶電、(3034) 聯詠3. 投信當日 (6) 買超的股票(2456) 奇力新、(2884) 玉山金、(2886) 兆豐金、(2891) 中信金、(0050) 元大台灣 50
613,2019/11/06,◆外資連續5日賣超個股,外資連續 5 日賣超個股1. 外資連續賣超 5 日的股票(2801) 彰銀、(00632R) 元大台灣 50 反 1、(2409) 友達、(3037) 欣興、(2344) 華邦電2. 外資連續賣超 4 日的股票(00632R) 元大台灣 50 反 1、(2801) 彰銀、(2344) 華邦電、(3037) 欣興、(2313) 華通3. 外資連續賣超 3 日的股票(00632R) 元大台灣 50 反 1、(2344) 華邦電、(2610) 華航、(3037) 欣興、(2801) 彰銀4. 外資連續賣超 2 日的股票(00637L) 元大滬深 300 正 2、(3037) 欣興、(2610) 華航、(2344) 華邦電、(00632R) 元大台灣 50 反 15. 外資當日 (6) 賣超的股票(00637L) 元大滬深 300 正 2、(3037) 欣興、(00633L) 富邦上証正 2、(2344) 華邦電、(00632R) 元大台灣 50 反 1
614,2019/11/06,◆外資連續5日買超個股,外資連續 5 日買超個股1. 外資連續買超 5 日的股票(2317) 鴻海、(00637L) 元大滬深 300 正 2、(2303) 聯電、(3481) 群創、(2891) 中信金2. 外資連續買超 4 日的股票(2317) 鴻海、(3481) 群創、(00637L) 元大滬深 300 正 2、(2888) 新光金、(00672L) 元大 S&P 原油正 23. 外資連續買超 3 日的股票(2317) 鴻海、(00672L) 元大 S&P 原油正 2、(3481) 群創、(2888) 新光金、(2882) 國泰金4. 外資連續買超 2 日的股票(2317) 鴻海、(3481) 群創、(00672L) 元大 S&P 原油正 2、(2888) 新光金、(2882) 國泰金5. 外資當日 (6) 買超的股票(3481) 群創、(2317) 鴻海、(2882) 國泰金、(2409) 友達、(2888) 新光金
615,2019/11/06,禾伸堂急單挹注 10月營收年減幅收斂 Q4季減5-10%,被動元件業者禾伸堂 () 今 (6) 日公告 10 月營收，雖然受到十一長假影響，單月營收 122.28 億元，月減 3.9%，但受急單挹注，年減幅從第 3 季雙位數，收斂至 1.6%，法人估，禾伸堂第 4 季受惠急單需求，季減幅將收斂至 5-10%。法人指出，禾伸堂第 4 季受惠急單挹注，加上第 3 季基期較低，營收減幅約 5-10%，相較去年同期季減 28% ，明顯收斂，累計前 10 月營收 122.28 億元，年減 13.5%。禾伸堂雖然尚未公布第 3 季財報，但法人看好，受惠稼動率回升，單季毛利率可望回到 20% 以上，每股純益可望來到 1.9 元。至於產能規劃，禾伸堂桃園龍潭廠區擴廠計畫如期進行，預計新廠將於明年下半年完工，待機器設備進駐後，MLCC 月產能將新增 6 億顆，若加上現有的桃園龍潭廠、宜蘭利澤廠共計 10 億顆的月產能，屆時禾伸堂總產能將達 16 億顆。
616,2019/11/06,零組件價格影響 緯穎Q3純益季減逾17% EPS 7.84元,緯穎 () 今 (6) 日公布第 3 季財報，稅後純益 13.69 億元，季減 17.43%、年減 9.4%，每股純益 7.84 元，緯穎表示，第 3 季伺服器出貨量持續增長，但受關鍵零組件價格降低下滑影響，導致純益減少，展望第 4 季，仍看好資料中心客戶需求將好轉，帶動出貨上揚。緯穎第 3 季營收 333.46 億元，季增 21.1%、年減 31.28%，毛利率 7.53%，季增 0.72 個百分點、年增 1.69 個百分點，營益率 5.17%，季增 0.26 個百分點、年增 1.07 個百分點；稅後純益 13.69 億元，季減 17.43%、年減 9.4%，每股純益 7.84 元。緯穎累計前 3 季合併營收 1140.46 億元，年減 15.2%，毛利率 6.77%，年增 0.74 個百分點，營益率 4.7%，年增 0.65 個百分點，稅後純益 42.2 億元，年減 1.8%，每股純益 25.18 元。緯穎表示，第 3 季伺服器出貨量較去年同期成長，但營收受關鍵零組件價格降低干擾，使銷售價格與成本降低，不過整體獲利能力持續提升。
617,2019/11/06,FCCL廠前3季獲利衰退 台虹EPS 2.25元居冠,軟板上游 FCCL 廠陸續公布前 3 季財報，台虹 () 稅後純益 4.69 億元，每股純益 2.25 元居類股之冠，新揚 () 稅後純益為 1.07 億元，每股純益為 1.06 元居次，第 3 名律勝 () 前 3 季每股純益 0.6 元，3 家 FCCL 廠獲利都呈現衰退。台虹今 (6) 日公布 2019 年第 3 季財報營收為 21.74 億元，毛利率 25.98%，季增 0.48 個百分點，年增 3.86 個百分點，稅後純益 1.95 億元，季減 30.5%，年減 18.42%，單季每股純益為 0.93 元。台虹表示，毛利率較上季成長 0.48 個百分點，較去年同期成長 3.86 個百分點，主要是因產品線優化。台虹前 3 季營收 56.24 億元，毛利率 22.25%，稅後純益 4.69 億元，年減 4.66%，每股純益 2.25 元。
618,2019/11/06,台船風電業務再下一城 拿下中能離岸風場二合約,由中鋼 () 和哥本哈根基礎建設基金 CIP 共同開發的「中能離岸風場」，今 (16) 日下午與台船 () 轉投資「台船環海風電工程公司」簽署兩項在地化合約，包含基礎運輸與安裝施工合約、風機運輸與安裝優先承攬商合約，為台船離岸風電業務成長，再添業績新動能。中能離岸風場裝置容量為 300MW，須符合在地化產業政策並於民國 113 年前完成併網作業，此次台船環海取得兩項優先承攬商合約，也為政府推動離岸風電第二階段產業在地化政策，再增添一個亮點。台船環海目前已簽署 CIP 彰芳西島風機運輸與安裝優先承攬合約，及北陸玉山海龍風場大型統包工程優先承攬商合約，今日再拿下中能離岸風場兩項重要合約，業務多角化經營轉型策略逐漸成型。台船環海董事長曾國正指出，明年起風電營收，初步估將占台船總營收比重可達 10-20% 左右。為配合離岸風電發展，包括製造、海事工程、船舶和塗裝等業務成長，台船正推動現有人力職能轉換，且年底前將釋出 200-300 個職缺，明年也還會持續擴編。
619,2019/11/06,統一前3季純益年增9.39% EPS 2.85元,統一 () 今 (6) 日公布最新財報顯示，第 3 季稅後純益 51.47 億元，年增 2.29%，單季每股純益為 0.91 元；累計 2019 年前 3 季稅後純益為 161.93 億元，年增 9.39%，每股純益為 2.85 元。統一第 3 季營收為 1210.82 億元，毛利率為 35.26%，季減 0.11 個百分點，年增 1.16 個百分點，第 3 季稅後純益 51.47 億元，季減 10.8%，年增 2.29%，單季每股純益為 0.91 元。統一前 3 季營收 3433.54 億元，毛利率 35.03%，年增 0.93 個百分點，稅後純益為 161.93 億元，年增 9.39%，每股純益為 2.85 元。統一指出，3 月起加入韓國熊津食品營運，前 3 季食品事業營收較去年同期增加 46.59 億元，成長 4.9%，表現也優於整體營收年增 4%，成長幅度僅次流通事業部年成長 12.5% ，及食糧事業部年成長 7.7%。
620,2019/11/06,兩個因素影響 奇力新10月營收月減6.4%,電感大廠奇力新 () 今 (6) 日公告 10 月營收，受到十一長假以及筆電處理器缺貨影響，單月營收 13.11 億元，月減 6.4%、年減 14%，前 10 月營收 131.9 億元，年減 11.8%。奇力新表示，電感產品受中國長假影響，及筆電處理器缺貨，拉貨力道下滑，導致營收較上月衰退，但與去年同期相比，微幅成長 0.1%，隨著擴大新客戶及市場、產品組合增加，營運可望緩步回升。厚膜電阻同樣受十一長假影響，拉貨動能較低，但 10 月接單有延續 9 月逐步回升趨勢，展望第 4 季，奇力新認為，來自厚膜電阻的營收將持續成長。至於，磁性材料雖然較去年衰退逾 1 成，但奇力新看好，受惠明年車市需求回春，及歐洲客戶市占率提升，需求可望好轉，加上導入自動化設備管理及提升良率，也有助提升接單競爭力。
621,2019/11/06,〈兆利展望〉擬斥1.5億元投資泰國 新產能明年Q2開出,軸承廠兆利 () 今 (6) 日公告，擬斥 500 萬美元 (約 1.5 億元) 投資泰國產能，兆利表示，主要是因應客戶轉移產線的需求，初期先以租廠方式供應客戶需求，最快明年第 2 季投產。美中貿易戰下，兆利的 LCD 顯示器代工客戶將部分產能轉移至泰國，配合客戶產線轉移，兆利也透過子公司旺星控股轉投資泰國。不過，兆利表示，不會立刻購地建廠，將先以租廠、小規模生產方式供應客戶，預計產能最快明年 2 季可先開出來，後續再視所需產能，評估購置土地與建廠。另外，兆利台灣新廠進度也持續進行，預計明年第 1 季開出，以 CNC 車床產能為主要生產線，生產項目以高階產品為主，將成為營運新動能。不只兆利，另一軸承業者信錦 () 也配合下游組裝客戶，增加生產據點，先前公告，斥資 1500 萬美元 (約 4.7 億元)，赴越南設立子公司，產品應用也是以顯示器相關應用為主。
622,2019/11/06,宏碁Q3純益11.76億元年增近3成 EPS 0.39元 創近兩年新高,品牌大廠宏碁 () 今 (6) 日公布第 3 季財報，稅後純益 11.76 億元，季增近 2 倍、年增 29.05%，每股純益 0.39 元，創近 2 年單季新高，法人指出，宏碁多重事業效益逐步發酵，加上創作者系列 ConceptD、新機陸續開賣以及年底購物季需求帶動下，第 4 季動能仍可期。宏碁第 3 季營收 628.7 億元，季增 14.05%、年減 3.76%，毛利率 10.6%，季減 0.17 個百分點、年增 0.05 個百分點，營益率 1.23%，季增 0.17 個百分點、年減 0.56 個百分點；稅後純益 11.76 億元，季增 187.8%、年增 29.05%，每股純益 0.39 元，創下近 2 年單季新高宏碁累計前 3 季營收 1727.01 億元，年減 3.3%，毛利率 10.64%，年減 0.05 個百分點，營益率 1.11%，年減 0.37 個百分點，稅後純益 22.92 億元，年減 8.4%，每股純益 0.76 元。宏碁表示，現今外在商業環境雖具挑戰性，但未來將持續推進建立多重事業引擎策略，預期動能將持續發酵，如安碁資訊 ()、智聯服務、展碁國際公司、安圖斯科技公司、酷碁公司等，其中酷基攜手梵蒂岡天主教共同合作研發的全新穿戴式裝置智慧玫瑰念珠，10 月中發表後也獲全球知名國際媒體關注。宏碁昨 (5) 日也宣布與台灣諾華簽訂合作備忘錄 (MOU)，將運用人工智慧技術，在醫療照護領域進行跨界合作，也是宏碁繼參與美國抗癌登月計劃 (Cancer Moonshot 基因定序項目後，再次踏足生技領域，初期將鎖定在黃斑部退化、糖尿病視網膜病變及心血管疾病等。
623,2019/11/06,南港輪胎Q3純益年增15.6倍 EPS 0.52元 近13季新高,輪胎大廠南港輪胎 () 今 (6) 日公告第 3 季財報，由於仍為傳統旺季，加上產品組合優化，獲利能力提升，稅後純益達 4.16 億元，季增 9.19%，年增 15.6 倍，每股純益 0.52 元，近 13 季新高。前 3 季稅後純益 10.13 億元，年增 4.43 倍，每股純益 1.26 元。南港輪胎第 3 季合併營收 26.83 億元，季減 13.26%，年增 4.8%，毛利率 17.9%，季減 3.42 個百分點，年增 2.11 個百分點，營益率 6.39%，季減 3.46 個百分點，年增 2.51 個百分點；稅後純益 4.16 億元，季增 9.19％，年增 15.6 倍，每股純益 0.52 元。南港輪胎前 3 季累計營收 85.09 億元，年增 6.44%，毛利率 18.99%，年增 2.9 個百分點，營益率 7.32%，年增 2.64 個百分點；稅後純益 10.13 億元，年增 4.43 倍，每股純益 1.26 元。南港目前自有品牌外銷與代工比重，分別為 7 成與 3 成，在兩者產業環境均轉佳之下，加上產品組合調整，且推出新防爆胎、電動車胎等利基型新品助攻，原物料價格也走跌，成本壓力獲緩解，獲利能力提升，今年首季單季就賺贏去年全年，營運並逐季走揚，法人估南港今年 EPS 有機會創近 8 年來新高。
624,2019/11/06,金融股扛撐盤重任  金控雙雄市值單日增加近30億元,台股在站上 29 年來新高後，今 (6) 日受權值股熄火影響，持續在平盤附近整理，漲勢有趨緩跡象，觀察資金動向則有捨棄電子族群改抱金融股，金控雙雄富邦金、國泰金市值合計增加近 30 億元。值得注意的是，金融股氣勢如虹，但台企銀股價卻逆勢走跌，而一年多來積極翻轉台企銀體質的靈魂人物，總經理施建安因緋聞風暴閃電離職，讓台企銀股價逆勢下挫格外受人關注。台股在接連多日站穩 29 年來新高後，今天面臨拉回整理壓力，先前漲多的電子股面臨資金買盤調節，轉進股價偏低的金融股，包括國泰金今天在買盤挹注下，成交量衝上 8 萬餘張，推升股價大漲 3.74%，金控市值增加近 20 億元衝上 5402 億元；富邦金今天股價也有 2% 的漲幅，市值也增加約 9.2 億元，來到 4692 億元。明年即將進行董事改選的新光金，在大股東競相加碼下，推升股價持續攀升，今天同樣搭上金融股啟漲列車，帶動股價上漲 2%，股價收復票面價收在 10.1 元。兆豐金今天在買盤敲進下，股價上漲 1.49% 收在 30.65 元，股價重新站回波段新高，證券龍頭元大金今天股價也有 1% 以上漲幅，收在 19.95 元朝 20 元關卡叩關。受惠於台股指數持續衝高，成交量能回溫，證券股也成資金鎖定標的，統一證上漲 1.85%，康和證也有 2.77% 漲幅。法人表示，10 月外資買超主要鎖定電子、生技族群操作，在台積電、蘋概族群拉抬下，帶領指數持續攻高，電子股在獲利了結賣壓出籠後，面臨漲多拉回壓力，而金控股因股價偏低、有高殖利率題材優勢，成為資金布局新寵。
625,2019/11/06,顧立雄：不考慮發展人民幣離岸中心 中國對台26條沒吸引力,對於中國提出，希望台灣可發展成離岸中心，金管會主委顧立雄今 (6) 日表示，目前不在政策思考範圍，不考慮發展離岸中心；至於中國祭出對台 26 條措施，他直言「一點吸引力都沒有」。中國國際金融公司（中金公司）近日公開建言，在兩岸關係低迷之際，可以建立「滬台通」、「深台通」，以實現兩岸共同市場，並鼓勵中企到台灣發行「寶島債」，以確保台灣發展成為離岸市場。對此，顧立雄表示，設立離岸中心的概念，是像現在香港、倫敦做的，要涉及像是滬港通一樣涉及「兩地通」，還要做清算中心，但是就我國目前對的需要量來看，中國銀行在台北分行就已足以夠因應調度需要，「離岸中心目前不在我的政策思考範圍，不會考慮發展離岸中心。」至於富邦華一銀行擬和大陸中信證券、中信建投證券等券商簽署戰略合作協議，將聯合發行 10 億元的「寶島債」，顧立雄表示，富邦華一作為一個子行，本來就符合發寶島債的資格，對於任何要來台灣的資本市場，發行相關符合規定的債券，「我們都很歡迎」。富邦華一發行寶島債，與台灣是否發展離岸中心，是兩回事不應混為一談。此外，中國祭出對台 26 條措施，顧立雄則認為，跟金融較為有關的是小額信貸、融融資租賃公司等，這些現行多已開放，「我覺得一點吸引力都沒有」。被問及大陸建立科創板的影響，顧立雄表示，科創板和 A 股相同，一樣都要在大陸註冊的企業才可以上板，對台灣的影響就是上市櫃公司在大陸的子公司，且合乎科創板的條件才可申請，之前也有看到試圖申請的案例，但最後仍沒有申請成功。
626,2019/11/06,〈聯詠法說〉OLED驅動IC扮主力 明年上半年出貨超越今年全年,驅動 IC 大廠聯詠 () 今 (6) 日舉辦法說會，總經理王守仁表示，明年 TDDI(觸控暨驅動整合 IC)在手機的滲透率，將提升至少 10 個百分比至 5 成，帶動聯詠出貨量較今年成長，同時，OLED 驅動 IC 明年上半年出貨量將大於今年全年，挑戰 2000 萬套，可望成為明年營運成長主力。王守仁指出，聯詠第 4 季系統單晶片出貨較上季趨緩，大尺寸驅動 IC 則因電視市場持續低迷，成長動能也疲軟，不過，中國品牌廠推出 5G 手機，中小尺寸驅動 IC 成長強勁，營收可望優於上季表現。聯詠估，第 4 季營收約 158-163 億元，季減 3-5%，年增 3-5%，毛利率持穩 30-32%，營益率則為 14-16%。王守仁指出，東奧需求有助電視市場回溫，對電視 8K 滲透率有正向助益，隨著市場主流走向大尺寸，驅動 IC 用量也看增，惟市場接受度有待觀察。隨著 OLED 產能逐漸轉移至中國，聯詠也看好，雖整體市場使用量不變，但中國產能開出後，有助出貨量提升。
627,2019/11/06,智伸科10月營收續創高 汽車出貨維持良好能見度,汽車動力暨安全零組件大廠智伸科 () 今 (6) 日公布 10 月合併營收為 4.51 億元，月增 0.43%、年增 18.15%，續創單月新高，累計前 10 月合併營收達 41.09 億元，年增 12.7%，也創同期新高。智伸科表示，汽車保持良好訂單能見度，帶動產品營收持續增加，而主要客戶去年起，分別針對汽車缸內直噴引擎 (GDI) 系統關鍵零組件新品汽油高壓泵浦本體，陸續通過認證並逐步加入量產。智伸科看好，隨著客戶拉貨力道增強，將拉升動力系統占整體營收比重，可提升毛利率和獲利能力。展望第四季，智伸科看好旗下汽車、醫療雙事業體於旺季期間有機會再繳出亮麗的成績單，其中，汽油高壓泵浦新品的新訂單在第三季已逐步加入量產。隨著醫療手術持續朝結合自動化機械手臂、智慧影像平台和微創等發展趨勢明確，也帶動智伸科旗下包括微創手術器械、外科手術器械等相關高端醫材零組件保持出貨暢旺。目前智伸科旗下汽車零組件產品已布局包括安全、動力和傳動等相關系統，樂觀預期訂單將對公司未來營運創造正面挹注，並站穩汽車最新研發趨勢關鍵合作廠商地位。
628,2019/11/06,宏達電10月營收僅6.6億 月減48% 前10月腰斬年減57%,宏達電 () 今 (6) 日公布 10 月營收，因缺乏手機新品挹注加上 VR 新品營收貢獻不大，營收僅 6.55 億元，月減 48.58%，年減 49.84%，幾乎接近腰斬；前 10 月營收 88.56 億元，年減 57.65%。市場推估，由於宏達電無手機新品亮相，加上 VR 新品 HTC VIVE Cosmos 上市後營收貢獻度仍有限，導致營收下滑。宏達電日前於柏林 The Lightning Conference 宣布，推出全球首款支援節點的智慧型手機 EXODUS 1s，使用者能在智慧型手機上進行交易服務，包括購買、出售、發送、接收、交易等，並陸續在歐洲、台灣、沙烏地阿拉伯和阿拉伯聯合大公國推出，後續將至更多地區發售。5G 方面，台灣區總經理陳柏諭日前表示，產業將因 5G 而開始改變，尤其是 B2B 領域，包括智慧醫療、智慧城市與智慧交通等，內容產業也將大翻轉，如 8K、6D、邊緣運算等，雖然明年年中 5G 可望開台，但應用不會立刻落地，短期難爆發性成長。
629,2019/11/06,〈兆利展望〉Q3與前3季純益同創高 EPS 6.18元,軸承廠兆利 () 今 (6) 日公告第 3 季財報，受惠庫存回沖、加上業外匯兌利益挹注，單季稅後純益 1.54 億元創單季新高，季增 21.1%、年增 8.4%，每股純益 2.56 元則創單季次高，累計前 3 季稅後純益 3.72 億元同步創高，年增 9.3%，每股純益 6.18 元，創次高。兆利第 3 季營收 14.5 億元，季減 3.2%、年減 5.2%；毛利率 24.99%、季增 2.6 個百分點、年增 4.67 個百分點；營益率 8.86%，季增 1.74 個百分點、年增 2.82 個百分點；稅後純益 1.54 億元，季增 21.1%、年增 8.4%，每股純益 2.56 元。兆利前 3 季營收 43.26 億元，年增 4.2%、毛利率 20.6%，年增 3.15 個百分點、營益率 9.64%，年增 2.12 個百分點、稅後純益 3.72 億元，年增 9.3%，每股純益 6.18 元。兆利表示，第 3 季雖然旺季不旺，但受惠第 2 季提列庫存回沖、高階軸承出貨較多，產品平均售價 (ASP) 提升，帶動毛利率表現，加上第 3 季依舊有匯兌利益，業內業外推升下，也推升稅後純益衝上歷史新高。以兆利第 3 季各產品線營收占比來看，筆電應用約占 33%、LCD 顯示器 63%，光纖跟 3C 等其他約占 4%。
630,2019/11/06,卜蜂前3季純益年增近5成 EPS 3.52元 Q4旺季可期,肉品及飼料業者卜蜂 () 今 (6) 日公布最新財報，前 3 季財報稅後純益為 9.4 億元，接近去年全年 9.51 億元，年增 47.94%，每股純益達 3.52 元。卜蜂第 4 季將進入飼料及肉品採購旺季，加上目前大宗物資價格走勢平穩，有助第 4 季旺季營運走勢上揚；同時，卜蜂在雲林斗六設置年產 48 萬噸智慧飼料廠，將在明年第 2 季開出，首期產能達 24 萬噸，將有助明年業績。卜蜂積極進行多角化經營，擴大蛋品、肉品加工、豬肉分切、養鴨等事業，推升營收成長，也有利第 4 季獲利。卜蜂今年第 3 季營收 53.9 億元，毛利率 14.37%，季減 1.82 個百分點，年增 1 個百分點，稅後純益為 3.08 億元，季減 20.99%，年增 27.13%。卜蜂前 3 季營收 155.75 億元，毛利率為 14.97%，年增 1.29 個百分點，稅後純益為 9.4 億元，已接近去年全年獲利的 9.51 億元年增 47.94%，每股純益達 3.52 元。
631,2019/11/06,伺服器、智慧裝置需求旺 英業達10月營收創近14個月新高,英業達 () 今 (6) 日公布 10 月合併營收達 481.76 億元，月增 6.56%、年增 4.26%，創近 14 個月新高，法人表示，英業達受惠伺服器、智慧裝置產品需求優於預期，推升 10 月營收表現，累積今年前 10 月營收 4195.51 億元，年增 0.14%。英業達 10 月筆電出貨 170 萬台，持平上月，英業達表示，原先預期第 4 季出貨量將小幅衰退，但目前有看到客戶因應貿易戰提前拉貨的需求，另外，伺服器、智慧裝置等主要產品線出貨狀況皆優於預期。受美中貿易戰影響，英業達定調今年是產線調整年，日前也申請台商回台計畫，預計斥資逾 48 億元，回台擴建既有龜山與大溪廠房，以將部分受美中貿易戰影響的筆電、伺服器產品產能移到台灣，英業達表示，目前伺服器、智慧裝置年底前產線就會調整完畢，筆電則因產量大、生產人員等問題，預計第 4 季會先完成一部分，明年第 1 季才會全部調整完成。英業達日前也公告表示，將斥資 11.78 億元，向中電 () 購置桃園廠房，擴展伺服器產線，筆電也正規劃在既有廠房旁新設產線，位於歐洲的捷克廠區也將承租新廠辦，擴大伺服器生產，以因應全球貿易戰，英業達預計將於下周二 (11 月 12 日) 舉辦法說會，釋出未來展望。
632,2019/11/06,〈常廣登興櫃〉明年2新品可望取證上市 2021年營收大幅成長,生技股常廣創立自由品牌「LAGIS」，董事長陳政宏表示，今年有 2 項創新型手器械，已送件審查至逾 20 個國家，最快一年內可取得許可證，法人表示，若明年底順利取證，預期 2021 年營收將大幅成長。陳政宏表示，近期推出的產品為「多功能單極沖洗電燒」及「高階雙極止血夾鉗」，優勢在於能讓醫生單手操作手術，未來每年會開發 1-2 項新產品或推出新規格，來提升營運表現。陳政宏指出，兩項新品近期已送件至逾 20 個國家進行認證，包含台灣、歐盟、巴西、韓國等，預計最快 1 年內可望取證。總經理洪塗清表示，韓國將會是最快取得認證的國家，若明年底順利取證，經醫療院所檢驗後，可開始大量出貨並反映在 2021 年營收上，法人表示，利多激勵下，2021 年營運將有大幅度成長。
633,2019/11/06,費玉清告別演唱會貢獻1億元 寬宏藝術全年營收可望衝新高,藝文展演主辦業者寬宏藝術 () 舉辦費玉清 2019 告別演唱會，2 場門票均已售鑿，將貢獻營收約 1 億元，加上第 4 季為傳統演唱會旺季，除費玉清告別演場會外，還有其他 5 場演唱會，從預售情況來看，營運表現可望優於去年同期，第 4 季營運動能強勁，全年營收將改寫新猷，且年增幅可望超過 4 成。寬宏藝術將於今 (6) 日及明 (7) 日，在台北小巨蛋舉辦 2 場費玉清 2019 告別演唱會，且門票已全數售鑿，由於小巨蛋場館可容納 1 萬人，且演唱會門票平均售價較高，將挹注第 4 季營收高達 1 億元。費玉清去年拋出封麥震撼彈後，告別演唱會今年初從台北小巨蛋開跑，一路唱到高雄巨蛋，今晚再次重返台北，總計今年費玉清在台灣共舉辦 10 場演唱會，也成為推升寬宏藝術全年營運再創高的重要動能。寬宏藝術今年前 3 季營收已超越去年全年，而第 4 季為傳統演唱會旺季，除費玉清 2 場演唱會外，還包括日本偶像女團 AKB48、金曲歌王李玖哲、蕭煌奇、詹雅雯 30 周年巡迴演唱會，及星光歌手曾沛慈演唱會等。從各場次預售情況來看，第 4 季營運表現可望較去年同期成長。展望明年，寬宏已敲定重磅音樂劇《歌劇魅影》、《國王與我》登台，合計將近 40 場演出，預計全年展演活動將破百場，營運樂觀可期。
634,2019/11/06,〈常廣登興櫃〉醫材股新兵11/8登興櫃 參考價45元 今年EPS估上看3元,醫材廠常廣 () 將於 11 月 8 日登興櫃，參考價 45 元，董事長陳政宏看好微創手術將是未來趨勢，加上產品已導入各大醫院，並穩定出貨，預期今年營運可望優於去年，法人估，今年每股純益有機會站穩 3 元。據市調機構調查，2021 年全球微創手術市場將達 181 億美元，2016-2021 年複合成長率達 10.2%，陳政宏表示，常廣市占率不算高，因此還有成長空間。常廣營收占比方面，高達 8 成來自腹腔鏡微創手術耗材，包括穿刺套管、沖吸管、氣腹針等；複合式裝置占 10%，如複埠式導入套管組、傷口撐開器、傷口撐開器氣密蓋等；器械及設備占 7%，包括組織夾鉗、鑷子、牽引器等；及檢體袋、手術訓練箱等其他類別則占 2%。展望後市，陳政宏表示，公司產品行銷 50 個國家，台灣、日本市場均穩定出貨，惟歐洲因經濟趨緩影響，營收貢獻較不穩定，但仍是目前最大供應地區。另一方面，近來已開始調整產品組合，整體營運將逐步成長，法人預期，今年營收可望優於去年，全年每股純益上看 3 元。從常廣各地區營收占比來看，歐洲占 29%、日本占 22%、韓國占 12%、中國占 5% 、台灣 21%，陳政宏看好，中國將會是未來成長動能之一，因基期低加上市場潛力大，惟產品許可證較難取得。常廣 9 月營收 3386 萬元，月增 2.76、年增 16.49%；累計前 9 月營收 3.06 億元，年增 5.59%。今年上半年稅後純益 5205 萬元，年增 26%，每股純益 1.95 元。
635,2019/11/06,雲端客戶消化庫存 智邦10月營收月減逾2成,網通大廠信邦 () 今 (6) 日公告 10 月營收，受到雲端客戶調節庫存影響，10 月營收月減 22.1%、年增 13.8%，不過，法人看好，在客戶對新資料中心需求支撐下，智邦第 4 季營收估達 150 億元，年增 15-20%。智邦表示，雲端客戶第 3 季拉貨較多，需要時間消化部分庫存，至於企業端客戶，過往在季初出貨基期比較低，因此影響 10 月營收表現，不過，智邦前 10 月營收 460.11 億元仍為同期新高，年增 34.8%。法人則認為，智邦第 4 季雖然受到 100G 交換器出貨轉淡影響，營收將呈現中個位數季減，但主要客戶對新資料中心需求攀升，依舊支撐營收表現，可望年增近 2 成，且在動能延續下，明年第 1 季營運也將優於今年同期。另一網通大廠中磊 () 也同步公告 10 月營收 29.32 億元，月減 12.1%、年增 1.9%，累計前 10 月營收 251.7 億元，年減 5.6%。
636,2019/11/06,建案熱銷加持 海悅10月營收年增逾6成 創今年次高,全台房產交易加溫，不動產代銷業者海悅 () 今 (6) 日公布 10 月營收 1.57 億元，僅次於 9 月的 1.71 億元，受惠建案熱銷加持，營收創今年次高，年增 61.15%；累計 1 至 10 月合併營收 10.22 億元，年增率達 14.8％，10 月及前 10 月營收雙創歷史同期新高表現。海悅營收成長主要受惠北北桃竹熱銷建案加持，包含新北市新店區「宏普中央公園」、新北市土城區「土城日月光」、桃園市龜山區 A7 的「竹城甲子園」及桃園市中壢區「冠德青璞匯」等包銷個案接單狀況佳，帶動 10 月營收達 1.57 億元，與去年同月相較成長 61.15%。今年下半年國內房市逐漸回溫，成為推升房產代銷業主要成長動能，統計顯示，今年 928 檔期，全台推案量達 5665 億元，較 2018 年成長 85％，主要受惠自住剛性買盤及台商回流需求，刺激建商推案量暴增。 今年大型建商陸續與海悅合作，並進軍中、南部市場全面開發，後續將有高雄「愛上城」、台南「聯上康橋」、皇普建設 () 的台中「皇普莊園」、桃園「永麗花園」及新北市建案「聯合公園」等預約熱絡個案接手，增加總銷案量約 227 億元。展望全年，海悅憑藉大數據聯銷服務系統，透過精準行銷，提升廣告效率，進而推升營業利益率表現，加上新跨足中南部市場，第 4 季銷售展望佳。在轉投資佈局方面，海悅預期未來 3 年將有穩定轉投資收益，包括透過轉投資公司贊富建設投資興建的億元級豪宅建案「敦南寓邸」，已於去年陸續完工交屋，今年認列收益 1.1 億元，2020 年還將有第 2 筆收益入帳，且依目前已銷售戶數推估，轉投資收益將不亞於今年。此外，海悅透過入股聯陞投資進行建案投資，也將在後年與大後年依銷售及工程進度，按持股比率陸續認列股利收益，預計 2021 年將認列建案「河藍灣 Ⅰ」、「英倫花園」，總計完銷金額達 32 億元；2022 年有「河藍灣 Ⅱ」、「日和花園」，總計完銷金額達 29 億元。在自地自建案方面，子公司悅大建設推出位於鶯歌鳳鳴重劃區的「微笑海悅」，目前銷售持續加溫，2021 年將以全部完工法交屋認列；子公司海研建築，將於新莊信華段土地推出「海悅花園」，此建案目前已通過都市審議，預計年底取得建照後進行預售，將於 2023-2024 年完工認列，總銷金額約 15 億元，可為營運增添穩定成長動能。
637,2019/11/06,〈米蘭機車展亮點〉光陽展示電動機車開發技術 電動重機RevoNEX亮相,台灣機車龍頭 KYMCO 光陽今 (6) 日在 2019 年米蘭國際機車大展 (EICMA) 發表 KYMCO i-One 智慧電動機車系列，其中 KYMCO i-One DX 運動版更是首次亮相，等同 125c.c. 的白牌機車定位，同時，光陽也展出全新高性能電動重機 RevoNEX，全力向市場宣示開發電動機車技術。光陽集團董事長柯勝峯表示，i-One 是光陽為滿足不同車主需求，發展出異於油電共用外觀的全新機種，也代表 KYMCO 125cc 等級電動車達到新里程碑，未來除了 i-One，將推出更多重型電動車產品。另一方面，柯勝峯指出，KYMCO RevoNEX 是全電動街跑重機，不僅突破傳統街跑重機的限制，也是首次以電動車平台打造的街跑重機，而非在電動街車的設定中提供高性能，預計 2021 年正式銷售。光陽此次發表的 i-One DX 運動版，由於採用邊掛馬達設計，續航力一口氣提升了 50%，從 60 km(定速 30 km/h) 增加至 90km(定速 30 km/h)，極速方面則從原本的 61 km 提升至 74 km，也增加了 20%，已相當於 125c.c. 的白牌機車。而 i-One 智慧電動機車，設計上是搭載 2 顆 Ionex 電池，為目前業界最輕的電池、僅 6 公斤，力拚透過輕量設計，吸引更多女性客群。
638,2019/11/06,手遊生命週期因素影響 傳奇10月營收月減17% 近6個月低點,傳奇 () 今 (6) 日公告 10 月合併營收 2.86 億元，受到手遊生命週期因素影響，營收月減 17.53%，但仍年增逾 3.03 倍，為近 6 個月低點；前 10 個月累計營收 3.15 億元，年增逾 3.23 倍，續創近 9 年來新高。傳奇以自有遊戲 IP《拉普拉斯的神子》，授權中國簡悅開發日系 MMORPG 手遊《風之國度》，去年 5 月在中國推出，12 月初也在台港澳雙平台上市，今年 4 月並進軍日本市場，寫下亮眼成績，成功拓展海外營運版圖。傳奇表示，《風之國度》上市至今營收穩定，10 月持續挹注集團營收達 2.76 億元，及權利金收入 987 萬元，惟受到手遊生命週期因素影響，使營收較上月衰退，但研發團隊並將持續調整優化遊戲內容，以符合玩家期待及市場需求。除《風之國度》外，傳奇 8 月底也在台港同步推出奇幻美型風格手遊《幻想神域 2》。在《風之國度》動能強勁下，傳奇今年首季終結連 10 季虧損，每股賺 1.52 元，營運轉盈，且今年以來營收幾乎逐月改寫新猷，7 月營收登峰達 3.95 億元，前 10 月累計營收也寫下近 9 年新高紀錄，年增 3.23 倍，營收規模較去年大幅擴增，更成功帶動第 3 季營收續創新高，突破 10 億元大關，季增逾 23%。
639,2019/11/06,〈聯詠法說〉Q3純益季減4.5% EPS 3.34元 前3季賺逾1個股本,驅動 IC 大廠聯詠 () 今 (6) 日舉辦法說會，第 3 季稅後純益 20.31 億元，季減 4.53%，年增 10.43%，每股稅後純益 3.34 元。前 3 季稅後純益 61.25 億元，年增 41.21%，創下歷史新高，每股稅後純益 10.07 元，賺逾 1 個股本，同創新高。聯詠第 3 季合併營收 165.95 億元，季增 1.78%，年增 5.32%，毛利率 31.07%，季減 0.98 個百分比，年減 0.1 個百分比，營益率 14.75%，季減 0.96 個百分比，年增 0.31%；稅後純益 20.31 億元，季減 4.53%，年增 10.43%，每股稅後純益 3.34 元。聯詠前 3 季合併營收 478.47 億元，年增 21.17%，毛利率 31.95%，年增 1.56 個百分比，營益率 15.5%，年增 2.38 個百分比，前 3 季稅後純益 61.25 億元，年增 41.21%，每股稅後純益 10.07 元。聯詠第 3 季受惠 SoC 出貨暢旺，帶動營收創下歷史新高，惟因部分產品售價調整，加上產品組合改變，影響毛利率表現，微幅下滑近 1 個百分點。聯詠 10 月營收 56.35 億元，月增 0.37%，年增 7.48%，連 2 個月創下歷史新高；累計前 10 月營收 534.82 億元，年增 19.56%。
640,2019/11/06,我10月CPI年增率僅0.39%為3個月低點 油料費跌逾1成,主計總處今 (6) 日公布 10 月消費者物價總指數 (CPI) 年增率僅 0.39%，為 3 個月來低點，前 10 月平均年增幅 0.5%，其中，七大類中食物類漲 1.65% 較多，不過，油料費大幅下跌逾 11%，使交通及通訊類整體跌 3.15%。主計總處指出，目前國內物價溫和平穩。主計總處指出，若扣除蔬菜水果，10 月 CPI 僅漲 0.17%，而剔除能源後的總指數 (即核心 CPI) 漲 0.66%。就各類別來看，七大類中以食物類漲 1.65% 相對多，主計總處說明，主要是因水果、蔬菜價格分別上漲 6.63%、1.29%，不過，蛋類價格續跌 16.05%，抵銷部分漲幅。另一方面，由於金飾和珠寶等個人隨身用品價格上漲，雜項類漲 1.17%；而教養娛樂類漲 0.95%，則是因國內外旅遊團費調漲。反觀交通及通訊類跌 3.15%，原因在於油料費、通訊費分別下跌 11.22%、4.94%。按商品性質別觀察，商品類漲 0.04%，其中，非耐久性消費品 (含食物及能源等) 跌 0.17%，半耐久性消費品漲 0.96%，耐久性消費品跌 0.14%；另服務類漲 0.74%，而外食費上漲 1.46%。與鄰近國家 (地區) 相比，前三季我國 CPI 年漲 0.51%，南韓漲 0.4%，日本漲 0.5%，新加坡漲 0.6%，中國漲 2.5%、香港漲 2.8%。
641,2019/11/06,KKBOX整合集團會員、搶攻點數商機 目標明年活躍用戶數翻倍,娛樂生活品牌 KKBOX 今 (6) 日宣布推出全新服務機制 KK ID(KK 帳號)、KK Points 點數回饋機制，整合會員資訊搶攻點數商機，打造音樂娛樂體驗生活圈，KKBOX 總裁李明哲表示，將整合線上與線下娛樂生活，從音樂延伸到娛樂生活 (Lifestyle) 發展，目標明年活耀用戶數翻倍。隨著傳播媒體陸續推出訂閱制服務，李明哲表示，KKBOX 也希望運用自身 15 年的經驗與用戶，打造娛樂生活生態圈，目前 KKBOX 約有 1000 萬活耀訂閱會員，而實質每日活耀用戶數約 100 多萬，今年推出 KK ID 計畫後，預期明年每月活耀用戶數將可達現階段的 2 倍，未來不排除朝訂閱式經濟發展。李明哲表示，KK ID 將串聯集團旗下近 10 個娛樂生活服務與品牌，包含 KKTIX 電子票券服務、KKLIVE、 JUSTLIVE 就是娛樂、KKTV、影音演唱會票務的 KKBOX Prime 會員服務等，預計明年第 1 季將結合 OTT 業者、媒體、雜誌等外部合作夥伴，擴大娛樂生活服務。另一方面，李明哲表示，KKBOX 也同步推出娛樂生活點數回饋計畫 KK Points ，只要於 KKBOX 旗下娛樂服務消費，都可累積 KK Points，各項服務所累積的點數將可運用在 KKBOX 風雲榜、熱門電影、偶像周邊、LIVE 演出、專屬體驗與票券優惠等 6 大領域當中，提升用戶體驗。而面對 Youtube Music 等各品牌相繼進軍音樂串流服務市場，李明哲表示，單就音樂服務來看，各家服務都很類似，未來關鍵還是在於如何從音樂延伸出更多服務、功能，如提供更多資訊、歌手互動等，這也是 KKBOX 在努力做的方向。
642,2019/11/06,散裝市況趨穩 慧洋看明年迎來「有利的經營環境」,散裝航商慧洋 - KY() 營運長趙子隆今 (6) 日指出，貿易戰對散裝市況影響不大，反而是明年限硫令上路，對供需影響比較大，預計接下來多數海運業主將採用低硫油因應，導致老舊船舶加速淘汰，有利供需平衡，而節能船隊因此更具競爭優勢，整體來看，對慧洋而言，「明年是有利的經營環境」。慧洋財務長薛亦駿進一步說明，貿易戰紛雜訊息已發酵 2 年，對散裝市場並沒有明顯影響，反而是環保法規上路影響比較大，預料明年限硫令上路後，大多數航商採用低硫油因應，少數大型貨櫃航商才會採行裝脫硫油的做法。在此種狀況下，慧洋預料低硫油價格將往上走，並導致老舊船舶加速淘汰，薛亦駿說，目前慧洋的因應方式是，旗下 5 艘船已裝脫硫器，其他先採用低硫油。薛亦駿也指出，今年全年預計 61 艘船換約，預期平均租金漲幅為 3.6%，受到上半年市況不穩和舊約基期高兩大因素影響，整體漲幅較不明顯，不過，隨著市場供需日趨穩定，未來換約租金仍有成長空間，可為公司帶來長期且穩定的營收。慧洋規劃，未來主要成長動能將來自於船隊汰舊換新，新造船皆為符合環保法規的節能船，平均毛利率可達 40-50%，今年以來截至 10 月底，已交付 3 艘新船，年底還有 2 艘將待交付。船舶處分方面，今年已處分 4 艘，另有 2 艘船齡 5 年的 Handy，預計分別於 11 月底和 12 月底出售，每艘處分利益估約 46 萬美元，換算挹注每股純益 (EPS) 共約 0.04 元，收益最快第 4 季入帳。薛亦駿說明，以目前的市況來看，賣船對獲利挹注不明顯，主要是公司的經營策略，一方面可增添營運現金流，也藉此讓集團船隊維持輕齡化。
643,2019/11/06,〈綠色金融夯〉綠色債券發行逾700億元 46%瞄準三大再生能源,金管會近年積極發展綠色金融，主委顧立雄今 (6) 日表示，我國綠色債券已發行超過 700 億元，其中有高達 46% 的綠色債券資金用途為太陽光能等三大再生能源。顧立雄今天出席「2019 臺北綠色債券國際研討會」時表示，政府與各單位持續發展綠色債券市場及建立證券市場永續指數，截至 2019 年 10 月底，綠色債券已發行 32 檔合計 738 億元，並且於 2017 年 12 月發布「臺灣永續指數」。顧立雄進一步指出，在面對全球溫室氣體減量趨勢與達成非核家園願景下，政府已規劃 2025 年再生能源發電占比達 20% 的政策目標，積極發展綠色能源，以期調整我國的能源結構。顧立雄表示，據統計，2018 年國際綠色債券資金運用於再生能源的比率高達 35%，今年上半年更超過 40%，而我國綠色債券的資金，亦有高達 46% 的資金用途為太陽光能、離岸風電及水力發電等再生能源項目，可見資本市場對再生能源發展的重要性。
644,2019/11/06,日韓貿易轉單效益顯 上銀10月營收回溫 月增2.38%,工具機大廠上銀 () 今 (6) 日公告 10 月合併營收 14.07 億元，在日韓貿易轉單效益漸顯下，營收月增 2.38%，年減 46.9%；前 10 個月累計營收 176.03 億元，年減 30.52%。上銀集團總裁卓永財日前表示，今年營收第 4 季營運力拚維持第 3 季水準，明年第 1 季雖逢農曆春節，工作天數減少，但在新品出貨挹注下，營運不會比今年第 3 季或第 4 季差，而明年全年在新品出貨放大、加上東南亞建廠設備需求推升下，營運可望優於今年。上銀第 2 季受惠中國客戶拉貨動能增溫，單季稅後純益 8.18 億元，季增 31.94%，年減 47.73%，每股純益 2.72 元。上半年稅後純益 14.38 億元，年減 48.27%，每股純益 4.78 元。上銀將於 11 月 12 日召開法說，公布第 3 季財報。
645,2019/11/06,【日盛投顧】緩步震盪走高,"◆盤勢分析1. 周三平盤開出後，因亞股表現不佳，台股一度回測 11600 點，但 12 點過後週選結算，期貨快速拉高帶動，最終收在 11,653.07 點，上漲 9.04 點，漲幅 0.08%。2. 台股觀盤重點：(1) 均線：股價收盤再創高，短天期均線呈現多頭排列。(2) 量能：12 點過後量能回溫，整日成交量擴增至 1600 億元，為價漲量增架構。(3) 技術指標：日 KD 高檔震盪，短線有過熱的疑慮，慎防技術性調整。(4) 法人籌碼：合計 + 57.94 億元、外資 + 67.78 億元、投信 - 6.02 億元、自營商 - 3.82 億元。3.OTC 指數開高後拉回，收盤下跌 0.61%，表現相對弱勢。目前短線壓力為 150 點大關，短線支撐下方月線的 143.59 點。權值股撐盤，中小型個股漲多拉回1. 電子權值：2330 台積電在外資持續買超，周三再創歷史新高價；2454 聯發科受惠 5G 發展趨勢，股價強勢站上 430 元大關。此外，鴻海集團 2317 鴻海股價緩步走高、3481 群創爆量收高，帶動 2409 友達收盤上漲 2.24%。2. 中小型電子：普遍面臨獲利了結的賣壓，但軟體族群 5203 訊連因轉虧為盈，股價出量攻上漲停；3029 零壹營收年 75.24%，股價反彈 4%。2456 奇力新切入 5G 手機供應鏈，新產能陸續到位，股價表現優於同族群。3. 金融股：中美貿易轉佳，部分資金尋求落後補漲的族群，周三壽險為主的金控股領漲，2882 國泰金、2888 新光金、2881 富邦金收盤爆量上漲超過 1.5%。4. 操作建議：目前台股指數仍沿著 5 日線緩步走高，預期沒有量出跌破 5 日線前，建議仍可偏多操作，選擇標的為 5G、半導體、IC 設計、資產內需。惟短線漲幅個股，慎防盤中快速拉回的風險。"
646,2019/11/06,台股盤後－金融股接棒 台積電、鴻海尾盤翻紅 小漲9點續寫29年新高,在電子股漲多拉回下，台股指數今 (6) 日走勢震盪，最低下探至 11601 點，仍力守 10600 大關，不過尾盤台積電、鴻海買盤進駐，股價翻紅上漲，指數終場收 11653.07 點，小漲 9.04 點或 0.08%，續創 29 年新高，成交量 1592 億元。蘋概三王今日走勢不一，台積電股價連 2 日創新高後，今日早盤熄火，鴻海也因近日強漲，早盤股價同樣走軟壓抑盤勢，不過尾盤買單強勁挹注收紅，大立光在 10 月營收連衝高下，股價也應聲上漲，終場收在 4700 元，上漲 1.84%，為三王中表現最強勢。近日強勢的 IC 設計，今日僅聯發科一枝獨秀，上漲 2.12%，收 434 元，股價續創逾 4 年新高，弱勢個股如致新、立積跌幅達 4%，揚智、矽創、晶相光、虹冠電也有 3% 以上的跌幅。今日盤面焦點轉由低基期金融股接棒，族群出現補漲行情，國泰金強漲 3.74%，新光金、富邦金上漲逾 2%，其餘個股如元大金、兆豐金、中信金也有 1% 以上的漲幅。整體而言，國際貨幣寬鬆政策延續，資金行情仍可期，惟指數來到相對高檔，仍須提防獲利了結，預計在明顯由升轉貶前，台股仍處於多頭格局。
647,2019/11/06,〈綠色金融夯〉銀行對綠能放款破兆元 保險投資電廠近百億元,金管會近年積極發展綠色金融，主委顧立雄今 (6) 日表示，銀行對綠能科技產業放款餘額逾新臺幣 1.1 兆元，且金管會已核准保險業資金投資 8 家再生能源電廠，金額達 98 億元。而綠色債券已發行超過 700 億元。顧立雄今天出席「2019 臺北綠色債券國際研討會」時表示，近年來，由於環境污染、氣候變遷以及資源耗竭等問題，對於人類的生存與發展，帶來巨大的威脅，特別是在巴黎協定簽署後，各國政府紛紛推出相關政策，引導社會資源朝向環境保護的領域匯聚，期望能達到經濟發展與環境永續共榮的願景。台灣身為地球村的一員，同樣也相當重視環保、綠能和節能減碳等永續發展的議題，政府也積極與國際市場接軌。顧立雄說，在綠色金融方面，金管會已將發展「綠色金融」列為最重要的推動政策之ㄧ，於 2017 年擬具了「綠色金融行動方案」，涵蓋「授信、投資、資本市場籌資、人才培育、促進發展綠色金融商品或服務深化發展、資訊揭露、推廣綠色永續理念」等七大面向。其中，有關鼓勵綠色融資與投資方面，顧立雄表示，持續放寬銀行及保險業對綠能產業的授信，以及鬆綁保險業及投信事業投資綠能產業，截至 2019 年 6 月底，本國銀行對綠能科技產業放款餘額逾新臺幣 1.1 兆元，且金管會已核准保險業資金投資 8 家再生能源電廠，金額達 98 億元。顧立雄表示，而在資本市場方面，政府與各單位持續發展綠色債券市場及建立證券市場永續指數，截至 2019 年 10 月底，綠色債券已發行 32 檔合計 738 億元，並且於 2017 年 12 月發布「臺灣永續指數」。在企業 ESG(環境、社會及公司治理) 的永續發展方面，我國於 2010 年訂定「上市上櫃公司企業社會責任實務守則」，並於 2014 年頒布上市櫃公司編制 CSR 報告書作業辦法，目前已有 429 家企業發布 2018 年企業社會責任報告書，除此之外，在公司治理評鑑方面，也加重落實企業社會責任指標項目的評分比重。
648,2019/11/06,〈米蘭機車展亮點〉三陽強打三款歐五環保車+高階重機 搶國際訂單,2019 年米蘭國際機車展登場，國內機車大廠三陽 () 發表三款歐五 (EURO5) 環保機車，以及在台灣剛開賣就開出紅盤的高階重機車款 Maxsym TL，三陽表示，Maxsym TL 將在歐洲上市，代理商目前詢問熱烈，正積極搶國際訂單，看好新車款銷售，將為明年第一季添新成長動能。為因應更嚴格的「歐洲汽車廢氣排放標準 第五期」環保排氣法規即將於 2021 年實施，三陽此次強打三款歐五環保機車，分別為 Maxsym 400i、 Fiddle 和 Symphony。同時，三陽為 Maxsym TL 設立展示專區，展現於歐洲開拓高階重機市場的企圖心。三陽說明， 在深耕台灣放眼全球策略下，這幾年積極拓展海外市場，現階段全球銷售國家已突破百餘國，尤其荷蘭、希臘、以色列和韓國等市場成長快速。在台灣市場上，今年新車表現不俗，新車款 DRG BT 發表至今不到 1 個月，已接獲逾期 2800 張訂單，而首台雙缸旗艦重機 Maxsym TL 自 11 月 1 日預購開跑，首批預購突破 400 台，成為新一波成長動能。
649,2019/11/06,搶救國產車 財部初步同意調降關鍵進口零組件關稅,為提振國產車競爭力，經濟部提出的調降汽車關鍵零組件進口關稅稅式支出報告，財政部長蘇建榮今 (6) 日表示，經濟部的稅式支出報告沒問題，已回覆給經濟部進行法制作業，言下之意財部初步同意調降部分汽車零組件進口關稅。民進黨立委江永昌今天在財委會質詢時指出，今年 8 月國產車市占率首度低於進口車，對國產車市場是警訊，以關稅來說，一顆進口引擎的關稅稅率高達 17.5%，與一台進口車稅率一樣，認為進口零組件關稅過高並不合理。江永昌認為，租稅除考量財政收入與公平外，也要顧慮經濟發展，應協助扶植國內產業，主張如果能適度調降汽車關鍵零組件關稅，將有助於國產車市場發展，呼籲財政部不該再慢下去。值得注意的是，過去對於執政黨減稅政策諸多批評的在野黨罕見的對於調降汽車零組件關稅有共識，國民黨立委費鴻泰也表態支持減免進口車零組件關稅，協助國產車發展，據悉，朝野對於調降汽車零組件關稅已有共識。關務署署長謝鈴媛表示，零組件稅率較低，我國成車與引擎稅率從 2002 年以來都是維持 17.5%，當時維持進口引擎與成車相同稅率，主要是考量引擎是汽車關鍵零組件，希望透過關稅保留國內生產研發空間，但十幾年來我國引擎仍得靠進口，導致外界認為引擎關稅過高。謝鈴媛說，根據經濟部提出的稅式支出報告，原本規劃調降 23 項零組件稅率，最後拍板確定 9 項關鍵零組件稅率調降，稅率從原本的 5% 到 17.5% 調降成免稅至 10%。根據經濟部的稅式支出報告評估，9 項關鍵零組件調降關稅後稅損約 13.26 億元，但營業稅與營所稅收入估計約可增加 13.28 億元，扣除稅損後大約還有 0.02 億元稅收，財政部目前對於稅式支出報告沒有意見，已初步同意。
650,2019/11/06,超眾明年手機熱板產能擴大 營收占比估逾1成,明年 5G 手機散熱需求大爆發，散熱廠超眾 () 預期，明年手機熱板、熱管營收占比將達雙位數，今年底前熱板月產能可達 120 萬片，其中崑山廠年底前小量生產，法人表示，雖然崑山廠對本季營收貢獻不大，但明年產能提升後，將擴大營收表現。資策會預估，今年 5G 手機出貨上看 1141 萬支，2020 年全球將有 170 家電信商提供 5G 商用服務，出貨上看 2.6 億支。超眾表示，5G 手機中，高階手機使用熱板較多，中低階手機則是熱板與熱管併用，營收占比來看，筆電占 36-37%，伺服器占 27%，手機已達 10%，預期明年需求更大，手機營收占比將維持雙位數，因此持續擴展熱板、熱管產能。超眾表示，中國昆山廠以生產熱板為主，由於設備並非向外部購買，規格也不同，今年底前小量生產，對本季營收貢獻不大，法人認為，明年 5G 散熱需求暢旺，產能將提升，有助明年營運添成長動能；台北三重廠區則生產熱板及熱管，目前熱板產能可達 120 萬片，目前暫無擴產計畫。超眾表示，明年營運主要動能仍來自於手機散熱需求，其次為網通、伺服器及筆電。
651,2019/11/06,【群益投顧】金融股接棒維繫指數  高位階類股反壓風險增溫,美股前一個交易日公佈 ISM 非製造業數據優於市場預期，惟投資人對於本月美國和中國第一階段協議的簽署仍保持謹慎態度，科技類股追價買盤意願趨緩，資金轉往金融和能源股，終場四大指數皆在平盤附近作收。今 (6) 台股平盤開出，盤中指標雙王台積電、鴻海高檔震盪，台塑四寶因法說營運展望保守壓抑股價，大盤多於平盤上下震盪，終場小漲 9.04 點，成交量 1592.56 億元，電子股成交比重略為降溫至 70%。盤面以金融股、IC 設計、營建、光通訊、半導體材料設備廠類股表現相對整齊。大盤前兩個交易日呈現跳空上漲，季線正乖離來到近 7%，其中電子指數季乖離更來到 9.9%，由於短線漲勢強勁，技術面和籌碼面略顯過熱，盤面上前波主流且高位階類股面臨反壓修正風險，選股上留意法人資金流向與股價輪動基期，操作上擇強技術型態之族群逢低拉回時短打。金融股漲勢整齊，雖然聯準會今年 3 度降息不利於存放款的利差表現，惟 7、8 月為股利入帳的高峰期，加上去年 9 月份壽險業因單月匯損達 338 億元壓低基期，使得今年 9 月金融股獲利大多呈現年成長。國泰金 (2882) 第 4 季因人壽佈局海外債券時點得宜與政策面調整保險商品結構，有利於資產負債缺口收斂，今年前 9 月獲利已超越去年整年度激勵今日股價勁揚。中信金 (2891) 旗下台壽保第 4 季因未實現損益回升加上銀行端美元部位占比較高，利差收益挹注提供穩定的獲利動能。富邦金 (2881) 獲利隨資本利得挹注，股價逐步墊高挑戰填息價位。兆豐金 (2886) 因今年 7 月受到綠能、潤寅等公司增提呆帳影響獲利，惟兆豐各子公司獲利穩健加上實現海外債券利益，營運表現尚屬平穩。台積電材料設備廠家登 (3680) 今年受惠於極紫外光光罩盒出貨暢旺，今年累計前 3 季合併營收年增 53%，隨光罩傳載產品於 2020 年出貨將是今年的 3 倍成長，激勵今日股價勁揚。半導體檢測場閎康 (3587) 今年累計前 9 月營收年增 21.95%，隨車用電子、5G 驗證需求大增，第 4 季將維持強勁的營運動能。個股焦點中，IC 設計指標股聯發科 (2454) 在 5G SoC 晶片進入量產並於明年導入客戶手機，設計開發進度超乎預期，推動近期股價強勢走高。電子：家登 (3680)、緯穎 (6669)、閎康 (3587)、奇力新 (2456)。非電：鄉林 (5531)、國泰金 (2882)、中鋼構 (2013)、金可 - KY(8406)。本文係研究員對大盤之看法，僅供參考，不做進出依據
652,2019/11/06,【運達投顧】籌碼與結構分析,"昨天美股續創新高，不過此時國際金融卻有些變化是否影響台股攻勢？重點分析如下：1. 美國聯準會上周宣布降息一碼，且 10 月公布的新增非農就業數據遠超預期，推動美股再創歷史新高，再加上美中貿易協商川普考慮撤回部分加徵關稅 1,120 億美元產品，若中美雙方能於 12 月中以前順利簽署貿易協定，對市場的干擾可望稍緩也有利美股與陸股的續強。不過這些利多也造成國際匯率在此出現一些變化，上週聯準會降息後的聲明今年是最後一次降息使得美元上週降息後走貶，但這兩天貶多卻出現升值並且來到 98 美元若是續強對於亞洲貨幣會有走貶的壓力，不過這兩天也開始出現走強升破 7 元關卡因此帶動亞股續走補漲，以此來看就要觀察美元與哪一個多頭會比較強，若美元過強會造成升多有回貶的壓力，若是偏強那麼就還可維持升值趨勢且亞股也還有續漲的空間並帶動台股續攻。2. 上週聯準會說明若通膨未增溫則不會有升息的動作，針對這句話我們提出以北海做為通膨是否增溫的指標，昨天油價上漲來到 62.3 元還未有突破季線的訊號，但以此來看國際股市屢創新高之際也開始帶動物價的上漲，若是油價漲幅過大勢必造成明年聯準會再有降息的機會不大反而還有升息的議題討論，這對股市會有壓抑，所以就油價來看若仍持續偏強那麼也要提防股市會有見高點的風險。3. 昨天金管會公布外資進出狀況最新統計，外資熱錢續 9 月明顯回頭後持續湧入，2019 年 10 月淨匯入 42.81 億美元（約 1301 億元），創 2018 年 1 月以來近 21 個月單月最大量。合計外資 1～10 月為淨匯入約 91.04 億美元（約 2767 億元），外匯存底狂飆外資的匯入與升值有關，前面我們已經提示接下來要看美元與哪一個比較偏強這會影響外資資金的進出，不過昨天台股再創新高時外資期貨多單卻是縮減的減了 4712 口已經來到 5.7 萬口，這裡已經有逢高獲利的跡象，若是此獲利動作持續那麼台股也會有先見高點的風險，所以就外資籌碼面來看這兩個月的持續買超似乎會有減緩的機會所以台股操作不宜過度追高。4. 近日台股屢創新高在結構面上也出現變化，如昨天提示的：1. 市場輪動速度過快，過度追價反而會有誘多的陷阱，如昨天漲矽晶圓今天輪到被動元件若每天上漲的主角不一樣看漲追漲反而會追在高點；2. 在 10 月底我們曾提示若台股衝高的主角在金融，則會有拉金融出電子的現象，漲多的電子股則會有誘多的陷阱，以近日指數仍在上漲但上市櫃下跌的家數卻比上漲家數多這就明顯有拉東出西的現象，所以這裡操作高位階股不要碰資金可以低檔位階股先低接為主。※以上內容由蕭春源分析師 整理提供，投資人於投資前請審慎評估，遵守紀律，嚴設停利停損。"
653,2019/11/06,新光金堂兄弟大買股 經營權前哨戰開打 股價勁揚收復票面價,新光金 () 明 (2020) 年將進行董監事改選，但是新光金董事長吳東進與堂哥新光三越董座吳東興的經營權前哨戰已經開打，受此題材激勵，新光金股價今 (6) 日重返票面價，逆勢強漲超過 2%，最高漲到 10.25 元，午盤成交量已經爆出超過 14 萬張大量。根據股市資訊觀測站統計，新光金董事長吳東進掌控的吳火獅文教基金會、吳東進基金會、新誠投資等控股公司，光是 9 月就大買新光金持股 850 多張；而堂哥新光三越董座吳東興旗下的新光三越和東興投資，更是一個月內就大買新光金達 2.62 萬張，豪擲金額高達約 2.5 億元，目前新光三越是新光金第 2 大股東。吳東進與吳東興堂兄弟之間，早在今年新光三越的經營權之爭打過一戰，主要是因為新光金明年要董監改選，吳東進為了鞏固新光金經營權，才在今年想出先搶下第 2 大股東新光三越經營權的險招。也就是說，從新光金年報來看，吳東進掌控的第一大股東新光醫院，持股 4.28%，若加上新光海洋和個人持股等，總計持股約 6%；吳東進相中新光金第 2 大股東、持股逾 4% 的新光三越，他打的算盤是自己掌控的持股加計新光三越後，就能越過金管會規定的無限徵求委託書 10% 門檻，藉此穩固新光金大位。不料吳東進搶新光三越失利，如今吳東興反過來加碼新光金，挑戰新光金經營權，經營權之爭題材激勵，新光金股價今日重返票面價，逆勢強漲超過 2%，最高漲到 10.25 元，午盤成交量已經爆出超過 14 萬張大量，有機會挑戰今年 9 月下旬的 15 萬 4797 張今年最高量。
654,2019/11/06,信驊明年挾雙引擎 挑戰賺3個股本 目標價上看900元,外資出具報告指出，BMC 大廠信驊 () 明年挾雙引擎，包括資料中心需求回溫，加上 Cupola 360 度相機可望開始貢獻營收，外資估，信驊明年營收將年增逾 15%，每股純益上看 30 元，挑戰賺 3 個股本，維持中立評等，目標價上看 900 元。外資表示，明年資料中心需求回溫，帶動信驊 BMC 晶片出貨量年增 7-9%，同時，英特爾布局更多的 Purley 平台，加上新推出的 Whitley 平台，有助信驊晶片銷售單價攀升。此外，Cupola 360 度相機在今年第 3 季已送樣給 OEM 廠，外資預計，明年出貨量將達 25 套，且其具備較高的銷售單價，Cupola 事業營收年增可望達 5%，外資認為，明年交換器 (Switch)、儲存 (Storage) 及 5G 基地台的需求量將較今年成長 3-5%，有助信驊 BMC 晶片持續成長，且東京奧運即將到來，8K 電視牆的需求可望推升 AV 影音延伸晶片，信驊明年有機會獲得美國網路客戶訂單，故外資目標價維持 900 元。
655,2019/11/06,欣興轉投資軟板廠同泰現增案申報生效 將募集3.96億元,欣興 () 轉投資軟板廠同泰 () 現增案今 (6) 日申報生效，同泰預計發行 3.3 萬張現增股，增資完成後，股本將達 12.62 億元，同泰此現增案預計每股 12 元發行，將募集 3.96 億元資金。同泰此現增案由富邦證主辦，完成後將有助改善財務體質。同泰是欣興、台表科 () 轉投資軟板廠，在台灣、中國揚州都有生產軟板、載板等產能，其中欣興持股同泰 29.12%，台表科持股 18.59%。同泰已公布第 3 季財報，今年第 3 季營收 5.31 億元，毛利率 6.22%，較第 2 季負毛利率表現佳，年減 3.52 個百分點，稅後虧損為 5374 萬元，每股虧損 0.58 元。同泰今年前 3 季營收 17.1 億元，毛利率為 -3.14%，稅後虧損 3.33 億元，較去年同期的虧損 2.23 億元擴大，每股虧損 3.58 元。
656,2019/11/06,浩鑫調整策略接單 今年拚虧轉盈,準系統廠浩鑫 () 近期調整產品組合，選擇高毛利產品代工生產，副總經理石翔麟表示，第 3 季毛利率提升逾 7 個百分點，顯示策略成效浮現，法人表示，在營運策略調整下，預期浩鑫第 4 季營運將持平第 3 季，全年力拚轉虧為盈。石翔麟表示，消費筆電代工將持續以接單高毛利產品為策略，以提升整體水準，並擴大準系統產品接單，目前準系統營收比重已達 55%，消費性筆電代工則為 45%，明年準系統比重將拉升至 6 成以上。法人表示，浩鑫近期積極改善營運體質、調整策略，以接單高毛利產品為主，並擴大準系統產品比重，降低消費性產品受全球景氣影響，預期在策略效應發酵下，第 4 季將持平第 3 季，而依第 3 季營運水準預估，浩鑫全年有機會轉虧為盈。除兩大產品線外，石翔麟表示，浩鑫也積極布局人臉辨識、醫療市場，人臉辨識與客戶的新專案依計畫進行中，目前機場外國人入境通關辨識系統，就是採用浩鑫產品；醫療市場方面，董事會昨 (5) 日也決議在 4.65 億元額度內，將以 2.78 億元取得永肇創投 100% 股權，間接取得暄達 70% 股權，預計交易案年底完成，跨足長照及醫療相關領域。浩鑫第 3 季合併營收 8.53 億元，季增 3.15%、年減 16.03%，毛利率 24.52%，季增 7.05 個百分點、年增 10.72 個百分點，營益率 4.77%，稅後純益達 3730.1 萬元，每股純益 0.11 元。累計今年前 3 季營收 24.69 億元，年減 27.8%，毛利率 20.59%，年增 7.78 個百分點，營益率 -0.76%，稅後虧損 906.7 萬元，虧損幅度收斂，每股仍虧 0.03 元。
657,2019/11/06,群電明年估賺逾半個股本 美系外資按讚目標價75元,群電 () 第 3 季營運報喜，美系外資出具報告，看好群電明年來自筆電、遊戲機、伺服器、智慧音箱的動能充足，上調明年營運展望，獲利表現看俏，估每股純益上看 5.79 元，將賺逾半個股本，重申增加持有評等，目標價由 70 元調升至 75 元。美系外資認為，群電第 4 季受 11-12 月進入傳統淡季，加上第 3 季基期高，預估第 4 季營收季減 12%、年增 6%、毛利率也季減 1.5 個百分點、年增 2 個百分點，每股純益 1.35 元。展望明年，美系外資指出，明年第 1 季受到今年下半年提早拉貨影響，營收估季減 2 成，不過，第 2 季開始，受惠 Type C 在筆電的普及率提高，推升整體出貨量、下半年新款遊戲機推出、伺服器交換式電源市占率提升以及智慧音箱出貨攀升，將帶動營運表現。美系外資也上調群電明年營收，預估可達 360 億元，優於原先預估的 353 億元，且受惠伺服器應用毛利較佳，將帶動毛利率再增加 2 個百分點，明年每股純益將達 5.79 元，可望賺逾半個股本，重申增加持有評等，目標價由 70 元上調至 75 元。
658,2019/11/06,客戶去化庫存 台翰Q3純益季減1成 EPS 0.27元,塑膠射出大廠台翰 () 公吿第 3 季財報，受客戶持續調節庫存影響，稅後純益 2329 萬元，季減 10.5%，年減 42.58%，每股純益 0.27 元。前 3 季稅後純益 5168 萬元，年減 41.18%，每股純益 0.61 元。台翰第 3 季合併營收 6.12 億元，季增 4.83%，年減 24%，毛利率 16.26%，季增 2.34 個百分點，年減 0.26 個百分點，營益率 5.67%，季增 2.11 個百分點，年減 1.18 個百分點；稅後純益 2329 萬元，季減 10.5%，年減 42.58%，每股純益 0.27 元。台翰前 3 季合併營收 17.51 億元，年減 15.63%，毛利率 14.29％，年減 1.01 個百分點，營益率 3.98%，年減 2.29 個百分點；稅後純益 5168 萬元，年減 41.18%，每股純益 0.61 元。台翰表示，受美中貿易戰影響，客戶持續進行庫存調節，導致營收衰退，但受惠東南亞廠區營收比重由去年同期約 74%、提升至 88％，加上積極強化各生產基地產能彈性調配，帶動第 3 季雙率持續成長，惟受所得稅費用認列 1519 萬元影響，侵蝕獲利表現。展望本季，台翰指出，目前菲律賓廠仍處於爬坡成長期，持續優化整體產能，但印表機新機種訂單有持續增加趨勢，可望在明年第 2 季後陸續加入量產，有助推進菲律賓廠營運，且目前也正調整中國東莞廠產能規劃，短期雖會影響營收表現，但待產線達經濟規模，加上獲利能力提升下，營運動能可望升溫。
659,2019/11/06,台股盤中－金融股接棒補漲 電子權值拖累 走跌力守11600點,台股電子權值股今 (6) 日熄火，蘋概三王漲跌互見，台積電、鴻海漲多拉回，僅大立光小漲撐盤，資金明顯挪移到低基期的金融股落後補漲，金融股成交比重超過 1 成，不過在缺少電子權值股奧援下，走跌，一度回測 11600 點，但旋即有低接買盤介入，暫時力守整數大關。台股今日開盤上漲 1.05 點，以 11645.08 點開出，台積電因為漲多熄火，最低回跌 308 元。鴻海 10 月營收創同期歷史新高，早盤呈現走揚，但也因為短線漲多，盤中翻黑，最低跌到 88.9 元。只有大立光連續 3 個月營收創高，股價逆勢走紅，相對強勢撐盤，最高衝高到 4710 元，漲幅超過 1%。其餘電子權值股包括可成、光寶科、廣達、聯電、國巨、南亞科等全數走跌，成為壓盤重心。今天盤面焦點落在金融股，主要是台股今年以來漲約 2 成，但是金融股漲勢明顯落後，因此資金轉進金融股接棒演出，國泰金勁揚超過 2.5%，新光金也強漲超過 2%、重返票面價，富邦金漲逾 1.5%，安泰銀、元大金、中信金、永豐金、上海商銀等都滿面通紅，金融股成交比重超過 1 成，也推升金融指數創 20 年新高。整體來說，台股今天早盤最高攻到 11657.77 點持續攀高，雖然因為電子股熄火而回檔，但是因為金融股強撐，大盤仍力守 11600 點之上，維持高姿態整理，不過多頭力拱金融股，是瞄準其落後補漲，還是再現金融股往往是多頭最後一波掃貨的迷思，後續值得關注。
660,2019/11/06,大江Q3營運落底 Q4新品亮相帶動營運回溫,大江生醫 () 第 3 季獲利不如預期，展望後市，大江表示，近期研發出蜘蛛絲生物纖維面膜膜布，並與歐洲廠商洽談合作，第 4 季有機會亮相，加上保健品新、舊轉換期近尾聲，法人表示，大江本季營收有機會回溫，今年營收年增 3 成目標有望達陣。大江表示，蜘蛛絲生物纖維面膜膜布，是將蜘蛛絲內的基因轉移至微生物，藉此大量生產，且具有彈性、韌性、高含水等特性，已成功商品化，隨時可開始銷售。展望後市，大江指出，蜘蛛絲生物纖維面膜膜布已有歐洲廠商洽談合作，能挹注第 4 季營運動能，法人表示，大江第 3 季營收、獲利均低於市場預期，新品順利上市後，本季營收將回溫，力拚持平第 3 季，今年全年獲利可望優於去年。海外市場方面，大江近期積極拓展美國市場，現已擴編銷售團隊，並開始銷售保健食品，加上基期低，估營收占比將提升至雙位數。中國市場部分，大江指出，目前占整體營收 7 成，雖然外界認為中國市場有消退跡象，但中國仍是全球最大的保健市場，不會刻意降低訂單。大江生醫第 3 季稅後純益 3.6 億元，季減逾 4 成，每股純益 3.04 元；累積前 3 季稅後純益 16.08 億元，年增 41.8%，每股純益 13.6 元。
661,2019/11/06,蘋果主板移向全類載板製程 郭明錤點名SE2訂單將流向臻鼎,中國天風證券分析師郭明錤看好臻鼎 () 後市，最新出具的報告指出，蘋果新手機主板製程已全面由 Any-layer HDI 改為類載板 (SLP) ，明年春季蘋果將發表的 iPhone SE 2 ，主板就由臻鼎及欣興 () 負責。郭明錤指出，在訂單挹注下，臻鼎、AT&S 與欣興明年上半年表現可望受惠，預估明年上半年蘋果 iPhone SE 2 在全球至少有 2000 萬台銷量。郭明錤先前發布的報告指出，明年下半年蘋果推出的新機，將全部支援 5G，並增加使用 10-15% 類載板，價格提升 30-35%，臻鼎可望受惠。就現在的 3 款 iPhone 11 系列，其中高單價 MPI 下天線，郭明錤也指出，由於供貨商東山精密無法順利出貨，臻鼎 () 將受惠並增加訂單。
662,2019/11/06,搶攻音樂串流服務商機 YouTube Music在台上線,搶攻音樂串流服務商機，YouTube 今 (6) 日宣布， YouTube Music 免費音樂串流服務正式在台上線，同時推出訂閱式付費會員 Premium 服務，市場預期 Youtube 因擁有龐大的影音資源、用戶觀看習慣，將快速打入市場。Youtube 表示，台灣是華語音樂的重鎮，對音樂創作者、表演者來說，YouTube 是推廣內容的重要平台，因此推出 YouTube Music，提供官方專輯、單曲、混音、現場演出、翻唱、演出者電台等分類項目，也推出個人化功能，包含智慧搜尋功能，依據情境量身打造推薦內容，如健身、通勤等，也推出發燒影片播放清單，讓使用者可以隨時掌握時下音樂脈動。Youtube 指出，透過 YouTube Music、YouTube Music Premium 與 YouTube Premium 在台上線，將為台灣使用者帶來更佳的串流影音體驗，也期望為台灣音樂內容發行商、表演者、創作者打造出更完善、可盡情發揮創意的影音創作環境，為台灣內容產業注入活力，同時協助將華語音樂推廣至全世界。觀察市場上已推出的音樂串流服務平台，包含 KKBOX、Spotify、APPLE Music、LINE Music，可見各大品牌皆看準串流音樂服務商機，並提供付費加值服務，如今 YouTube 也挾帶龐大的影音資源搶進串流音樂市場，預期將造成品牌重新洗牌。
663,2019/11/06,合晶Q3營運落底 Q4緩步回溫估營運持平,矽晶圓廠合晶 () 看好，第 3 季營運已落底，第 4 季雖將逐步回溫，但復甦力道有限，營運估與第 3 季持平，並看好明年上半年整體市場需求將逐漸好轉。合晶第 3 季每股純益 0.6 元，為近 6 季低點，不過，合晶看好，第 3 季營運已落底，第 4 季起將緩步回溫，但目前看來，復甦力道初期不會那麼強勁，估第 4 季營運將與第 3 季持平。合晶指出， 8 吋矽晶圓表現仍疲弱，看好整體需求將在明年上半年好轉。合晶第 3 季受到客戶持續去化庫存影響，需求不佳，單季稅後純益 3.08 億元，季減 18.9%，年減 54.86％，每股純益 0.6 元，為近 6 季低點。前 3 季稅後純益 11.68 億元，年減 15.66％，每股純益 2.29 元。
664,2019/11/06,政府專案帶動 全訊10月營收創高 前10月超越去年,全訊 () 公布 10 月合併營收達 9114.2 萬元，月增 43.9%、年增 106.6%，受惠中科院訂單能見度佳，加上外銷客戶驗收進度加快，創下歷史新高，累計前 10 月營收達 4.42 億元，年增 48%，已超越去年全年水準，預期國防、功率放大器 (PA) 需求將持續推升成長動能。展望未來，全訊表示，今年以來受惠來自中科院的訂單能見度佳，加上外銷金額同步成長，目前外銷比重約占整體營收的 2 成，隨著客戶驗收進度加快，加上中科院採計畫性出貨，目前對於第 4 季訂單掌握度較為明確，預期第 4 季與全年營收都將再創新高。全訊進一步表示，在政府國防自主的施政方針下，公司訂單能見度高，來自海外的國防軍事領域訂單也穩定成長，未來規劃將擴大商用市場，計畫於明年設立新廠，用於擴大功率放大器 (PA) 模組組裝產能，目前功率放大器模組除出貨給中科院外，也已打入印度、以色列與俄羅斯等國家的國防體系供應鏈。全訊為砷化鎵 (GaAs) 整合元件公司 (IDM)，長期專注於高頻微波 (0-40GHZ) 領域，涵蓋從晶圓設計、製造、封裝測試到後段的功率放大器 (PA) 模組組裝，目前約 9 成營收來自國防軍事領域，商用市場，則以應用在無線區域網路與安全監控系統為主，並投入 5G 小型基地台所需毫米波功率放大器產品。
665,2019/11/06,華東Q3大賺 前三季轉正 全年有轉機,記憶體第三季市況佳，後段封測廠也受惠，繼封測大廠力成 () 第三季營運繳出佳績後，另一間封測廠華東 () 第三季營運也轉正，單季賺贏上半年，根據華新 () 公布的財報顯示，華東前三季純益 11.7 萬元，等於第三季純益 2.03 億元，單季賺贏上半年，也創近二年來單季新高，全年在第三季帶動下也可望翻正，第四季表現料將持穩。記憶體今年市況不如去年，不過年初至第三季止，需求頻頻優於廠商預期，DRAM 位元出貨量持續成長，只是受原廠去化庫存，價格反向走弱，但對封測廠而言，位元出貨量增加，有助稼動率拉升與營運。根據華新麗華最新公布的第三季財報顯示，華東前三季稅後純益為 11.7 萬元，扣除上半年虧損 2.02 億元，代表華東第三季單季稅後純益就達 2.03 億元，單季賺贏上半年。華東主要客戶之一華邦電第三季財報表現不俗，營收 134 億元，季增 11.7%，毛利率 26.49%，營益率 3.69%，皆優於第二季，稅後純益則達 5.9 億元，每股純益 0.15 元，營運表現持穩，帶旺華東出貨顯著成長。在記憶體需求支撐下，後段封測廠財報表現不俗，力成第三季單季獲利創近四季高點，每股純益 2.06 元，華東第三季單季也大賺逾 2 億元，一舉弭平上半年虧損窘境。展望後市，力成看好未來二季營運不淡，第四季將持續成長，明年首季更將創同期新高，華東對第四季展望也正向看待，法人估全年在第三季營運翻正帶動下，有機會維持小幅獲利。華東產品以利基型、行動記憶體居多，供貨客戶涵蓋台、美系記憶體廠，前者包含南亞科與華邦電，後者以美光為主，其中華邦電、南亞科今年營運持穩向上，後段封測廠營運也同步受惠。
666,2019/11/06,【新光證券】盤前分析,◆盤勢分析十月營收報喜、企業財報亮眼、雙 11 題材進入倒數、美中貿易戰露曙光，美企出售零件給華為指日可待，推升華為概念股走強，並帶動 5 日台股開高走高，在汽車、半導體及零組件股大漲逾 1% 下，大盤順利站上 11600 點關卡，終場收在 11644.03 點，漲 87.18 點或 0.75%，成交額 1562.19 億元。 OTC 指數收在 146.97 點，漲 0.98 點或 0.67%，成交額 430.12 億元。外資賣力大買，5 日台股持續上演驚驚漲行情，日線連三紅，日量維持 1500 億以上大量，技術面持續延燒。籌碼方面，三大法人同步買超，其中外資僅 17 日買超。著眼於基本、技術及籌碼面展望皆樂觀，近期陸續展開重量級法說會，台股有機會沿五日線走高，選股方面可留意十月營收創新高、第三季財報表現亮麗的公司波段操作。
667,2019/11/06,歡慶鉅亨新聞APP開通股票下單！交易滿額最高獲得2000元禮券！,歡慶鉅亨新聞 APP 開通股票下單，於活動期間內完成下列 2 活動內容並，即可享有 2 種好禮獲獎資格。活動日期： 2019/11/6 起至 2019/12/31活動登錄表單：獲獎通知：鉅亨將依照下方說明寄送獲獎通知至您的會員 Mail，確認領獎資訊：領獎回覆期限：領獎回覆期限為發送獲獎通知的十天內 (含假日)，逾期回覆或因留存聯絡資料錯誤導致無法通知，則視同放棄領獎資格，得獎人不得有異議。獎項寄送日期：注意事項：
668,2019/11/06,台股盤前─權值股急拉墊高指數 外資這個操作讓市場放不下心,台北股市 5 日在鴻海、台積電及大立光等權值股持續上漲，推升指數走高，尾盤指數急拉收在 11644.03 點，成交值 1528 億元，由於指數的乖離日益加大，但現階段包括外資獲利了結賣壓不容忽視。證券分析師黃漢成指出，台股震盪向上格局將不變，雖有外資持續買超的加持，但不利因素包括昨日外資期貨市場期貨淨多單口數減少 4712 口，也為台股後市埋下重大變數。國泰證期顧問處協理簡伯儀也說，目前指數與季線乖離過大，指數恐引來進一步修正壓力。今晨收盤的美股指數方面，下跌 3.65  點，或 0.12%，收 3074.62 點。指數上漲 1.48 點，或 0.02%，收 8434.68 點。美股上漲 30.52 點，或 0.11%，收 27492.63 點。指數上漲 3.23  點，或 0.19%，收 1730.15 點。尖牙股僅 Alphabet 獨強。Netflix () 下跌 1.65%；蘋果 () 下跌 0.14%；臉書 () 下跌 0.21%；亞馬遜 () 下跌 0.16%； Alphabet () 上漲 0.14%。半導類股漲跌互見，科銳 () 上漲 3.53%；博通 () 上漲 2.96%；高通 () 上漲 0.43%；英特爾 () 下跌 0.10%；賽靈思 () 下跌 1.28%。現階段上市櫃公司陸續發布 10 月營收及第 3 季財報，黃漢成說，如大立光公布 10 月營收為 66.26 億元，再創歷史新高，連續 3 個月登巔峰，月增 0.45%，年增 27.2%，對於 11 月營運走勢，大立光仍樂觀看待，但此一消息面來看，市場判讀為中性。而鴻海 10 月營單月營收 5958.82 億元，月增 1.38%、年增 1.04%，也同期歷史新高。黃漢成說，台股仍處於多頭格局，目前來看，仍將震盪向上。
669,2019/11/06,【日盛投顧】盤前分析,"◆盤勢分析1. 美國 10 月 ISM 優於預期，但中國敦促美國取消更多關稅引發談判變數，美股狹幅震盪四大指數呈現漲跌互見，終場四大指數收盤漲跌幅介於 - 0.12% 至 + 0.19%，其中以指數相對強勢。台積電 ADR 上漲 0.11%。2. 量價及技術面：量能：成交量維持在 1,500 億以上，後勢下跌須量縮，反彈則須量增。均線：下檔支撐為 11,400 點附近，上檔壓力 11,800 點附近。技術指標：KD 在 80 以上超買區，短線偏多但須提防過高拉回。觀盤指標股：2330 台積電能否守穩 5 日線持續創新高。3. 上漲 0.67%，收在 146.97 點。短線支撐為 143 點附近，壓力為 148 點附近。4. 觀盤重點：台股週二再創新高點，持續沿五日線走強，均線多頭排列，櫃買 OTC 指數漲幅漲幅相對集中市場少，短線上外資熱錢持續以買超權值股拉抬指數，後續若要持續挑戰新高點，觀察電子及傳產權值股的強弱，且成交量必須要再放大，不宜出現量價背離。選股方向可留意半導體、蘋概、TWS、汽車零組件、資產營建、生技等族群。5. 股王 3008 大立光昨（5）日公布 10 月合併營收 66.26 億元，連續三個月創新高，月增約 0.5%。3008 大立光表示，目前產能仍滿載，依訂單看來，11 月拉貨動能就算下滑，幅度也不會太大。3008 大立光營收已連續四個月成長，10 月營收年增 27%；前十月營收 490.13 億元，年增 15%。法人預期，3008 大立光 11 月營收仍可維持相對高檔，全年每股純益有望首度突破 200 元大關，改寫新猷。6.「台塑四寶」昨（5）日舉行業績說明會，1326 台化副董事長洪福源表示「雙 11」行情失靈，多數石化品價格持續下滑，他下修 1326 台化第 4 季營收展望，從原先預估第 4 季營收優於第 3 季，下調至「第 4 季營收比第 3 季略低」。7. 受惠中國客戶轉單效益持續發酵，IC 設計廠 4968 立積昨（5） 日公布 10 月營收 3.01 億元，月增 6.1%，連五個月創新高。4968 立積 10 月營收年增 36.8%，累計前十月營收 22.16 億元，年減 2.08%。8.4915 致伸昨（5）日公布 10 月營收達 93.62 億元，月增 0.2%，連三個月創新高，市場看好本季在聲學新品出貨帶動下，營收有望連二季改寫新猷。公司對於本季營收及獲利樂觀看待，除轉投資 Tymphany 耳機需求旺，帶動營收動能外，車載智慧相機再添新案，也為本季營運添利多。"
670,2019/11/06,盤前財經大事搶先讀2019年11月06日,法說會：台新金、聯詠、遠傳、聚碩、南茂股東會：三竹《南華早報》週二引述消息人士報導，如果川普想要達成貿易協議，中國需要美國在取消關稅方面做出更堅定的承諾。此外，多家中國官媒還提到，若要川習簽署階段性協議，關稅人川普須同步「按比率」撤銷關稅。台塑四寶召開業績說明會，四寶中僅台塑、台塑化受惠歲修廠數減少，第 4 季營收可望較第 3 季成長，台塑、台化則點出美中貿易協議、美中新產能開出等，都將影響石化產品景氣表現，且市場正處於有量無價的局面，台化也認為，大部分石化產品價格都還未落底。鴻海 () 公告 10 月營收，在 iPhone 新機熱銷下，單月營收 5958.82 億元，月增 1.38%、年增 1.04%；前 10 月營收 4.2 兆元，年增 2.99%，單月、前 10 月雙創同期新高，法人預估，在 iPhone 新機熱銷下，鴻海第 4 季營收可望挑戰 1.9 兆元單季新高。財政部原先規劃本會期推動修法的四大法案，由於適逢預算會期，官員透露，除印花稅修正草案已送交立法院外，其他包括權證避險交易稅調降、復康巴士免貨物稅延長，以及惡意重大逃漏稅加重罰則等三項法案，幾乎篤定無法在本會期完成三讀。在外資積極作多下，台股指數昨 (5) 日上攻至 11644.03 點，啟發投顧分析師李永年認為，資金面偏多的環境下，到明年大選前台股可望持續上漲，短線可鎖定證券股波段操作，長線則可布局低基期、高殖利率的金融股搭上這波選舉行情。
671,2019/11/06,◆外資連續5日買超個股,外資連續 5 日買超個股1. 外資連續買超 5 日的股票(2317) 鴻海、(00637L) 元大滬深 300 正 2、(2303) 聯電、(2330) 台積電、(2891) 中信金2. 外資連續買超 4 日的股票(2317) 鴻海、(00637L) 元大滬深 300 正 2、(2303) 聯電、(00633L) 富邦上証正 2、(2330) 台積電3. 外資連續買超 3 日的股票(2317) 鴻海、(00637L) 元大滬深 300 正 2、(00672L) 元大 S&P 原油正 2、(00633L) 富邦上証正 2、(2303) 聯電4. 外資連續買超 2 日的股票(00672L) 元大 S&P 原油正 2、(2317) 鴻海、(00637L) 元大滬深 300 正 2、(3481) 群創、(2888) 新光金5. 外資當日 (5) 買超的股票(2317) 鴻海、(00672L) 元大 S&P 原油正 2、(00637L) 元大滬深 300 正 2、(2888) 新光金、(3481) 群創
672,2019/11/06,◆外資連續5日賣超個股,外資連續 5 日賣超個股1. 外資連續賣超 5 日的股票(2801) 彰銀、(2409) 友達、(00632R) 元大台灣 50 反 1、(3481) 群創、(2344) 華邦電2. 外資連續賣超 4 日的股票(2801) 彰銀、(00632R) 元大台灣 50 反 1、(2409) 友達、(3481) 群創、(2344) 華邦電3. 外資連續賣超 3 日的股票(2801) 彰銀、(00632R) 元大台灣 50 反 1、(2344) 華邦電、(2409) 友達、(2610) 華航4. 外資連續賣超 2 日的股票(00632R) 元大台灣 50 反 1、(2801) 彰銀、(00673R) 元大 S&P 原油反 1、(2610) 華航、(2344) 華邦電5. 外資當日 (5) 賣超的股票(2303) 聯電、(2610) 華航、(2504) 國產、(3231) 緯創、(2890) 永豐金
673,2019/11/06,◆投信連續3日買超個股,投信連續 3 日買超個股1. 投信連續買超 3 日的股票(2313) 華通、(2317) 鴻海、(3034) 聯詠、(3231) 緯創、(6269) 台郡2. 投信連續買超 2 日的股票(2313) 華通、(3231) 緯創、(2317) 鴻海、(3034) 聯詠、(2382) 廣達3. 投信當日 (5) 買超的股票(2448) 晶電、(2313) 華通、(0050) 元大台灣 50、(3034) 聯詠、(2308) 台達電
674,2019/11/06,◆投信連續3日賣超個股,投信連續 3 日賣超個股1. 投信連續賣超 3 日的股票(6153) 台聚、(2892) 世紀鋼、(8046) 健策、(2316) 聯發科、(2345) 矽格2. 投信連續賣超 2 日的股票(2892) 第一金、(2316) 楠梓電、(6278) 台表科、(2392) 正崴、(2345) 智邦3. 投信當日 (5) 賣超的股票(2892) 第一金、(6278) 台表科、(6285) 啟碁、(2392) 正崴、(2376) 技嘉
675,2019/11/06,【鉅亨-盤前掃瞄】技術面,1.5 日均線 11467.88 點，10 日均線 11384.42 點，20 日均線 11242.53 點。2.6 日 RSI 為 94.20，12 日 RSI 為 87.52。3.20 日乖離率為 3.57。
676,2019/11/06,【鉅亨-盤前掃瞄】基本面,1.05 日交易日以 30.371 兌 1 美元作收，收盤升 3.4 分，成交值為 8.14 億美元。2. 集中市場 05 日外資買超 131.6 億元，投信買超 0.7 億元，自營商買超 37.6 億元。3. 集中市場 05 日融資餘額較前 1 日減少 4.99 億元，成為 1408.97 億元，融券餘額較前 1 日增加 15640 張，成為 848337 張。
677,2019/11/05,健和興10月營收重回3億元之上 Q4營收估達9億元,連接器端子業者健和興 () 今 (5) 日公告 10 月營收，受惠華為布建 5G 基地台步調加速，單月營收重返 3 億元，來到 3.13 億元，月增 11.5%、年增 1.6%，法人估，在中國加速布建基地台帶動連接器需求增加下，健和興第 4 季營收估將達 9 億元。健和興前 10 月營收 25.68 億元，年減 1.9%，法人看好，隨著中國 5G 基地台建設加速放量，預計第 4 季營收可持續向上，重返 9 億元，全年營收上看 35 億元。展望明年，法人看好，華為基地台布建持續加速，海內外預計出貨 150 萬套，加上貿易戰的去美化效應下，也將推升健和興明年電工及綠能產品出貨表現可望呈現雙位數的成長。至於車用產品方面，法人認為，無論四輪或兩輪，都朝向電動化發展，美系電動車客戶以及台系電動機車客戶都將於明年推出新品，均可望推升明年營運，預計明年每股純益可望重回 3 元之上。
678,2019/11/05,iPhone熱銷 鴻海10月、前10月營收雙創同期新高,鴻海 () 今 (5) 日公告 10 月營收，在 iPhone 新機熱銷下，單月營收 5958.82 億元，月增 1.38%、年增 1.04%；前 10 月營收 4.2 兆元，年增 2.99%，單月、前 10 月雙創同期新高，法人預估，在 iPhone 新機熱銷下，鴻海第 4 季營收可望挑戰 1.9 兆元單季新高。鴻海 10 月營收以三大產品線月增幅度來看，消費性電子產品 (Consumer) 成長最多、通訊類產品 (Communication) 其次、運算類產品 (Computing) 居末，而 iPhone 被歸類在消費性電子中。若以鴻海 3 大產品線年增幅度來看，同樣是消費性電子產品成長最多、通訊類產品其次、運算類產品居末。鴻海預計將於 13 日召開法說會，而近期，外資也紛紛出具法人報告，普遍看好在子公司營運升溫、iPhone 暢銷下，鴻海第 3 季毛利率可望回升至 6% 以上的水準，每股純益可望達 2 元以上。而第 4 季來看，以往為鴻海營運高峰，法人預估，單季營收可望挑戰 1.9 兆元的歷史新高，獲利率以及純益也可望進一步攀升，全年每股純益可望達 8.5 元以上。
679,2019/11/05,四大稅法修正案 財部評估本會期完成三讀機率渺茫,財政部原先規劃本會期推動修法的四大法案，由於適逢預算會期，官員透露，除印花稅修正草案已送交立法院外，其他包括權證避險交易稅調降、復康巴士免貨物稅延長，以及惡意重大逃漏稅加重罰則等三項法案，幾乎篤定無法在本會期完成三讀。財政部曾在 8 月下旬時透露，規劃在本會期推動包括：權證避險交易降稅、印花稅廢止、復康巴士免貨物稅免徵延後落日，以及有關重大逃漏稅加重罰則的稅捐稽徵法修正等四大財稅法案修正。財政部賦稅署今 (5) 日舉行「流金稅月 賦譽典藏」展覽記者會，官員受訪時表示，預定本會期送審的四大法案中，目前僅印花稅已送立法院排審外，其他三案目前仍未送到立院排案待審。明年元月 11 日即將舉行總統與立委選舉，由於本會期適逢立院預算審查會期，加上會期即將隨第 9 屆立委任期結束，官員指出，基於屆期不續審的原則，包括復康巴士免貨物稅延後落日、逃漏稅刑責修法以及權證造市交易降稅等法案今年送交立法院審查機率頗低，更遑論完成三讀。另外，引發地方政府強烈反彈的印花稅廢除修法，目前雖已送交立法院等待排審，但至今財政委員會仍未排案審查，有關人士分析，印花稅因缺乏替代財源，引發地方與在野黨反彈，執政黨可能考量對選情的影響，不敢貿然行動，預估本會期完成三讀機率不大。
680,2019/11/05,〈聯亞法說〉Q4估將持平Q3 看好明年5G成長動能,光通訊廠聯亞 () 今 (5) 日舉辦線上法說會，展望未來，財務長楊吉裕表示，矽光產品客戶拉貨仍有不確定性，但預期 11、12 月狀況將逐步改善，電信產品需求則持續增溫，估第 4 季表現將持平第 3 季，明年則可望受惠 5G 帶動基地台、25G 單晶片產品需求，成長動能可期。楊吉裕表示，第 3 季受單一矽光客戶拉貨不如預期，加上部分新產良率、毛利率偏低，影響毛利率約 2-3%，整體營運表現低於預期，但客戶調整拉貨是 2-3 個月短期現象，且新品良率逐步改善，預期 11、12 月營運可望緩步回復以往水準。展望第 4 季，楊吉裕表示，矽光產品仍有不確定性，但電信 (Telecom) 產品出貨可望增加，估營收將持平第 3 季，隨著 5G 基地台陸續出貨，加上新產品新客戶目前皆照計畫進行中，動能可望自第 4 季延續至明年。展望明年，楊吉裕表示，200G、400G 產品需求穩定，客戶 100G 產品調整完畢，用於 5G 的 25G 單晶片產品正持續與客戶驗證中，因驗證時間約需 3-6 個月，預期明年首季客戶產品可小幅量產，明年第 1 季營運將較往年好。為因應未來 5G 需求，聯亞去年啟動興建二廠，楊吉裕表示，廠房、相關機台已完成建置、進駐，目前共 27 台機台，正在進行客戶認證、試產，預期年底就可以開始投產，明年將依客戶需求評估是否再添購設備。面對市場出現 10G 超頻使用，楊吉裕表示，推測是因為 5G 上路時程快，25G 產品無法支應，加上貿易戰影響，中國希望有更多當地供應商供應產品，因此先採用 10G 超頻開始，以因應基地台建置，預期將是短期之內過渡現象，未來 5G 仍將以 25G 產品為主。
681,2019/11/05,台股攻上11600關卡 兩大低基期族群漲勢可期,在外資積極作多下下，台股指數今 (5) 日上攻至 11644.03 點，啟發投顧分析師李永年認為，資金面偏多的環境下，到明年大選前台股可望持續上漲，短線可鎖定證券股波段操作，長線則可布局低基期、高殖利率的金融股搭上這波選舉行情。台股今天在三大法人同步買超下，終場上漲 87 點，在昨 (4) 日站上 11550 點關卡後，在台積電、鴻海領軍下攻上 11600 點，短短兩個月內大漲逾千點，站上 29 年來新高。李永年指出，外資持續買超台股 1400 億元、連 16 個交易日買超下，指數續創高，短線難免面臨技術性修正，預估指數攻上 11800 點後恐面臨短線賣壓，但由於台股是政府政績之一，預估在明年元月總統大選前，政策利多加持下，台股漲勢可望延續。李永年表示，電子族群幾乎漲多，此時進場恐有追高風險，短線可鎖定證券股，原因是證券股股價偏低，隨著台股指數持續衝高、成交量回溫，加上部分個股漲多推升成交量可望帶動券商獲利成長，推升股價走揚。另外，股價偏低、有殖利率題材的金控股，可視為長線布局標的，10 月外資主要鎖定電子族群布局，隨著部分個股漲多，研判資金可能出電子股轉抱基本面佳、高殖利率的金融族群。在 ETF 部分，陸股及原油相關 ETF 也可伺機進場，在陸股部分，李永年說，隨著美中貿易談判轉趨樂觀，並可望在 11 月中旬簽署初步協議，加上 MSCI 即將在 8 日調高陸股權重並於 27 日生效，陸股可望受惠於資金行情拉抬漲勢。
682,2019/11/05,◆投信連續3日賣超個股,投信連續 3 日賣超個股1. 投信連續賣超 3 日的股票(6153) 台聚、(2892) 世紀鋼、(8046) 健策、(2316) 聯發科、(2345) 矽格2. 投信連續賣超 2 日的股票(2892) 第一金、(2316) 楠梓電、(6278) 台表科、(2392) 正崴、(2345) 智邦3. 投信當日 (5) 賣超的股票(2892) 第一金、(6278) 台表科、(6285) 啟碁、(2392) 正崴、(2376) 技嘉
683,2019/11/05,◆投信連續3日買超個股,投信連續 3 日買超個股1. 投信連續買超 3 日的股票(2313) 華通、(2317) 鴻海、(3034) 聯詠、(3231) 緯創、(6269) 台郡2. 投信連續買超 2 日的股票(2313) 華通、(3231) 緯創、(2317) 鴻海、(3034) 聯詠、(2382) 廣達3. 投信當日 (5) 買超的股票(2448) 晶電、(2313) 華通、(0050) 元大台灣 50、(3034) 聯詠、(2308) 台達電
684,2019/11/05,◆外資連續5日賣超個股,外資連續 5 日賣超個股1. 外資連續賣超 5 日的股票(2801) 彰銀、(2409) 友達、(00632R) 元大台灣 50 反 1、(3481) 群創、(2344) 華邦電2. 外資連續賣超 4 日的股票(2801) 彰銀、(00632R) 元大台灣 50 反 1、(2409) 友達、(3481) 群創、(2344) 華邦電3. 外資連續賣超 3 日的股票(2801) 彰銀、(00632R) 元大台灣 50 反 1、(2344) 華邦電、(2409) 友達、(2610) 華航4. 外資連續賣超 2 日的股票(00632R) 元大台灣 50 反 1、(2801) 彰銀、(00673R) 元大 S&P 原油反 1、(2610) 華航、(2344) 華邦電5. 外資當日 (5) 賣超的股票(2303) 聯電、(2610) 華航、(2504) 國產、(3231) 緯創、(2890) 永豐金
685,2019/11/05,◆外資連續5日買超個股,外資連續 5 日買超個股1. 外資連續買超 5 日的股票(2317) 鴻海、(00637L) 元大滬深 300 正 2、(2303) 聯電、(2330) 台積電、(2891) 中信金2. 外資連續買超 4 日的股票(2317) 鴻海、(00637L) 元大滬深 300 正 2、(2303) 聯電、(00633L) 富邦上証正 2、(2330) 台積電3. 外資連續買超 3 日的股票(2317) 鴻海、(00637L) 元大滬深 300 正 2、(00672L) 元大 S&P 原油正 2、(00633L) 富邦上証正 2、(2303) 聯電4. 外資連續買超 2 日的股票(00672L) 元大 S&P 原油正 2、(2317) 鴻海、(00637L) 元大滬深 300 正 2、(3481) 群創、(2888) 新光金5. 外資當日 (5) 買超的股票(2317) 鴻海、(00672L) 元大 S&P 原油正 2、(00637L) 元大滬深 300 正 2、(2888) 新光金、(3481) 群創
686,2019/11/05,廣越Q3純益衝新高 季增近3成 前3季每股賺9.59元,羽絨成衣代工廠廣越 () 今 (5) 日公告第 3 季財報，進入旺季下，稅後純益來到 6.72 億元歷史新高，季增 29.7%、年增 8.9%，每股純益 6.5 元也為歷史次高；前 3 季稅後純益 9.91 億元，年增 32.5%，每股純益 9.59 元，也登上歷史新高。廣越第 3 季營收 67.9 億元，季增 68.2%、年增 10.5%；毛利率 17.8%，季減 2.4 個百分點、年減 1 個百分點；營益率 12.7%，季減 0.5 個百分點、年減 1 個百分點；稅後純益 6.72 億元，季增 29.7%、年增 8.9%，每股純益 6.5 元。廣越前 3 季營收 131.43 億元，年增 28.3%、毛利率 17.1%，年減 1 個百分點、營益率 10.2%，年減 0.5 個百分點、稅後純益 9.91 億元，年增 32.5%，每股純益 9.59 元。廣越表示，第 3 季進入羽絨衣傳統出貨旺季，且中高價羽絨服飾及奢侈品牌，並未受美中貿易戰影響，推升單季營收、純益來到歷史高峰。展望第 4 季，廣越表示，雖然逐漸步入淡季，不過越南前江廠及隆安新廠之新產能持續開出當中、生產效率愈趨成熟，加上羽絨原料廠尚弘羽絨獲利好轉，都將推升營運，不過，由於 10 月中下旬美元兌走勢反轉，需觀察影響情形。
687,2019/11/05,立積營收連8個月成長 10月營收再創歷史新高,射頻 IC 廠立積 () 今日公布 10 月合併營收 3.01 億元，月增 6.1%，年增 36.79%，累計前 10 月合併營收 22.17 億元，年減 2.08%，立積 10 月受惠 WiFi 相關需求強勁，射頻模組出貨持續暢旺，帶動營收再寫新高，同時，10 月也迎來營收連 8 個月成長。立積以 WiFi 為主要營收來源，比重達 9 成，其中，射頻前端模組 (FEM) 占比最高，比重達 5 成，10 月受惠華為拉貨力道續強，加上歐美市場需求強勁，802.11ac 射頻模組出貨暢旺，推升營收再創歷史新高。法人估，立積第 4 季營收可望站穩 9 億元，全年營收則可達 28 億元，年增率由負轉正，逆勢成長近 6%，並創歷史新高。法人指出，立積打入華為供應鏈的效益已逐步顯現，雖目前出貨以毛利較低的 802.11ac 射頻前端模組為主，不過，明年可望在 802.11ax 需求推升下，出貨比重出現消長，有助改善獲利表現。
688,2019/11/05,浩鑫將以2.78億元取得暄達醫學70%股權 跨足醫療領域,浩鑫 () 今 (5) 日發布重訊表示，為擴大營運規模、強化經營體質、提升經營績效及股東權益，董事會今決議將以 2.78 億元取得永肇創投 100% 股權，以間接取得暄達 70% 股權，預計交易案年底完成，將業務跨足長照及醫療相關領域。浩鑫表示，董事會決議將在 4.65 億元額度內，第一階段將先透過取得永肇創投 100% 股權，間接取得暄達 70% 股權，其餘授權董事長於適當時機辦理，預計將以每股 278.43 元，取得 100 萬股永肇創投股權，交易總金額為 2.78 億元，雙方將藉此進行異業結盟及強化策略合作，共同攜手將科技服務能力延伸至長照及醫療相關領域。浩鑫進一步表示，經策略聯盟後，浩鑫可望藉由暄達在醫療器材銷售經驗，將業務深入美國及歐洲等地區醫療市場，並加速拓展雙方全球市場範疇，未來將整合資源，運用科技提升長照及醫療患者服務、減輕醫護人力資源負擔。浩鑫業務以生產迷你電腦、筆記型電腦研發製造為主，並於美國、德國及日本等地區設立銷售子公司，近年更跨入人臉辨識解決方案、物聯網相關應用方案研發及智慧長照管理系統整合，暄達業務則為交替式壓力氣墊床及負壓傷口治療機等醫療產品研發、製造及銷售，主要客戶遍及歐洲、北美等地區之醫療產業客戶。浩鑫今也公布第 3 季合併營收 8.53 億元，季增 3.15%、年減 16.03%，毛利率 24.52%，季增 7.05 個百分點、年增 10.72 個百分點，營益率 4.77%，稅後純益達 3730.1 萬元，每股純益 0.11 元。浩鑫今也公告新任總經理將由鄭瑋勳接任，累計今年前 3 季營收 24.69 億元，年減 27.8%，毛利率 20.59%，年增 7.78 個百分點，營益率 -0.76%，稅後虧損 906.7 萬元，年減 80.9%，每股虧損 0.03 元。
689,2019/11/05,台股連創29年新高 6家券商竟遭駭客攻擊 金管會祭8措施防駭,台股連續改寫 29 年新高，但卻傳出券商遭駭客攻擊，金管會今 (5) 日證實，確實有 6 家券商的下單網站遭受分散式阻斷服務攻擊（DDoS），但在導入流量清洗服務後，交易即恢復正常，為了防範駭客持續攻擊，金管會祭出 8 大資訊安全措施因應。金管會證期局副局長蔡麗玲表示，確實有 6 家證券商下單網站在近期遭受分散式阻斷服務攻擊（DDoS），按照「證券期貨市場資訊安全通報系統」通報規定，此 6 家券商在發現重大交易異常後，30 分鐘內都有進行通報，且在導入流量清洗服務後，交易即恢復正常，受到影響的時間非常短，因此對市場並沒有重大影響。對此，金管會祭出 8 大資訊安全措施因應，包括一、依照券商資產規模大小，要求業者配置資訊專責單位或資安人員等；二、要求證券及期貨業者，建立資通安全內部控管機制，並每年由證交所、櫃買中心及期交所等單位，進行資通安全檢查外部稽核。三、要求使用電子憑證，以確保網路下單交易安全；四，券商公會訂定資安自律規範，內容包括雲端運算服務、社群媒體、行動裝置、行動應用程式（APP）及物聯網設備控管等規範，提升業者資安防護能力。五、建立證券期貨業者資安通報機制及通報系統，以利金管會掌握業者資安事件；六、要加入金融資安資訊分享與分析中心（F-ISAC），以獲取資安情資，提早因應防範駭客資安攻擊；七、對於 DDS 攻擊的因應，提供網路下單交易服務業者，已導入流量清洗機制，並每年由證券期貨單位辦理 DDoS 攻擊演練。八、其他強化資訊安全措施，包括證券期貨業者申請增加業務種類等事項，申請書件應包括資訊安全自評表，以利將業者資安執行情形納入業務准駁的考量，另對證券商因資安違規案件，視個案情節輕重，金管會得依證交法第 66 條第 5 款「其他必要處置」的規定，要求證券商增加計提作業風險資本。
690,2019/11/05,彭博專欄：台積電最終仍需在美、中之間「選邊站」,週二 (5 日) 彭博專欄作家 Tim Culpan 表示，針對台積電 () 近日傳出，美方正要求台灣限制台積電為華為 (Huawei) 代工製造晶片，Tim Culpan 認為，雖然台積電董事長劉德音只想單純地作晶片，但是在美、中兩強的科技對決之中，估計台積電最終可能仍需作出選擇。Tim Culpan 表示，就如同《Financial Times》週一 (4 日) 所報導的一般，美方正不斷地重複要求台灣政府限制台積電為華為製造晶片，目前華為是台積電的前五大客戶，貢獻台積電全年總營收約 5% 至 10%。但若計算進台積電的美國客戶如高通 ()、博通 ()、Nvidia () 等，合計則貢獻台積電高達 61% 之營收占比，美企仍是台積電的最大客戶，但另一方面來說，中國半導體代工製造市場又正在高速成長當中，故這對台積電來說，已成兩難格局。而針對《Financial Times》所報導的美國施壓之傳聞，台積電日前已澄清並無此事。Tim Culpan 指出，目前白宮政府害怕的事情，確實如同《Financial Times》所提及那般，即美方害怕中國取得關鍵的半導體技術，同時，美國也害怕半導體供應有斷貨之隱憂，而這二個理由，也是為何白宮政府持續敦促台積電赴美設廠的根本原因。目前台積電在台灣北、中、南皆設有廠區，在中國也設有二座工廠，但是中國廠之技術並未如台灣廠先進，台積電美國則有一處較舊之廠房。而對於美方鼓勵台積電赴美設廠，日前台積電董事長劉德音也已回應，赴美設立新廠的成本過高，台積電持續評估，但短期不會去投資設廠，而有關美國國防安全之晶片，正與客戶透過產品設計方式解決。Tim Culpan 認為，儘管台積電目前不想在美中之間「選邊站」，但是隨著「數位鐵幕」(Digital Iron Curtain) 的落下，各方遲早要選邊站，Tim Culpan 估計，對於台積電來說，台積電或許不會發表相關聲明，但估計未來台積電會以低調且安靜地方式，來選擇性接案或者拒絕接案。Tim Culpan 表示，台積電現在還能抵擋直接或間接與華為切斷關係之壓力，也能抵禦美方鼓勵赴美設廠之壓力，主要就是因為美國企業現在仍然是非常需要台積電的晶圓代工技術，另外，台積電手上的中國客戶也吃不下台積電的所有產能。但 Tim Culpan 認為，台積電最終仍可能赴美設廠，藉以安撫美國政府。Tim Culpan 說道：「雖然台積電董事長劉德音或許只想單純的製造晶片，但估計他最終仍需選邊站。」
691,2019/11/05,TWS帶動 致伸10月營收93.6億 年增26% 連3月創新高,聲學元件廠致伸 () 與美律 () 今 (5) 日公布 10 月營收，致伸受惠真無線耳機 (TWS) 需求帶動，營收達 93.61 億元，已連 3 月創新高，月增 0.18%、年增 26.28%；美律則受國際經濟趨緩，營收 34.57 億元，均較上月、去年同期下滑。致伸 10 月營收 93.61 億元，再創新猷，月增 0.18%、年增 26.28%；累計前 10 月營收 649.97 億元，年增 21.03%。展望今年，財務長蕭英怡日前表示，旗下子公司 Tymphany 聲學新品已陸續量產、出貨，手機 3D Sensing 鏡頭模組新案也進入量產，營收高峰將落在本季，明年耳機產品將是明年主要動能，法人估，第 4 季營收將季增個位數，明年營運可望優於今年。美律 10 月營收 34.57 億元，月減 2.6%，年減 28.7%；累計前 10 月營收 312.43 億元，年增 15%。展望後市，美律總裁黃朝豊日前表示，由於歐洲經濟衰退、中國經濟成長趨緩，加上 TWS 電池供應商產能遇到瓶頸，預期第 4 季營收將比第 3 季下滑，但前 3 季獲利已接近去年全年水準，全年獲利仍可期。
692,2019/11/05,需求升溫 台勝科10月營收續攀揚 創近4個月高點,矽晶圓廠台勝科 () 今 (5) 日公告 10 月合併營收 8.95 億元，受惠客戶需求升溫，營收月增 1.75%，為連續 2 個月攀揚，但年減 36.86%，為近 4 個月高點；前 10 個月累計營收 97.95 億元，年減 27.75%。台勝科指出，客戶庫存去化至一定水位，9 月起需求升溫，10 月營收進一步上揚，看好第 3 季營運落底，第 4 季價格緩跌、需求升溫下，營運可望優於第 3 季。台勝科第 3 季合併營收 24 億元，季減 15.99%，年減 43.69%，為近 15 季新低。第 2 季受到矽晶圓價格下修及需求轉弱影響，稅後純益 6.16 億元，季減 41%，年減 60.94%，每股純益 1.59 元，近 5 季低點；上半年稅後純益 16.59 億元，年減 38.64%，每股純益 4.28 元。
693,2019/11/05,歐洲商會2020年建議書 籲放寬風電在地化法規、增加工時彈性,歐洲在台商務協會（ECCT）今（5）日發布 2020 年建議書，除了對台灣推動能源轉型給予高度肯定，同時也提出四大建言，包括進一步改革能源政策、放寬風能在地化法規、建立能源貯存系統及抓緊陸上風能的開發潛力；另外，針對人才議題，歐洲商會也建議應改革勞動法規，增加工時彈性。歐洲商會今年建議書主題為「台灣經濟逆轉勝：動盪時局．抓住機遇」，呼籲台灣克服挑戰、抓緊機遇，將逆境點化成金，國發會主委陳美伶三度代表政府接下建議書。除了肯定台灣擁抱能源轉型，建議書也提出四大建言，首先，政府應進一步改革能源政策，包括解除能源市場管制、允許再生能源設置與銷售等，其次，針對風能產業，由於台灣目前還無法提供的設備與技術，希望主管機關放寬在地化法規。第 3 及第 4 項建言分別是建立能源貯存系統、抓緊陸上風能的開發潛力，歐洲商會強調，未來幾年內，風能與太陽能再生電力的發展速度及規模大幅提高，能源貯存系統刻不容緩。另外，歐洲商會指出，技術與非技術勞工雙缺，限制台灣抓緊經濟機遇的能力，建議應改革勞動法規，以培養、吸引、留住人才，尤其是增加勞工工時紀錄的彈性、納入每週彈性工時等。陳美伶回應，今年建議書議題多數與全球趨勢有關且涉結構性改革，由此可見，歐洲商會在認可台灣政府努力的同時，也對台灣政府有更高的期待，看起來已往深水區邁進。陳美伶表示，政府推動法規鬆綁至今，已有 537 項鬆綁成果，範圍擴及金融、租稅、產業發展的領域，政府除持續調整不合時宜的法規，在打造優質投資環境上也有良好的進展。面對數位科技的破壞性創新加速發展，陳美伶強調，政府積極籌劃國家數位轉型策略，以強化政府數位治理、縮減人民數位落差及提升數位福祉。目前已有多項計畫協助企業發展，如智慧聯網（AIoT）、AR/VR 科技、大數據分析、區塊鏈及 5G 等，以加速產業轉型升級，邁向智慧化的產業發展模式。
694,2019/11/05,凌通Q3純益季減24.72% 前3季EPS 1.81元,IC 設計廠凌通 () 今 (5) 日公布財報，第 3 季稅後純益 0.67 億元，季減 24.72%，年減 17.13%，每股稅後純益 0.61 元，前 3 季稅後純益 1.97 億元，年減 15.04%，每股稅後純益 1.81 元。凌通第 3 季合併營收 7.13 億元，季減 11.54%，年減 7.12%，毛利率 33.33%，季減 1.79 個百分比，年減 1.47 個百分比，營益率 9.43%，季減 2.98 個百分比，年減 2.47 個百分比，稅後純益 0.67 億元，季減 24.72%，年減 17.13%，每股稅後純益 0.61 元。凌通前 3 季合併營收 20.48 億元，年減 7.94%，毛利率 34.44%，年減 0.14 個百分比，營益率 9.47%，年減 1.77 個百分比，稅後純益 1.97 億元，年減 15.04%，每股稅後純益 1.81 億元。凌通出貨以高階玩具晶片為主，包括多媒體 16 及 32 位元單晶片，加上家電與馬達 MCU，出貨高峰落在第 2 季，第 3 季進入淡季，營收出現衰退。凌通也積極拓展影像處理市場，以行車紀錄器為主軸，近期也結合 AI 功能，推出智能跟拍飛行器，此外，家電 MCU 也持續擴張，目前也打進中國家電觸控面板供應鏈，挹注營收可期。
695,2019/11/05,需求未見回溫 亞德客-KY 10月營收月減12% 近8個月低點,氣動元件大廠亞德客 - KY() 今 (5) 日公告 10 月合併營收 11.84 億元，由於需求還未明顯回溫，使營收月減 12.43%，年增 7.42%，為近 8 個月低點；前 10 月累計營收 129.87 億元，年減 1.02%。亞德客表示，目前仍未看到市場需求有明顯回溫，將持續透過開發新產品及新客戶，以提高市占率，來支持營收成長。亞德客第 3 季營運持續受美中貿易戰影響，部分客戶採觀望態度，使需求回溫狀況較預期來得慢，加上受到匯損侵蝕，導致第 3 季營運表現不如第 2 季與去年同期。不過，美系外資看好，明年第 2 或第 3 季機械產業可望重回上升循環，加上亞德客中國營收占比高達 9 成，在中國自動化市場景氣，可望較其他市場提早落底反彈之下，營運將優先受惠。亞德客第 3 季稅後純益 4.38 億元，季減 43.33%，年減 10.25%，每股純益 2.32 元，為近 11 季低點；前 3 季稅後純益 18.97 億元，年減 12.14%，每股純益 10.04 元。
696,2019/11/05,貿聯-KY 10月營收20.58億元創次高 前10月年增逾1成,連接線束大廠貿聯 - KY() 今 (5) 日公告 10 月營收，在各產品線出貨暢旺下，單月營收 20.58 億元，月增 2.4%、年增 11%，來到歷史單月次高；累計前 10 月營收 193.73 億元，年增 10.6%。貿聯表示，10 月各產品線來看，資訊用線出貨穩步增加、車用線受惠電動車以及運動車出貨持續走升、工業用線也因半導體設備拉貨續強、電器用線及醫療用線則大致持穩。貿聯 - KY 積極切入雲端資料中心、Thunderbolt 等高速應用布局，在高階伺服器需求和資料中心建置帶動下，相關商機陸續於第 4 季發酵，法人看好，貿聯第 4 季營收可望優於第 3 季，全年營收估將突破 230 億元，刷新歷年新高。除高速資訊線束應用，貿聯也可望受惠特斯拉 (Tesla) 上海廠投產，加上 Model Y 推出，法人估，特斯拉全年產量可望挑戰 50 萬輛，也將帶旺貿聯車用線束出貨。
697,2019/11/05,券商頻遭DDoS攻擊 證交所提醒：應建立機制因應,近日傳出多家券商遭分散式阻斷服務攻擊 (DDoS)，導致對外網路頻寬滿載、官網怠速或當機等情形，證交所經清查後強調，遭 DDoS 攻擊業者已導入電信業者流量清洗服務，可立刻清除阻塞封包，提醒券商一旦發現遭 DDoS 攻擊應立即啟動流量清洗，發現異常時應盡速啟動因應，並通報主管機關。證交所表示，業者導入電信業流量清洗服務，雖會影響網站對外服務，但仍可透過手機 APP、語音或電話下單等其他管道代替原有網路下單模式，強調投資人權益絕不受影響。台股持續攻上歷史新高，繼年初有券商遭勒索後，近期又有券商電子下單系統被攻擊，導致電子交易系統因此陷入怠速或當機，證交所表示，目前有 53 家券商的網路交易建立「流量清洗機制」，只要系統遭攻擊就會立刻將阻塞封包清除。證交所指出，考量 DDoS 攻擊已成為近年來常見的網路攻擊方法，金管會已在 2017 年要求網路下單業者應購買流量清洗服務、建立 DDoS 防禦與應變作業程序，並於每年固定辦理 DDoS 攻擊應變演練，以降低遭受 DDoS 攻擊影響時間。
698,2019/11/05,合晶Q3純益季減逾18% EPS 0.6元 近6季低點,矽晶圓大廠合晶 () 今 (5) 日公告第 3 季財報，由於需求仍不佳，稅後純益 3.08 億元，季減 18.9%，年減 54.86%，每股純益 0.6 元，為近 6 季低點，前 3 季稅後純益 11.68 億元，年減 15.66%，每股純益 2.29 元；合晶看好營運已逐步落底。合晶第 3 季合併營收 17.48 億元，季減 14.8%，年減 32.6%，毛利率 34.98%，季減 2.37 個百分點，年減 4.16 個百分點，營益率 12.02%，季減 7.53 個百分點，年減 16.15 個百分點；稅後純益 3.08 億元，季減 18.9%，年減 54.86%，每股純益 0.6 元。合晶前 3 季累計營收 59.31 億元，年減 13.52%，毛利率 38.47%，年減 2.4 個百分點，營益率 20.42%，年減 2.92 個百分點；稅後純益 11.68 億元，年減 15.66％，每股純益 2.29 元。合晶表示，受到美中貿易戰影響，第 3 季需求仍不佳，且不如先前預期，目前看來第 3 季營運將落底，第 4 季可望逐步回溫。
699,2019/11/05,台生材腦中風產品在美鋪貨 營收成長帶動 營運虧損續收斂,高階創新高階醫材公司台生材 () 受惠腦中風血栓移除產品，陸續在美國鋪貨，營收大幅成長，股價也頻創高，今 (5) 日依規定公布自結，9 月稅後虧損 505 萬元，虧損已較去年小幅收斂，每股虧損 0.15 元。台生材 9 月營收 449 萬元，月增 3.19 倍、年增 87 倍；累積前 9 月營收 922 萬元，年增 8.96 倍；稅後虧損 505 萬元，虧損已較去年同期收斂，每股虧損 0.15 元。台生材累積 8、9 月營收 556 萬元，年增逾 50 倍，稅後虧損 975 萬元，較去年同期小幅收斂，每股虧損 0.3 元。台生材旗下腦中風血栓移除系統，陸續導入美國醫院，帶動 8、9 月營收大幅成長，法人看好，第 4 季銷量將進一步放大，後續單月營收可望維持高檔。此外，腦部血管專用的導引導絲，預計明年第 3 季送件至美國 FDA 核可，若順利取證，有助添營運新動能。
700,2019/11/05,〈樺晟衝刺離岸風電〉風電帶動鋼材採購業務看俏 明年營收估增1成,樺晟 () 董事長魏孝秦指出，今年第 4 季電子事業受貿易戰提前拉貨影響，估較第 3 季下滑，但在風電鋼材採購業務挹注下，全年營收依舊較去年略增，明年來看，鋼材採購事業將持續成長，加上電子業務持穩，營收年增上看 1 成。魏孝秦表示，今年前 3 季電子事業並未受到美中貿易戰影響，但也因為下游提前拉貨影響，第 4 季動能放緩，不過，鋼材採購業務狀況持穩，全年營收還是將優於去年。魏孝秦進一步指出，目前鋼材採購業務每月約貢獻 9000 萬元的業績，明年出貨更可望進一步放大，加上明年底台中港廠區第 1 階段可望完工，也將推升營運表現。電子事業的部分則估持平，受惠中國部分業者退出市場，毛利率可望回升，金融事業貢獻也可望提升，全年營收可望年增 1 成。以樺晟目前營收占比來看，鋼材採購約占 1/3 的營收，剩下幾乎都是電子事業，不過，魏孝秦認為，明年 2 者的營收占比可能會出現交叉，2021 年在子公司樺晟世紀位在台中港的工廠投產下，營收更可望顯著升溫。
701,2019/11/05,晶技10月營收維持8.05億元 前10月營收轉正,頻率元件廠晶技 () 第 3 季營收 24.28 億元改寫 11 季以來新高，今 (5) 日公布 10 月營收為 8.05 億元，月減 4.74%，年增 6.18%，仍維持高檔，累計前 10 月營收 68.01 億元，年增 0.66%，累計營收已正式超越去年轉為正數。晶技第 3 季稅後純益也衝上 2.35 億元，超越上半年 2.14 億元，每股稅後純益 0.76 元，累計前 9 月稅後純益達 4.49 億元，每股純益已達 1.45 元。晶技第 4 季看法略為保守，但法人估計，晶技 2019 年營收及獲利都將較 2018 年回升，法人估，今年每股純益將達 2.2 元，優於去年的 2.08 元。晶技受惠網通、手機高階應用產品出貨順暢，小型化元件 1008 產品也順利出貨，受惠主要手機品牌廠大舉推出旗艦機，及中國廠商十一長假提前拉貨，9 月營收攻高到 8.45 億元，寫 33 個月來新高水準。由晶技歷年營收走勢來看，第 4 季營收可能較第 3 季下滑，但法人指出，晶技前 3 季營收為 59.96 億元，追平去年同期水準，今年全年營收將可順利超越去年的 81.56 億元營收水準。
702,2019/11/05,〈台塑四寶業績發表〉市場有量無價 台塑、台化看兩大因素干擾石化景氣,台塑四寶今 (5) 日召開業績說明會，四寶中僅台塑、台塑化受惠歲修廠數減少，第 4 季營收可望較第 3 季成長，台塑、台化則點出美中貿易協議、美中新產能開出等，都將影響石化產品景氣表現，且市場正處於有量無價的局面，台化也認為，大部分石化產品價格都還未落底。台塑董事長林健男表示，由於第 4 季歲修廠數減少，加上美國 HDPE 廠開工率已達 8 成，且第 4 季適逢塑料需求旺季，預估 11、12 月產銷量都會較 10 月增加，逐月攀揚，維持先前看法，認為第 4 季營收將較第 3 季成長。不過，林健男指出，全球經濟持續放緩，且國際貨幣基金 10 月中旬公布的今年全球 GDP 預測，下調 0.3 個百分點，世界主要經濟體 10 月製造業採購經理人指數均低於 50，處於萎縮區間，廠商不看好未來半年製造業景氣，採購依然會保守。林健男也說，最頭痛的是，第 4 季美國與中國石化新產能大量開出，影響石化產品行情，但美國持續採取貨幣寬鬆政策，美中貿易協議簽署有望，及英國脫歐有緩和跡象等因素，都有利石化產品恢復購買信心。整體而言，林健男認為，台塑企業總裁王文淵日前所說，目前石化市場處於有量無價局面，但本波景氣可能是谷底，是否持續低迷或有機會反彈，還要關注美中貿易協議能否順利簽訂、英國脫歐後續發展、地緣政治對油價變化影響等三大不確定因素。南亞董事長吳嘉昭認為，第 4 季各產品表現來看，化工產品丙二酚開工率將由上季的 4 成拉升至 7 成，乙二醇雖然 11 月有定檢，但將以庫存彌補產量，整體化工產品營收將會增加；電子材料進入淡季，消費性電子與車用需求均下滑，加上年底庫存盤點，客戶嚴控庫存，但 5G 需求提供支撐，平均開工率維持 9 成以上，估營收稍微衰退；聚酯產品也逢聚酯瓶用粒淡季，營收將稍微衰退；塑膠加工則持穩。吳嘉昭預估，11、12 月營收應可持平 10 月，但電子材料與聚酯產品旺季已過，第 4 季營收力拚持平第 3 季。吳嘉昭並強調，電子材料目前需求降低，但 5G 基地站建設、伺服器相關需求，推升 ABF 載板、銅箔基板等材料成長動能，加上 5G 手機明年可望大幅成長，人工智慧、智能工廠建置，南亞擁有上下游一條龍產業鏈能力，來開發高階產品，看好後市電子材料業務營運表現。台化副董事長洪福源表示，目前看來，市場低迷狀態短期內不易改變，受價格疲弱影響，估 11 月營收將與 10 月相當，整體而言，雖因 PP 定檢完成，ARO-3 廠 200 區可望在 11 月試車，帶動產量增加，但在有量無價的情況下，估第 4 季營收將較第 3 季略為下滑。展望後市，洪福源指出，世界景氣低迷，主要國家都在透過降息、量化寬鬆等政策，刺激經濟，但由於美中貿易摩擦，加上石化新產能陸續開出等兩大不確定因素影響，石化市場仍低迷，除乙烯、乙二醇 (MEG) 及聚乙烯 (PE) 外，其他石化產品價格都還沒落底。洪福源表示，雖然大部分石化產品價格還未落底，但產品價差是最不好的時候，成本效益較佳的廠家，勉強可維持獲利，但對新投入市場的廠家來說有困難，進而遭淘汰。洪福源認為，目前石化產品景氣，受到美中貿易摩擦與美中新產能兩大因素左右，要從中找尋機會，且以目前市場氛圍來看，明年農曆年前廠商提早停機過年機會大，但由於社會庫存仍低，市場需求也在，看好農曆年前價格有機會反彈。台塑化總經理曹明指出，煉油事業方面，10 月煉油量平均每日 36.9 萬桶、11 月 44.7 萬桶，12 月將拉升至 50 萬桶，全年平均日產能約 48 萬桶；烯烴事業方面，輕油裂解廠第 4 季產能利用率將拉升至 97%，全年產能利用率平均約 93%。油品方面，曹明指出，中國新煉油廠開工後，外銷量也增加，影響柴油價格表現，但在煉油量提高下，成本自然會壓低，還是可穩定獲利，加上明年國際海事組織對船用油的規範，將對柴油價格帶來支撐；汽油產品目前價格雖處低檔，但也相對有撐。針對國際油價走勢，曹明表示，目前看來，到年底前油價將緩步升高，估在 62-63 美元間，而明年許多大廠都預估油價將維持 59 至 63 美元間，且明年第 1 季油價可能較今年第 4 季回落，但台塑化具備一貫化生產優勢，擁有成本競爭力，還是會以穩定操作、全能生產來維持營運。
703,2019/11/05,鎧勝連2季獲利 前3季虧損較去年明顯收斂 EPS -1.54元,金屬機殼廠鎧勝 - KY() 今 (5) 日公布第 3 季財報，稅後純益 0.13 億元，季增 535%，較去年由虧轉盈，每股稅後純益 0.03 元，累計前 3 季稅後虧損 6.49 億元，較去年虧損收斂，每股稅後虧損 1.54 元。鎧勝 - KY 第 3 季合併營收 88.39 億元，季增 0.36%，年增 15%，毛利率 12.01%，季增 1.92 個百分比，年增 9.72 個百分比，營益率 3.53%，季增 1.32 個百分比，較去年由負轉正，稅後純益 0.13 億元，季增 535%，較去年由虧轉盈，每股稅後純益 0.03 元。鎧勝 - KY 前 3 季合併營收 242.88 億元，年增 19.56%，毛利率 8.71%，較去年由負轉正，營益率 - 0.19%，稅後虧損 6.49 億元，較去年虧損收斂，每股稅後虧損 1.54 元。鎧勝 - KY 第 3 季受惠平價機種出貨暢旺，營收小幅成長，並延續上季轉盈動能，雙率皆較上季微幅增長。展望明年，郭明錤日前指出，蘋果新品 iPhone、iPad、MacBook 將陸續推出，出貨量也可望較今年增加，看好鎧勝 - KY 等供應商產能利用率提升，並推升其營收、獲利表現。
704,2019/11/05,台股突破11600點 三大法人買超169億元 外資再加碼鴻海,台股今 (5) 日在電子權值股點火下，終場收今日最高點 11644.03 點、上漲 87.18 點或 0.75%，再寫 29 年新高，三大法人合買 169.95 億元，外資買超 131.56 億元，投信買超 7600 萬元，自營商買超 37.56 億元，其中，外資續買鴻海逾 5 萬張，連 17 買。期貨部分，外資減碼多單 4712 口，多單未平倉口數逾 5.7 萬口；投信減碼空單 1729 口，多單未平倉口數逾 2.3 萬口；自營商減碼空單 374 口，空單未平倉口數來為 850 口。外資買超前 10 名，第 1 名鴻海逾 5.3 萬張，第 2 名元大 S＆P 原油正 2 逾 2.6 萬張，第 3 名元大滬深 300 正 2 逾 1.9 萬張，第 4 名新光金逾 1.4 萬張，第 5 名群創約 1.3 萬張，其他依序為富邦上証正 2、光寶科、國泰金、建準及台達電。外資賣超前 10 名，第 1 名聯電 8197 張，第 2 名華航 7063 張，第 3 名國產 5462 張，第 4 名緯創 4740 張，第 5 名永豐金 4366 張，其他依序為中石化、長榮、華邦電、亞泥、欣興。投信買超前 10 名，第 1 名晶電 1310 張，第 2 名華通 1221 張，第 3 名元大台灣 50 1200 張，第 4 名台達電 972 張，第 5 名聯詠 959 張，其他依序為廣達、聯發科、裕民、致伸及遠東新。投信賣超前 10 名，第 1 名第一金 2991 張，第 2 名台表科 2601 張，第 3 名正崴 1315 張，第 4 名技嘉 1100 張，第 5 名日月光投控 949 張，其他依序為晶焱、楠梓電、立端、緯穎及華邦電。自營商買超前 10 名，第 1 名嘉聯益 2270 張，第 2 名南亞科 2141 張，第 3 名長榮 1836 張，其他依序為金居、台泥、威剛、台新金、旺宏、環球晶及仁寶。自營商賣超前 10 名，第 1 名鴻海 2846 張，第 2 名聯電 1778 張，第 3 名中華電 1697 張，其他依序為彩晶、可成、華通、聯詠、光寶科、元太及開發金。法人表示，美股續強及貿易戰等可望達成第一階段協議，帶動台股多頭氣盛，指數頻創高，後續仍可持續整理墊高，惟需留意漲多個股獲利了結賣壓，短線可關注基本面、財報佳個股。
705,2019/11/05,宏碁瞄準智慧醫療 攜手台灣諾華藥廠打造AI醫療生態系,品牌大廠宏碁 () 今 (5) 日宣布，與台灣諾華簽訂合作備忘錄 (MOU)，共同攜手強攻智慧醫療商機，將運用人工智慧 AI，整合雙方軟硬體，提升醫療效率，首先瞄準黃斑部退化、糖尿病視網膜病變及心血管疾病等領域，預期明年初拿到許可證後，可在醫院中實際應用。宏碁創辦人暨榮譽董事長施振榮表示，智慧醫療是未來世界的大趨勢，台灣 ICT、醫療事業等在全球都是屬領先地位，且醫療事業不受經濟景氣影響，未來將持續成長，而宏碁轉型其中一個部分就是瞄準健康醫療大產業，盼透過兩個產業的匯聚，建構正向機制。宏碁技術長張瑞川表示，宏碁 AI 醫療已有階段性實驗成果，希望結合諾華臨床試驗、疾病檢測的知識經驗下，能實際落走入醫院，目前也正在向台灣疾管局申請相關許可證，預計最快明年初拿到，未來也將向美國、歐洲申請。張瑞川表示，雙方合作首先朝瞄準黃斑部退化、糖尿病視網膜病變、心血管等疾病應用，目前與多家台灣醫院接洽中，未來也預計往超音波方向發展。據了解，宏碁瞄準智慧醫療商機，除先前轉投資沛爾生技之外，旗下有一個子公司叫做宏碁智醫，目前未正式對外公開，預期明年拿到許可證後，將對外宣布，未來也不排除獨立出來。宏碁表示，雙方合作將運用宏碁 AI 技術與資通訊產業經驗，並結合台灣諾華在醫藥產業對疾病及治療的知識、臨床試驗及查驗登記的經驗，共同打造台灣智慧醫療生態系，加速智慧醫療的產業化、產品化與國際化進程。宏碁指出，這個國內首次科技與藥廠的跨界合作，將實驗性的 AI 醫療落地，協助提升醫療效率、及早發現疾病，雙方合作內容包含全球智慧醫療法規、市場研究及應用推廣、臨床試驗設計、眼科 AI 的合作研發、心血管疾病整合照護。
706,2019/11/05,〈樺晟衝刺離岸風電〉攜世紀鋼、丹麥Welcon三強聯手 搶亞太、美國風電市場,樺晟 () 與世紀鋼 () 合資子公司樺晟世紀今 (5) 日宣布，將攜手丹麥風力發電風塔製造商 Welcon，斥 25 億元在台中港設廠，預計 2021 第 2 季完工、第 3 季可望開始貢獻營運，搶攻亞洲、美國風電市場。樺晟董事長魏孝秦表示，未來由 Welcon 負責技術轉移與國際接單，樺晟世紀負責本土化接單及生產製造，目標除國內及亞洲市場，也不排除銷往美國市場，而新公司則預計由 Welcon 主導。魏孝秦進一步表示，樺晟世紀先前也已標得台中港離岸風機製造專區 18 餘公頃土地 20 年租用權，將進行設計建廠與購置相關設備，生產離岸風塔、及浮動式風機，總投資金額預計 25 億元。據了解，樺晟世紀台中廠區第 1 階段預計明年第 4 季完工、2021 年第 1 季生產，初期年產能 6.5 萬噸，以供應國內訂單為主；第 2 階段 2021 年第 2 季完工，第 3 季開始生產，屆時年產能估達 16 萬噸。Welcon 也看好，浮動式風機在離岸風電中將是主流應用，因為可建構在深水海域、地震帶區域及海床地質較差的風場，有助大幅增加全球離岸風場於上述區域開發的可行性，而未來也不排除語樺晟世紀攜手搶攻儲能領域。根據國際市調機構 BIS Research 研究指出，到 2023 年全球離岸風電商機可達 504.5 億美元，2018-2023 年的年複合成長率高達 15%。
707,2019/11/05,【群益證券】群益權證週報,"週五 (11/1) 美國就業報告數據明顯優於市場預期，即便隨後公佈的 PMI 仍不理想，然而就業市場表現提高了風險偏好。NASDAQ、 再創高位，蘋果股價更以 2.84% 漲幅再創新高。我們要特別關注在如期降息之後，市場一度對於避險性資產需求明顯升溫，、與美國公債市場多方都明顯帶動價格走勢的展開。對於持續走高的市場，投資人的慣性是對於高點或滿足點的猜測，因而會誇大收跌的影響，但週五中、美股市均上漲，提供多方更多信心。台股整體表現方面，汽車、電機機械與上市生技表現較大盤為佳，但主導市場的力量明顯仍由電子股掌握。台積電 () 雖然仍維持強勢，但動能轉弱，下半週明顯由鴻海 () 發起主攻，這也使得其他電子指數在本週表現一枝獨秀。半導族群仍維持相對強勢，但聯發科、半導體設備與封測表現相對突顯；零組件指數表現平平、軟板族群在台郡 () 領軍下攻勢延續，只是被動元件族群本週相對拖累了次產業指數的發揮。整體權證市場日均量進一步成長到 31.07 億，台積電、聯發科 () 與鴻海持續為市場交易最熱絡的區塊。台郡在股價帶動下成交市占 1.93% 直接擠進第 4 名，穩懋 ()、華新科 ()、華通 () 與可成 () 的重要性皆上升。本週市占逾 1% 的標的增加至 24 檔，緯穎 ()、聯茂 ()、台光電 ()、大江 ()、GIS-KY()、致伸 ()、全新 () 與中美晶 () 的成交占比均有提升。權證市場部位變動上，投資人在週四 (10/31) 就開始縮小部位，但週五開低走高的大盤 (IX0001) 及中國 A50 指數的強勢上漲，投資人重新加碼入市，全週認購方加碼 26 萬張，權利金增持逾 2.9 億；認售方亦同步加碼逾 5 萬張及 5.2 億的權利金，合計投資人看多交易 2.4 億，加碼權利金逾 3.4 億。投資人多空受週五部位變動影響大，週五投資人看多以可成的 2,600 萬與亞德客 - KY() 的 2,200 萬最多。GIS-KY、台積電、超眾 ()、原相 ()、康友 - KY()、環球晶 ()、緯軟 ()、百和 ()、聯詠 ()、宏捷科 ()、貿聯 - KY()、雙鴻 ()、鴻海、上銀 ()、樺漢 ()、神盾 ()、TPK-KY() 等均獲一定金額的偏多操作。元大 S&P 原油正 2()、元大滬深 300 正 2() 與亦為投資人偏多操作對象，相關標的均可延續到下週的交易做觀察。全週觀點，投資人認購加碼逾 800 萬的標的高達 25 檔，可成、鴻海、玉晶光 () 與超眾都超過 2,000 萬，GIS-KY、神盾、元大滬深 300 正 2、鈊象 ()、原相超過 1,500 萬，宏捷科、百和、台光電、群聯 ()、聯詠、智邦 ()、聯電 ()、緯軟、瑞昱 () 與貿聯 - KY 超過千萬，其他如嘉聯益 ()、亞光 ()、環宇 - KY() 等均獲一定金額加碼。市場減碼認購最多為聯發科 6,400 萬的停利操作，義隆 ()、台表科 ()、大立光 ()、台灣 50()、迅得 ()、全新、杰力 ()、奇鋐 ()、京元 () 與景碩 () 的減碼幅度都超過千萬。認售的加碼以玉晶光及台積電超過千萬最多，減碼則以聯詠與燿華 () 的 950 萬最多。現階段蘋果供應鏈隨蘋果股價的持續攀高，市場交投意願與廣度持續上升，次產業的輪動讓可選擇性增加， 5G 熱度未改變，重點仍在權重份額影響輪動需求，台積電與鴻海集團的表現也反應相同道理。富邦 VIX() 在本週溢價已向三成靠攏，高溢價持續，淨值較發行價格相比偏低，這兩個因素使得 ETF 的追加募集不易通過。而無額度進行申購，在溢價修正上，恐怕得依靠 VIX 指數上漲時，ETF 不跟反跌，才有機會收斂，在週五可窺豹一斑。現階段富邦 VIX 權證相對偏少，權證交易問題也不如現貨市場為難，過去不止一次提醒相關議題，有興趣的投資朋友可上權民最大網 (http://warrant.capital.com.tw) 的週報專區，或到 FB 粉專查閱。同時投資人需注意目前指數型權證因大盤的拉高，短天期權證適合交易的履約價檔數有限，拉長天期才有機會找到合適交易的權證。另有部分發行人策略改變，傳統與同日到期的架構也有部分調整，在指數型權證的交易上亦需留意。對投資或交易而言，合理價值與具可交易性都是不能被退而求其次的勉強所掩蓋。"
708,2019/11/05,我10月底外匯存底續創高 外資持有股債加存款占88%創19個月高點,台灣央行今 (5) 日公布我國 10 月底外匯存底為 4724.76 億美元，較上月底增加 29.87 億美元，續寫新高，其中，外資持有國內股債加計存款餘額共折計 4168 億美元，創 21 個月來新高，約當外匯存底 88%，占比也來到 19 個月高點。央行外匯局局長顏輝煌說明，10 月外匯存底續創高，主要是因等貨幣對美元升值，以該等貨幣持有的外匯折成美元後，金額增加，同時，還有外匯存底投資運用收益。顏輝煌進一步說明，外資 10 月買超台股約 41 億美元，並匯入約 42.6 億美元，使上漲 49%，因此，至 10 月底外資持有國內股票及債券按當日市價計算，連同其存款餘額較上月增加 357 億美元至 4168 億美元，約當外匯存底 88%，也較上月一口氣增加 7 個百分點。觀察各國外匯存底，中國穩居冠，9 月底外匯存底為 3.0924 兆美元，月減 147 億美元，日本 9 月底來到 1.255 兆美元，月減 78 億美元；瑞士 9 月底來到 7797 億美元，月增 342 億美元；沙烏地阿拉伯 9 月底 4875 億美元，月減 73 億美元。韓國最新公布 10 月底外匯存底 3955 億美元，月增 30 億美元。
709,2019/11/05,Uber Eats攜手寧夏夜市拚數位轉型 首波近20家月中上線,儘管美食外送員僱傭爭議日前引發關注，平台業者仍將擴大營運，Uber Eats 宣布攜手台北寧夏夜市觀光協會，首波近 20 家店加入，預計 11 月中旬上線；Uber Eats 台灣總經理李佳穎表示，寧夏夜市是第一個做電子支付的夜市，期待利用科技協助店家進一步數位轉型。Uber Eats 指出，首波加入餐廳將近 20 家，包括 FUN SUN G 雞排、鴻記蔥餅捲、童年木瓜牛奶及寧夏魷魚王等，攤商會提供食材登錄的 QR Code，客人可查詢美食食材、產地等資訊，預計 11 月中旬上線，店家數量可望持續新增。李佳穎表示，寧夏夜市是第一個做電子支付的夜市，期待以科技協助夜市店家進一步數位轉型，提供顧客評價和回饋掌握消費者的飲食喜好，協助充滿創意的店家開發新菜單，並帶入更多新客群。寧夏夜市觀光協會理事長林定國表示， Uber Eats 在台灣也有廣大的用戶群，也具備很強的數據和營運服務，店家們都相當支持導入新興科技創造更多機會的發展方向，希望透過與 Uber Eats 合作帶動更多商機，並讓更多國際觀光客知道寧夏夜市所代表的台灣美味。
710,2019/11/05,台企銀總經理施建安捲婚外情風暴 今主動請辭火速獲准,台企銀 () 總經理施建安傳疑似捲入婚外情疑雲，施建安今 (5) 日下午立刻在台企銀常董會上申請退休，據悉台企銀目前常董會正在討論中，稍晚將正式對外公告，財政部長蘇建榮受訪時說，尊重施建安請辭意願，至於繼任人選將由董事長黃博怡先行安排暫代。蘇建榮下午出席財政部賦稅署舉辦的「流金稅月賦譽典藏」記者會，會後受訪時針對施建安疑似捲入婚外情一事做上述回應。施建安驚傳與女秘書爆發婚外情，遭女方丈夫控告妨礙家庭，最後和解收場，消息一出震驚金融圈，由於施建安今年 7 月底剛滿 65 歲屆齡，因績效佳獲行政院核准獲延任一年，如今卻婚外情而被迫提前退休。施建安在彰銀服務長達 30 餘年，期間擔任過彰銀紐約分行交易室主管、資金營運處處長，更是國銀第一位派駐中國分行的主管，強大的業務能力與圓融性格，讓他深受公、民股器重，一路獲拔擢為副總、總經理。去年 3 月施建安轉戰台企銀後，也力促台企銀體質轉骨，砍掉低利差的國營事業放款，同時善用閒置資金投入金融交易，挹注獲利成長，讓台企銀不論在獲利年增幅或股東權益報酬率 (ROE) 成長力道都躍居公股前段班，經營能力可見一班。
711,2019/11/05,中華電拉攏年輕客群 跨足VTuber 未來將成代言人與客服,中華電 () 為讓品牌年輕化，今 (5) 日舉辦「Hinet 光世代虛擬偶像創作大賽」，宣布跨足 VTuber(虛擬 YouTuber) 產業，金獎的作品除將成為中華電 Hinet 光世代品牌代言人，也將導入線上客服系統。VTuber 從日本興起，利用電腦圖像製作出 3D 動畫角色，再幫動畫角色開設個人專屬頻道，成為「虛擬 YouTuber(virtual YouTuber)」。數據分公司總經理林榮賜指出，中華電信建立品牌的時間較久，年輕人又是未來的潛力客戶，為了與新世代對話，因此透過虛擬偶像，拉近與年輕世代的距離。總經理郭水義表示，Hinet 光世代虛擬偶像的誕生，除讓 Hinet 品牌帶來更多活力外，隨著明年 5G 開始建置及商業化，虛擬偶像也將結合線上客服等服務。林榮賜表示，目前光世代的客戶有 363.1 萬戶，其中 100M 以上的客戶數為 154 萬戶，若加上 ADSL 網路共 400 萬戶，虛擬偶像除導入光世代線上客服外，未來不排除有更多新的形式，包括成為 MOD 平台上的主持人、實體門市客服等。
712,2019/11/05,精材Q3純益3.51億元 創新高 前3季虧損收斂,台積電 () 轉投資封測廠精材 () 今 (5) 日公布財報，第 3 季稅後純益 3.51 億元，較上季由虧轉盈，年增 273%，創下歷史新高，累計前 3 季稅後虧損 0.14 億元，虧損幅度明顯收斂。精材第 3 季合併營收 16.7 億元，季增 62.93%，年增 7.08%，毛利率 26.57%，季增 21.82 個百分比，年增 13.51 個百分比，營益率 21.98%，較上季由負轉正，年增 15.13 個百分比，稅後純益 3.51 億元，較上季由虧轉盈，年增 273%，每股稅後純益 1.29 元。精材前 3 季合併營收 32.57 億元，年減 0.89%，毛利率 7.61%，營益率 0.54%，雙率皆較去年同期由負轉正，稅後虧損 0.14 億元，虧損幅度明顯收斂。精材第 3 季受惠 3D 感測零組件及 CIS(影像感測器) 的封裝需求明顯回溫，推升營收創近 6 年新高，前 3 季虧損也在第 3 季獲利表現亮眼帶動下，明顯收斂。法人指出，精材為 iPhone 3D 感測模組的封裝供應商，主要提供繞射式光學元件及晶圓級尺寸封裝，預計隨著 iPhone 新機銷售持續暢旺，第 4 季營運有撐。
713,2019/11/05,〈上海進博會〉鴻海「半導體」亮相！推3大晶片主攻IC設計領域,在週二 (5 日) 召開的中國進口博覽會上，鴻海集團 () 正式推出半導體產品，包括基於 ARM 架構的機器視覺晶片、NB-IoT 晶片、多核心邊緣運算晶片，以及多核心智慧邊緣運算解決方案 (BOXiedge) 等產品。個別產品特色部分，鴻海也有進一步介紹：此前鴻海創辦人郭台銘曾在 2018 年表示，鴻海未來勢將切入半導體領域，因為工業物聯網需要大量晶圓，且中國一年就進口高達 400 多億美元的晶圓產品，當時鴻海就已組建一組百人團隊，專注半導體設計與製造。據業界人士透露，以鴻海在中國進口博覽會上所推出的 3 大產品來看，目前鴻海在半導體領域上的布局是以 IC 設計為主，估計晶圓製造之部分，應該會交由旗下的夏普製造。
714,2019/11/05,外資擴大淨匯入 10月熱錢湧入逾1300億元,金管會今 (5) 日公布最新外資動向，外資 10 月淨匯入約 42.8‬億美元（折合約 1300 億元），為連 2 個月淨匯入，不但比起 9 月淨匯入金額更增加，且創 21 個月來外資單月最高淨匯入；至今年 10 月底止，外資與陸資累計淨匯入達 2068.14 億美元（約 6.3 兆元），站穩 2000 億美元大關。證期局統計，至今年 10 月底止，外資累計淨匯入約 2066.26 億美元，10 月單月增加約 42.8 億美元。陸資截至 10 月底累積淨匯入約 1.880 億美元，陸資 10 月減少約 0.012 億美元，整體外資 10 月合計淨匯入 42.8 億美元。整體外資在 7 月淨匯出逾 33.92 億美元，8 月繼續淨匯出近 64.87 億美元，兩個月折合成，等於淨匯出約 3000 億元，也使累計淨匯入金額降到 1995.475 億美元，跌破 2000 億美元大關。不過，外資 9 月轉為淨匯入約 29.857 億美元後，外資累計淨匯入再度重返 2000 億美元大關，10 月又擴大淨匯入 42.8 億美元，等於兩個月淨匯入折合超過 2200 億元。至於外資買賣台股上市櫃公司方面，至今年 10 月底止，外資累計買超上市股票約新臺幣 1335.07 億元、買超上櫃股票約新臺幣 207.16 億元。陸資累計賣超上市股票約新臺幣 6.18 億元、買超上櫃股票約新臺幣 7.10 億元。
715,2019/11/05,全新10月營收月增28% 創歷史新高 看好本季表現,砷化鎵廠全新 () 今 (5) 日公告 10 月合併營收，達 2.76 億元，月增 27.52%、年增 54.52%，創下歷史新高，全新表示，受客戶需求增加，手機新品也帶動射頻元件(RF)、VCSEL 動能提升，預期第 4 季動能延續，營運表現將加溫，並看好明年 5G 手機將持續帶動成長。全新前 10 月合併營收 20.64 億元，年增 17.79%。展望本季，全新預期，客戶需求仍維持高檔，對明年樂觀看待，將有三大動能帶動成長，包括 5G 手機數量提升、Wi-Fi6、ToF(飛時測距) 安卓手機滲透率提升等。全新表示，從客戶需求看來，動能可延續至明年第 1 季，明年 2 月世界行動通訊大會 (MWC) 上，各安卓手機品牌都會推出 5G 手機搶市，已有部分廠商需求浮現。全新第 3 季合併營收 6.98 億元，季增 12.7%，年增 24.9%，毛利率 40.91%，季減 0.51 個百分點，年增 4.26 個百分點，營益率 27.43%，季增 1.32 個百分點，年增 9.15 個百分點；稅後純益 1.53 億元，季增 6.25%，年增約 1.26 倍，創近 13 季新高，每股純益 0.83 元。全新前 3 季累計營收 17.88 億元，年增 13.61%，毛利率 41.75%，年增 4.13 個百分點，營益率 25.9%，年增 2.56 個百分點；稅後純益 3.88 億元，年增 21.73%，每股純益 2.11 元。
716,2019/11/05,球頭廠鉅明Q3轉盈本季迎旺季 前3季EPS 2.52元,高球具代工大廠鉅明 () 今 (5) 日公布第 3 季財報，稅後純益 614 萬元，較去年同期轉虧為盈，累計 2019 年前 3 季稅後純益為 1.28 億元，年增 96.9%，每股純益 2.52 元。明安 () 前 3 季稅後純益為 4.27 億元，年增 26.1%，每股稅後純益 3.16 元，第 4 季將進入高爾夫產業旺季，各廠營運可望加溫。鉅明第 3 季營收為 3.22 億元，毛利率為 15.11%，季減 3.35 個百分點，年增 3.83 個百分點，稅後純益 614 萬元，較去年同期虧轉盈，單季每股純益為 0.12 元，累計前 3 季營收 15.88 億元，毛利率 18.69%，年增 0.46 個百分點，稅後純益為 1.28 億元，年增 96.9%，每股純益為 2.52 元。美中貿易戰未歇，品牌高爾夫球具廠持續轉單到中國以外地區，其中在台設廠的鉅明受惠程度最大，鉅明本身也加速投資擴廠，並以 2.89 億元購入高雄市和發產業園區新設廠用地，高雄市新廠連同土地投資金額估達 6-7 億元。鉅明主管指出，投資高雄市新廠占地 3185 坪，預計最快在 2021 年年底投產。鉅明內部訂出 2019 年業績成長 10% 目標，規畫進駐高雄和發產業園區，啟動擴廠作業，預計 3-5 年內球桿頭產能將由目前一年 70 萬顆，擴增到 100 萬顆，增幅達 40%。鉅明是全球第 4 大高爾夫球桿頭代工廠，第一大客戶為全球市占率約 4 成的高爾夫球品牌大廠 Taylor Made，而 Taylor Made 的另一下單對象是明安，目前明安也為因應美中貿易戰的不利產銷情況，著手在越南進行擴廠。
717,2019/11/05,〈中華電5G布局〉拓展軟硬體應用 部分產品已供台灣企業使用,中華電 () 研究院長林榮賜今 (5) 日表示，迎接明年 5G 商轉，中華電研究院以軟體研發為主，如行動邊緣運算、軟體定義網路、資料中心等，並與硬體業者合作研發更多產品，其中部分產品更已獲得台灣企業客戶使用。林榮賜表示，5G 有高速率、低時延、大連結等三大特性，其中 VR、AR、需要大頻寬的電競等，都是未來相當重要的發展。企業應用方面，林榮賜指出，許多應用在 4G 已展開，5G 來臨後應用更到位，包括軟體、雲端、影視平台、物聯網等，是奠定未來 5G 開發的重要基礎。林榮賜表示，研究院以軟體技術開發為主，並與硬體業者一同合作，讓軟、硬體能開發出更多產品，包括行動邊緣運算、軟體定義網路、SDDC 資料中心等，其中，部分產品已提供給台灣企業客戶使用，部分則送至國外廠商驗證中。
718,2019/11/05,精測Q3純益、EPS雙創新高 前3季EPS 14.01元,晶圓測試廠精測 () 今 (5) 日公布財報，第 3 季獲利表現亮眼，稅後純益與每股純益同創高，稅後純益 2.48 億元，季增 110%，年增 38.39%，每股稅後純益 7.55 元，前 3 季稅後純益 4.59 億元，年減 16.69%，每股稅後純益 14.01 元。精測第 3 季合併營收 11.02 億元，季增 64.48%，年增 18.77%，毛利率 54.79%，季增 2.89 個百分比，年增 4.7 個百分比，營益率 28.03%，季增 7.18 個百分比，年增 3.64 個百分比，稅後純益 2.48 億元，季增 110%，年增 38.39%，每股稅後純益 7.55 元。精測前 3 季合併營收 23.79 億元，年減 7.01%，毛利率 52.9%，年減 0.62 個百分比，營益率 23.66%，年減 3.53 個百分比，稅後純益 4.59 億元，年減 16.69%，每股稅後純益 14.01 元。精測第 3 季除受惠旺季加持，且 5G 需求明朗，數據、射頻、處理器等相關晶片的測試需求增溫，加上 VPC(垂直試探針) 開始貢獻營收，三引擎驅動下，成長動能強勁，也帶動營收創下單季歷史新高。法人認為，隨著 5G 即將商轉，精測 5G 動能可望延續至第 4 季，營收季減幅在 1 成內，全年營收估可達 33 億元，將創歷史新高，不過，獲利部分則受上半年影響，表現低於營收。
719,2019/11/05,航空業者須揭露罷工三階段資訊 違者最高可罰300萬元,國內航空業今年來面臨二度罷工，為保障消費者權益，交通部今 (5) 日公告修正「民用航空運輸業管理規則」，要求國籍航空業者須在勞方舉行罷工投票、取得罷工權及開始罷工等 3 階段，向乘客揭露各項資訊，違者若限期未改善，可依民航法開罰 60 到 300 萬元罰鍰。根據民用航空運輸業管理規則第 35 條之 5 草案規定，民航業就勞方舉行罷工投票、取得罷工權及開始罷工等 3 個勞資爭議進程，應在公司網站或其他適當管道揭露適當資訊。一、勞工舉行罷工投票時，應揭露投票起始日期、消費者諮詢協助管道、航班異動處理原則。二、勞工取得罷工權後，業者應揭露取得罷工權日期、旅客諮詢協助管道、航班異動資訊公布方式、通知旅客方式、受影響旅客如何安排等。三、勞工開始罷工後，業者須在網站設置專區，並在旅客訂票過程揭露資訊，包括開始罷工日期及時間、航班異動資訊、海內外旅客諮詢管道及受影響旅客權益補償措施等。為保障消費者權益，國籍航空業者若有缺失，可須依民航法第 57 條限期改善，限期未改善者可依民航法 112 條處 60 至 300 萬元罰鍰。
720,2019/11/05,大立光10月營收66.26億元連3月創高 11月動能仍強,大立光 () 今 (5) 日公布 10 月營收為 66.26 億元，再創歷史新高，連續 3 個月登巔峰，月增 0.45%，年增 27.2%，對於 11 月營運走勢，大立光仍樂觀看待，維持執行長林恩平日前法說會上的說法，估 11 月營收即使較 10 月下滑，幅度也不會太大。大立光前 10 月營收 490.13 億元，年增 14.74%；10 月出貨產品結構中，1000 萬畫素以上鏡頭占比 50-60%，800 萬畫素鏡頭產品占比 10-20%，2000 萬畫素以上產品占比 10-20%，其他產品占比 10% 以內。面對手機鏡頭市場競爭，大立光 7P 鏡頭出貨已明顯提升，8P 鏡頭仍在設計中。大立光第 3 季稅後純益為 85.65 億元，每股純益為 63.85 元，前 3 季稅後純益為 201.7 億元，年增 12.73%，每股純益為 150.37 元；在台股各發行公司陸續發布前 3 季財報，大立光仍居每股純益王。大立光去年在台中精密機械園區完工的二廠，依客戶訂單需求移入設備及產能，可利用的空間也將在今年底填滿，大立光新購入的 4 處土地及廠房中，已有一處現有廠房已用於產能擴充，其餘 3 處可建廠土地，即使立即投入興建，最快開出新產能也是在 2023 年之後。大立光今日股價收盤報 4615 元，上漲 45 元或 0.98%，成交量為 715 張，日系外資仍看好大立光成長性，目標價上看 5500 元，歐系外資評等為「表現優於大盤」，目標價為 5400 元。
721,2019/11/05,NRE與量產同步加溫 創意10月營收9億元 創今年新高,ASIC 廠創意 () 今 (5) 日公布 10 月營收 9.09 億元，月增 20.15%，年減 29.98%，創今年新高，累計前 10 月合併營收 83.22 億元，年減 25.73%，創意 10 月量產、NRE(委託設計) 業績皆成長，其中，NRE 營收顯著成長，月增 101%，達 2.25 億元，營收比重也提升 10 個百分比至 25%。創意 10 月 ASIC(特殊應用晶片) 營收 6.74 億元，月增 11.96%，NRE 營收 2.25 億元，月增 101%，以營收比重來看，ASIC 約 74%，月減 6 個百分比，NRE 約 25%，月增 10 個百分比。創意指出，今年消費性市場需求恢復較預期慢，加上訂單熄火，影響今年營收恐雙位數下滑，其中，NRE 營收估年減個位數，ASIC 營收估年減雙位數。不過，創意仍看好明年先進製程案件，因發酵期長，預計明年上半年才會放量，加上 AI、5G、HPC(高效能運算) 等應用推升，也有助開案需求提高。
722,2019/11/05,【日盛投顧】指數創新高，權值股輪動,"◆盤勢分析1. 美中貿易談判樂觀，帶動全球股市再度續強，台股周二再度以高盤跳空開出，指數再創波段高點，持續沿五日線走強，均線多頭排列，成交量仍維持在 1,500 億以上，櫃買 OTC 指數今日漲幅仍比集中市場小。盤面資金聚焦電子權值股、NB 代工、PA、散熱及鋼鐵相關個股，終場指數上漲 87.18 點，漲幅 0.75%，收在 11,644.03 點，成交金額為 1,534.76 億元。三大法人合計買超 169.96 億元：外資買超 131.57 億元、投信買超 0.77 億元、自營商買超 37.62 億元。2. 台股觀盤重點：（1）、量能：指數上漲成交量維持在 1,500 億以上，後勢下跌須量縮，反彈則須量增。（2）、均線：下檔支撐為 11,400 點附近，上檔壓力 11,800 點附近。（3）、技術指標：KD 在 80 以上超買區，短線偏多但須提防過高拉回。  （4）、觀盤指標股：2330 台積電能否守穩 5 日線持續創新高。3. 上漲 0.67%，收在 146.97 點。短線支撐為 143 點附近，壓力為 148 點附近。4. 台股選股方向可留意半導體、TWS、汽車零組件、資產營建、生技。半導體、蘋概、TWS、生技、資產營建1.NB 代工：外資熱錢持續不斷湧進台股，買超標的以電子權值股為重心，拉抬 2330 台積電、3008 大立光、2454 聯發科持續不斷創新高外，上周轉進 2317 鴻海，本周起陸續鎖定電子 5 哥的 NB 代工廠，2382 廣達連續 3 個交易日帶量噴出帶動 2324 仁寶今日出量越過所有均線，2356 英業達連續 2 個交易日呈現上漲即將挑戰年線。2.PA：受惠去美化轉單效應，公布 10 月營收仍持續亮眼，在外資買盤推升下 2455 全新再創今年新高帶動 8086 宏捷科及 3105 穩懋轉強。3. 散熱：受惠 AMD 概念股利多題材，3653 健策股價周二以中長紅突破再創新高，帶動二線散熱股 2421 建準放量中長紅，股價突破今年新高。4. 鋼鐵：受惠庫存消化及外資買盤力拱下，2002 中鋼股價接連 3 個交易日呈現上漲突破走勢，帶動 2014 中鴻周二股價出現帶大量長紅棒一舉突破季線反壓，由於整體國際鋼市尚未明顯有反轉向上趨勢，短線上外資熱錢買超的主因應是買權值股拉抬指數的企圖心，股價後市仍有待國際鋼市基本面走勢。"
723,2019/11/05,【群益投顧】電子權值持強引領多頭 台股繼續改寫波段新高,由於市場對於美中貿易談判前景感到樂觀，加上近期美國經濟數據與企業獲利表現穩健，持續推升週一美股走揚，四大指數同步改寫歷史新高；工業收盤上漲 0.42%、 收高 0.37%、收漲 0.56%、更大漲 2.319%。歐股方面，消息指出美國可能不對歐洲汽車開徵新關稅，帶動泛歐 STOXX600 指數收漲 1.00%，三大主要市場收盤漲幅都達到 1% 上下。今早亞股普遍在平盤附近震盪，台股以上漲 20 點開出，終場以上漲 87.18 點或 0.75% 收盤，收在 11644.03 點，成交金額 1528.02 億元。盤面結構，類股漲多跌少，電子權值聯發科、台積電、鴻海等續強，加上金融穩步走高，雙雙支撐指數續揚，傳產以汽車、鋼鐵漲幅較為領先，食品、紡織的表現相對落後。美中持續釋放貿易協議的相關正面訊息，為市場持續營造樂觀氛圍，加持國際股市偏多表現。台股小幅跳空開高後持續高檔整理，尾盤拉升至當日最高，以紅 K 上漲 87 點作收，成交量略縮至 1550 億元以下，短多氣勢不減推升指數續寫新高，成交動能增溫、尚未失控，儘管逢高走勢有所震盪但暫無庸設限，惟個股操作仍須確實依照短期均線變化順勢因應。美國商務部長羅斯週日表示，對於美中在 11 月達成第一階段貿易協議持樂觀態度，並透露可能很快就會發出允許美國企業出售零組件給華為的出口許可；由於華為是全球最大 5G 基地台供應商，同時又是全球第二大手機廠，如若美方在出口許可有所解禁，將有利相關供應鏈出貨動能回升。蘋果 iPhone11 新機銷售優於預期，帶動機殼供應商產能利用率獲得改善，預期明年蘋果 iPhone、iPad 與 Mac 出貨量均能較今年成長，加上預期 5GiPhone 金屬中框、機殼規格升級，不僅加工程序需求增加且須整合複合材質，將帶動平均單價提升，有助金屬機殼廠明年營運成長動能。任天堂旗下遊戲機 Switch 系列持續熱銷，統計上市以來至 2019 年 9 月底止已賣出 4，167 萬台，由於中國大陸即將於 12 月正式開賣，正可趁著農曆春節前的購物熱潮衝一波買氣，根據任天堂表示，有信心累計銷售量在 2020 年 3 月底前達到 5，000 萬台水準，預料對相關供應鏈營運將持續發揮帶動力。電子：台達電 (2308)、玉晶光 (3406)、矽力 (6415)、聯詠 (3034)、健鼎 (3044)非電：和泰車 (2207)、豐泰 (9910)、億豐 (8464)、亞德客 (1590)、裕民 (2606)本文係研究員對大盤之看法，僅供參考，不做進出依據
724,2019/11/05,【運達投資】輪動快操作有陷阱,◆盤勢分析台股近日屢創新高且成交量也從 10 月份均量約 1300 億增加來到 1500 億元以上，量價增溫對台股屢創新高有利但量能也不能擴的太大，因為台股近日結構輪漲速度過快若出現大量不漲對多頭並不利，所以個股操作要留意輪動的機會在哪？重點分析如下：1. 美中貿易協商傳出好消息，美股從科技、金融到能源類股同步大漲激勵美股 4 大指數全刷歷史新高，當美股維持多頭強勢對亞股的補漲是一大利多，台股從 10 月走出攻擊波 11 月才幾個交易日週月線也都是同步上漲的，不過到了月底 11 月 K 線是否可以維持強勢則是台股是否挑戰 12682 點的關鍵點，要研判 11 月台股是否可維持強勢到月底？這一點必須就亞股的結構以及籌碼面包含匯率的動向以及外資籌碼面來做研判。2. 先就亞股結構來看韓股昨天突 9 月高點已經有補漲之姿，亞股中最弱勢的港股這兩天也出現大漲並且也突破 9 月前高出現 8 月以來的底部型態，陸股目前是偏向整理站上月線，若是陸股也能突破 9 月高點那麼將會激勵台股往歷史高點挑戰，就亞股結構來看有利台股持續上攻。3. 就籌碼的角度來看，匯率近日連續升破兩個關卡 30.5 與 30.4，強力的升值也讓外資的買超持續，就 10 月至今外資總買超 1474 億，外資近期連 16 買創 2016 年 2 月 25 日以來最長買超紀錄，今日將挑戰 1999 年 9 月寫下的連 17 買紀錄。不過 10 月份至今投信只買超 17.7 億、自營商卻賣超 118 億元，融資增加了 87 億、融券增加 4.9 萬張，就資券變化來看融資軋空手明顯融券屢創新高也正在軋空單，接下來是外資軋空投信與自營商持股不足的現象目前也正在進行中；而外資昨天期貨多單增加 2734 口總多單來到 6.1 萬口這個口數也是創今年的新高，可見外資在匯率升值的背景下期現貨都是積極做多，這一波軋空的氣勢又在美股創歷史新高以及亞股補漲的帶動下很有機會在 20 號結算前就先持續走出軋空，因此在這段軋空屢創新高的走勢下要留意的是台股是否有暴量不漲的現象發生，若有此技術面量價關係出現變化時則是外資有逢高調節獲利出場的跡象。4. 近日台股在上漲的過程中有個現象：輪動速度過快。每當出現輪漲速度過快的現象時也都伴隨著誘多追高的陷阱，尤其當近日台股創高的結構已經開始輪掌到金融股這對市場會有吸金的效應，對於漲多的電子股則要留意有調節出場的風險，因此近期我們建議操作上掌握低檔位階股市 11 月的操作原則。※以上內容由蕭春源分析師 整理提供，投資人於投資前請審慎評估，遵守紀律，嚴設停利停損。
725,2019/11/05,牧德10月營收持續下滑 達1.72億元創24個月新低,AOI 設備廠牧德 () 今 (5) 日公布 10 月營收為 1.72 億元，月減 4.91%，年減 45.52%，創 24 個月來新低，累計前 10 月營收 22.65 億元，年減 12.31%，牧德也公布財報，前 3 季稅後純益 7.68 億元，年減 19.58%，每股純益為 18.02 元，仍居設備股之冠。牧德主管指出，由於銷售產品組合不同，且整體景氣不佳，高單價半導體檢測設備如矽晶圓檢測、COF 產品檢測設備等出貨時程延後，預計認列營收時間點，將遞延至 2020 年第 1 季後。牧德第 3 季營收 6.43 億元，毛利率 62.82%，季減 4.54 個百分點，年減 9.98 個百分點，稅後純益 1.96 億元，季減 36.89%，年減 54.37%，每股純益為 4.6 元。牧德前 3 季營收 20.93 億元，毛利率 66.14%，年減 5.39 個百分點，稅後純益為 7.68 億元，年減 19.58%，每股純益為 18.02 元。受惠新世代手機 ABF 載板需求提高，進而帶動如欣興 () 載板廠明確的擴廠計畫，牧德也尋求積極切入設備採購清單中。
726,2019/11/05,聯嘉10月營收寫新高 Q4展望樂觀,汽車車燈廠聯嘉 () 作為特斯拉供應鏈之一，隨著 Model 3 出貨增加，加上第四季出貨福特一款新車和 BMW 二款新車，推升 10 月合併營收衝上 4.34 億元，月增 10.86%、年增 25.45%，寫單月新高；前 10 月合併營收 35.89 億元，年增 25.08%，法人看好，第四季業績續衝高可期。聯嘉主要提供特斯拉 Model 3 燈具，包括尾燈和煞車燈，同時，對其他知名車廠的新車款出貨，另外還有美國 SUV 和皮卡車款的專案，皆使營收動能無虞。聯嘉表示，目前長期訂單已看到 2022 年，為此也擴充產能，美國新廠年底前完成 2 條新設模組產線，中國東莞廠年底前完成 2 條新設模組產線和 1 條精密製件產線，台灣總部也將新增 2 條新設模組產線，同時還有新建廠房中。法人認為，聯嘉去年以來營收維持高成長動能，隨著後續新產能陸續開出，配合特斯拉上海廠即將量產，有利於後續評價提升。
727,2019/11/05,台光電10月營收23.11億元史上第3高 已連3月站穩23億元,CCL 廠第 3 季進入旺季，各廠營收 10 月維持在歷史高檔，台光電 () 今 (5) 日公布 10 月營收 23.11 億元，與上月相當，也創歷史第 3 高，連 3 個月營收站上 23 億元，月減 0.04%，年增 15.35%。聯茂 () 10 月營收為 21.3 億元，則創單月歷史次高，也是單月營收連 4 個月站上 20 億元。台光電 10 月營收 23.11 億元，累計前 10 月營收突破破億元，達 203.94 億元，年增 4.63%。台光電第 3 季營收 69.75 億元，毛利率躍升到 26.14%，季增 1.6 個百分點，年增 4.08 個百分點，稅後純益 9.59 億元，季增 43%，年增 47.3%，每股純益達 3 元；前 3 季營收為 180.85 億元，毛利率 24.21%，年增 3.64 個百分點，稅後純益為 21.05 億元，年增 58.87%，每股純益為 6.59 元。台光電前 3 季每股純益，也居 CCL 廠之首。聯茂今年第 3 季營收 63.7 億元創新高，稅後純益 7.15 億元也同步衝高，累計今年前 3 季稅後純益 17.99 億元，超過 2018 年全年，年增 43.94%，每股純益達 5.94 元。聯茂 10 月營收 21.3 億元，創次高，月增 2.27%，年增 26.7%，累計前 10 月營收為 197.58 億元，年增 4.33%。聯茂第 4 季純益與第 3 季大致相同，2019 年全年每股稅後純益估達 8 元以上，江西新產能 10 月中後也將陸續開出，第 4 季接單旺盛下，將持續推升營收成長。
728,2019/11/05,〈聯亞法說〉Q3純益季增逾1成 EPS 1.39元 前3季每股賺3.8元,光通訊廠聯亞 () 今 (5) 日舉辦線上法說，並公布第 3 季財報，稅後純益 1.4 億元，季增 11.11%、年減 9.09%，每股純益 1.54 元，累計今年前 3 季稅後純益 3.44 億元，年減 28.5%，每股純益 3.8 元。聯亞第 3 季營收 6.01 億元，季增 5.44%、年減 0.66%，毛利率 50.58%，季增 0.41 個百分點、年減 3.8 個百分點，營益率 26.96%，季減 1.64 個百分點、年減 3.46 個百分點，稅後純益達 1.4 億元，季增 11.11%、年減 9.09%，每股純益 1.54 元。聯亞累計今年前 3 季營收 16.17 億元，年減 4.1%，毛利率 48.73%，年減 4.83 個百分點，營益率 25.85%，年減 8. 91 個百分點，稅後純益 3.44 億元，年減 28.5%，每股純益 3.8 元。聯亞表示，第 3 季受矽光產品客戶推遲出貨影響，加上部分新產品良率仍不高，影響整體營收表現略低於預期，預期 11、12 月矽光產品出貨將恢復以往水準，電信產品也可望持續回溫，對明年 5G 需求也樂觀看待。以聯亞第 3 季產品應用營收占比來看，電信 (Telecom) 應用占比 30-35%、數據 (Datacom) 應用占 55-58%，剩下則為消費性、工業等應用。聯亞今也公布 10 月合併營收 1.67 億元，月減 9.57%、年減 26.93%，累計今年前 10 月營收 17.84 億元，年減 6.81%。
729,2019/11/05,台股盤後－台積電尾盤爆量 指數收今日最高11644點 續創29年新高,受美股四大指數創高，亞股延續強勁漲勢，台股在電子權值股點火下，指數持續墊高，盤中衝破 11600 點關卡，台積電則在尾盤獲進場點火，指數終場收在今日最高點 11644.03 點、上漲 87.18 點或 0.75%，再寫 29 年新高，成交值為 1528 億元。觀察電子三雄表現，台積電尾盤獲買盤進駐，再以新高價作收，終場收漲 310.5 元，帶動市值突破 8 兆元；大立光盤中直衝 4680 元，創近 6 個月新高，雖然一度急殺至平盤翻黑，隨後又撐回盤上，收在 4615 元，上漲 45 元或 0.98%；鴻海則一舉突破 90 元關卡，最高至 90.4 元，終場也站穩 90 元，漲幅 1.12%。IC 設計則由聯發科帶頭，終場收漲 425 元，漲幅逾 3%，再創波段新高，金麗科亮燈漲停，群聯漲逾 5%，聯詠、致新漲幅逾 2%，創意、閎康、瑞昱表現也不俗。隨著第 3 季財報陸續公布，也牽動個股表現，群電營收、獲利創高，全年可望挑戰新高，終場收在漲停價 66.1 元，穩懋、宏捷科 10 月營收再創歷史新高，也獲買盤簇擁，表現不俗。休息多日的散熱族群，今日表現也強勁，其中健策亮燈漲停，來到 182 元，泰碩漲幅逾 3%，奇鋐漲幅逾 2%，雙鴻、超眾、力致均在盤上。法人表示，台股均線呈多頭排列，加上外資持續買盤，推升指數續創新高，震盪向上格局不變，惟獲利調節賣壓不輕，不容忽視。
730,2019/11/05,〈台塑四寶業績發表〉四寶10月營收回溫月增4% 台塑月增8.7%冠四寶,台塑四寶今 (5) 日公告 10 月合併營收共 1172 億元，受惠歲修定檢廠數減少，開工率提高，營收月增 4.1%，但由於美中貿易戰衝擊石化產品價格，使營收年減 22.6%，其中又以台塑表現最亮眼，在定檢廠數大幅減少，加上美國 HDPE 廠開工率提高下，營收月增 8.7%，增幅冠四寶。台塑 10 月營收 165.83 億元，月增 8.7%，年減 15.8%；前 10 個月累計營收 1758.8 億元，年減 9.2%。台塑指出，10 月由於定檢廠數大幅減少，且美國 HDPE 廠開工率提高，產銷量增加，使 PVC、液鹼及 PE 等產品銷售量成長，營收增加 19.5 億元，但 PP 受到中國下游客戶去化庫存影響，銷售量減少，影響營收下滑 4 億元。與去年同期相較，台塑指出，今年 10 月因麥寮及寧波 AE 廠檢修，產量減少，使銷售量差減少 2.8 億元；今年受中美貿易戰及同業新產能開出影響，石化原料價格疲軟，使銷售價差減少 28.2 億元。南亞 10 月合併營收 241.99 億元，月增 2.8%，年減 33.1％；前 10 個月累計營收 2388.57 億元，年減 15.56%。南亞指出，10 月銷售量差增加 5.7 億元，銷售價差增加 0.9 億元。其中，聚酯產品、化工產品因銷售量成長，營收分別增加 3 億元、2.9 億元，電子材料產品因入淡季，加上十一長假影響，營收減少 0.4 億元。與去年同期相較，南亞表示，10 月銷售量差增加 4.5 億元，銷售價差減少 37.6 億元，今年 EG 產品銷售量較去年同期增溫，但聚酯產品市場需求不如去年，價格方面，主要受到塑化產品價格下跌影響，使銷售價差大幅減少。台化 10 月合併營收 248.7 億元，月增 1.8%，年減 31.1%；前 10 個月累計營收 2760.42 億元，年減 19.37%。台化指出，10 月銷售量差增加 8 億元、銷售價差減少 3.6 億元，其中，台化廠銷售量增加 1.8 億元，台化出光、台灣醋酸因定檢完成，產銷量增加 5.2 億元，越南 FIC 增加 1.8 億元。價格方面，除丙酮因同業減產價格回升外，其餘產品因供應充足，市場觀望氣氛濃，影響行情表現偏弱。與去年同期相較，台化指出，銷售量差減少 44.4 億元、銷售價差減少 67.6 億元，由於受 ARO-3 廠事故影響，後段製程僅開一線，PX 減少外售及萃餘油等回售塑化減少，衝擊台化售量減少 43.8 億元，台化出光台灣醋酸減少 4.1 億元，台化寧波增加 3 億元，福懋增加 1.3 億元。價格方面，石化塑膠產品去年 10 月開始價格開始滑落，加上大陸新產能投產，產品售價大幅下滑。台塑化 10 月合併營收 515.96 億元，月增 4.3%，年減 24.4%；前 10 個月累計營收 5468.48 億元，年減 15.06%。台塑化表示，10 月銷售量差較 9 月增加 32.6 億元、銷售價差減少 11.3 億元，其中，煉油事業由於 CDU#1、CDU#3 及 RDS#1 等單元實施定檢，營收月減 2.6%；烯烴事業 10 月產能利用率達 90%，高於 9 月的 66%，帶動營收月增 23.6%。與去年同期相較，台塑化指出，今年 10 月銷售量差減少 39 億元、銷售價差減少 127.6 億元，其中，煉油事業受到油品平均售價減少影響，營收年減 22.1%；烯烴事業則是因產能利用率較去年同期低，且烯烴產品平均售價較去年同期每噸低 238 美元，使營收年減 34.9%。
731,2019/11/05,RCEP明年簽署恐影響台經濟 沈榮津：7成貿易已零關稅、3成靠轉型因應,東南亞國家協會發起的區域全面經濟夥伴協定 (RCEP)，日前完成談判，預計明年將簽署協定，對此經濟部長沈榮津今 (5) 日表示，目前台灣與 RCEP 參與國貿易額有 7 成都是零關稅，至於剩下 3 成受影響的部分，可透過產業轉型、提高產品附加價值來因應。沈榮津表示，與 RCEP 參與國貿易額有 7 成都是零關稅，主要受影響的會是剩下的 3 成產品，但若是高科技產品，台灣相對有競爭力，如果是傳統產業，則要看性價比，他也強調，業者都知道面對區域經濟整合，要持續往高附加價值升級轉型，政府也會持續關心 RCEP 簽署後對台灣可能影響，並提供協助。區域全面經濟夥伴協定 RCEP 目前由東南亞國家協會 (ASEAN) 十國，包括汶萊、柬埔寨、印尼、寮國、馬來西亞、緬甸、菲律賓、新加坡、泰國、越南，並與其他包括中國、日本、南韓、澳洲、紐西蘭等 15 個國家共同組成，但不包括台灣，印度也表明不參與 RCEP。另一方面，針對中國國台辦最新公布的 26 項惠台措施，沈榮津表示，產業界都已看清其本質，像去年公布的 31 項措施，表面雖然對台灣有好處，實際卻是對中國有利，甚至過去中國挖角台灣高科技人才，一年就被用完就丟，因此大家已經認清事實，他也強調經濟部針對資金、人才、技術進出，都會進行嚴格審查。沈榮津今出席人才循環大聯盟計畫高峰會，他表示，希望透過這個計畫，讓台灣人走出國際、拓展國際視野，並藉由台美雙方企業交流，創造更多投資、授權的合作機會，吸引國外專業技術人才進來，共創雙贏。
732,2019/11/05,去年中小企家數、就業人數雙創近年新高 出口額轉正,經濟部今 (5) 日發布《2019 年中小企業白皮書》指出，去年台灣中小企業家數為 146.6 萬家，年增約 2%，就業人數達 896.5 萬人，年增 0.69%，雙創近年最高紀錄，內銷及外銷也呈現穩定增長，其中，出口成長率由負轉正。根據統計，去年台灣中小企業家數為 146 萬 6209 家，占全體企業 97.64%，較前一年增加 1.99%；中小企業就業人數達 896.5 萬人，占全國就業人數 78.41%，年增 0.69%，皆創下近年來最高紀錄，顯示中小企業不僅穩定成長，更為我國經濟發展及創造就業賦予關鍵動能。在銷售額方面，去年中小企業高達 12 兆 6245 億元，年增 3.99%。其中，有近 9 成來自內銷，銷售額為 11 兆 1716 億元，年成長 4.24%；出口額為 1 兆 4529 億元，也較前一年增加 2.15%，出口成長率由負轉正。至於新設中小企業部分，去年成立未滿一年共 10 萬 2189 家，占全體新設企業的 99.84%，年增 6.23%。經濟部指出，顯見我國中小企業去年銷售表現優於以往，且創業數量呈明顯成長態勢。經濟部表示，因應國內外經濟情勢變化，政府積極推動新措施，包括支持國內中小企業升級轉型、提升競爭力，推動「中小企業加速投資行動方案」；在協助企業創新創業活動上，設立「林口新創園（Startup Terrace）－國際創業聚落」，打造新創未來城。
733,2019/11/05,〈人才循環高峰會〉推大聯盟計畫打造台灣人才庫 未來有四大目標,數位轉型已成為各行業發展趨勢，資策會今 (5) 日攜手美國 ATD 人才發展協會、美國在台協會 AIT 共同推動人才循環大聯盟計畫 (TCA)，預計 5 年內促成 425 位產業人才海外見習，美國在台協會處長酈英傑表示，希望藉由計畫推動台灣人才流通，打造專業人才庫，未來也將朝 4 大目標努力。酈英傑進一步表示，今年 4 月推出的人才循環大聯盟計畫 (TCA) ，是一項公私部門合作夥伴關係，目的在於培育與國際接軌，並精通數位科技的專業人才，未來有 4 大目標，首先，希望藉助台灣政府部門、學界及公民社會的領袖人物的經驗，協助未來世代發展，第二，預防人才流失，第三，協助台灣內部發展人才，幫助台灣轉型發展創新型經濟，第四，拓展台灣國際能見度。副總統陳建仁表示，人才是未來發展的重要關鍵，如何育才、留才、攬才是台灣正面臨的問題，因此政府特別與美國在台協會 MIT 合作，全力推動產業全球化，並促進數位轉型國際人才培育，建立跨國人才庫與國際接軌，拓展台灣國際能見度，未來將完善各項制度，除了建立優質環境吸引人才，也要強化本土人才的國際經驗，擴大經濟規模，讓資源有效利用，打造台灣成為亞州軟實力的新典範。今也邀請台積電 () 創辦人張忠謀以自身帶領台灣品牌成為國際企業的思維與人才規劃，進行演講分享。
734,2019/11/05,〈燦坤衝雙11〉逾千項商品降價億元 拚業績年增雙位數,燦坤 () 迎戰雙 11，總經理李佳峰今 (5) 日宣布「雙 11 全民購物節」開跑，獨家引進 3 大科技品牌，包括睿米科技、華米科技及 Yeelight，共千款商品同步優惠，降價總額超過 1 億元，預估業績能較去年同檔期成長雙位數。李佳峰看好「雙 11 全民購物節」買氣，加上共逾千項產品降價，預計熱銷的商品，分別為日本廠牌冰箱、SONY 電視、華碩 I7 電競筆電及 3 項獨家產品等，法人估，除帶動本季營運動能外，可占單月營收比重的 3-5 成。獨家產品方面，李佳峰表示，睿米科技有多項吸塵產品，銷售全球逾 60 個國家，首度引進睿米 Roidmi X20 吸拖一體無線吸塵器來台。易來 Yeeligh 的照明裝置，中國出貨量居冠，全球市場出貨量為前 3 大，引進靈動 LED 檯燈，限量 700 組，預計 11 月下旬開始出貨。華米為智慧穿戴裝置廠，中國市占率為前 5 大，並於紐交所上市，李佳峰表示，共引進華米兩款產品，Amazfit GTS 魅力版智慧手錶，共有消光黑、玫瑰金、紳士藍等 3 色金屬錶身，另 Amazfit GTS 紳士版智慧手錶，續航力達 24 天，價格現省 500 元。
735,2019/11/05,亞系外資點名二個原因 升評鴻海喊買目標價107元,外資近期接棒力挺鴻海 ()，又有一家亞系外資出具報告，看好明年起 iPhone 新品發布周期可望由 1 年 1 次變成 1 年 2 次，且鴻海在明年下半年新款 iPhone 組裝代工訂單比重依舊維持領先，上調明後年每股純益預估 9%、8.9%，評等由中立調升至買進，目標價 107 元。亞系外資認為，明年將是 iPhone 主要產品升級的一年，新版 iPhone 可能會採用 5G，而鴻海依舊是主要合作夥伴，估鴻海明年在 iPhone 組裝代工的比重將由 62% 略增至 63%。亞系外資進一步指出，雖然最近的 iPhone 11 和 iPhone SE2 是由和碩 () 操刀，但鴻海仍有 50% 的 iPhone 11 訂單、30-40% 的 iPhone SE2，明年下半年蘋果可望推出包含 5G 版本在內的 4 款新 iPhone，鴻海在其中 3 款的訂單比重可望領先，有助鴻海明年營業利益。此外，亞系外資也預測，明後年開始，蘋果 iPhone 新品發表的周期，將從 1 年 1 次，提升至 1 年 2 次，有助降低產品銷售的季節性風險，加上貿易戰狀況好轉，也有助鴻海後續股價走勢。亞系外資上調鴻海明、後年的每股純益預估至 8.95 元、9.64 元，調升幅度分別為 9% 及 8.9%。
736,2019/11/05,朋億Q4進入營收入帳高峰 全年減幅可望收斂,半導體設備商朋億 () 今 (5) 日表示，中國半導體廠遞延的資本支出，陸續在下半年落實，推升半導體設備廠朋億第 3 季營收、獲利成長，朋億預估，第 4 季至明年第 1 季將是營收認列的高峰，法人指出，朋億第 4 季營運可望優於上季與去年同期，有助全年營收年減幅縮小至個位數，年減約 8-9% ，獲利減幅更可望少於營收。朋億指出，目前在手訂單金額較去年同期成長約 15%，訂單來源以中國為主，比重達 8 成，其中半導體業占比約 7 成，顯現中國扶植半導體產業的決心，也顯示半導體業務是營收成長主要動能。朋億表示，今年上半年受全球景氣影響，營運動能趨緩，但下半年隨著客戶遞延的資本支出開始落實，半導體設備市場回溫，預估下半年營運將優於上半年，法人估，朋億今年營收年減幅將縮減至個位數，可望達 44 億元，而雙率則可持平去年，獲利估小幅衰退。朋億也因中國面板廠擴建機會減少，積極發展節能環保相關領域，主要布局廢液處理、回收系統，預計明年開始逐步發酵。朋億第 3 季合併營收 10.67 億元，季增 5.43%，年增 0.47%，毛利率 27.01%，季增 11.57 個百分比，年增 3.24 個百分比，營益率 17.9%，季增 12.56 個百分比，年增 3 個百分比，稅後純益 1.57 億元，季增 166%，年增 18.05%，每股稅後純益 4.61 元。朋億前 3 季合併營收 33.06 億元，年減 16.24%，毛利率 23.33%，年增 1.92 個百分比，營益率 14.16%，年減 0.26 個百分比，稅後純益 3.72 億元，年減 18.96%，每股稅後純益 10.96 元。
737,2019/11/05,母親遭網友惡意攻擊 郭台銘赴刑事局報案並發表聲明,有網友在臉書上惡意散播鴻海 () 創辦人郭台銘母親搶救無效的不實消息，郭台銘今 (5) 日親赴刑事局報案提告並發表聲明，盼警方以及司法公權力能將該名網友繩之以法。郭台銘聲明全文如下：從我宣布參加國民黨內總統初選開始，各種黑郭言論和假新聞就傾巢而出，針對我、針對我的同仁、和我的支持者，辱罵恐嚇從來沒有間斷。在我不參與總統選舉後，黑郭言論卻變本加厲，說我欠債破產、甚至恐嚇我的小孩，詛咒我的母親。我很遺憾，選舉如此扭曲人性，上周已經透過幕僚提告，希望能遏止歪風。沒想到不到一個禮拜的時間，又有人訛傳我母親的假消息，這已經不是黑郭，而是極度惡質、泯滅人性的言詞。誰沒有母親，更何況我母親是我最大的支柱，國民黨的立委可以咒我被車撞死，但是任何人都不能詛咒我母親，因為沒有他，就沒有今天的我。我相信我熱愛的中華民國，這個自由民主的國度，沒有人該為彼此的立場不同，遭受辱罵。如果藍、綠執政，都只是坐視不管，無法有效終止網路霸凌，那我要如何讓我的支持者，去支持兩黨推出的候選人呢?今天，我決定站出來，向這些扭曲邪惡的網路言論、向這些躲在鍵盤後面，用偏激不實假消息，挑動社會對立的人宣戰。每個人都有免於恐懼的自由，我再也無法忍受少數人因為政治立場，撕裂社會，傷害台灣的真善美，我也呼籲，和我一樣身受其害的朋友們勇敢站出來，糾正錯誤，終結霸凌。
738,2019/11/05,〈人才循環高峰會〉張忠謀：台灣很小 培養世界觀很重要,台積電 () 創辦人張忠謀今 (5) 日出席人才循環大聯盟高峰會表示，循環經濟是很自然的事情，自己就是一個很大的受益者，當初從美國帶回來最重要的資產是世界觀，而不是技術，他表示，台灣很小，但培養世界觀很重要。張忠謀指出，他在美國 36 年學到比大學教育更重要的事情是世界觀，台灣是相當小的地方，但缺乏世界觀，很多 50、60 歲的人常常談論當年讀台大的時候做了什麼，但在美國並不會聽到 50、60 歲的人，談論當年在哈佛做了什麼，因為美國人才很多，會碰到很多能幹的人，在交流的過程中，會學習到世界觀、謙遜 (modesty)，他也說，從 MIT 畢業之後很少再提 MIT。張忠謀進一步指出，從美國回來擔任工研院院長，到後來創辦台積電，最重要的不是帶技術回來，而是把世界觀帶進台灣，世界觀不是偏門知識，而是最重要的資產，台積電培育人才，也讓台灣能看見國際。以台積電為例，張忠謀表示，副總級以上的高階主管，至少有一半的人在台灣接受大學教育，然後在美國讀研究所，回台灣剛開始也是從低階工程師開始一路做到高階主管，當初頭 3 個總經理都是華裔美國人，他們就是台美人才循環的例子，後來回到美國後，1 個做創投、1 個創辦公司、1 個從事專業經理人，都走出自己的路。
739,2019/11/05,台股盤中─台積電、鴻海撐住漲勢 大盤驚驚漲衝上11623點,台股今 (5) 日在美股收盤上漲激勵之下，早盤鴻海 ()、台積電 () 及大立光等權值持續上漲，推升指數走高，盤中最高到 11623.05 點，再寫 29 年新高，證券分析師黃漢成指出，台股震盪向上格局將不變，但現階段賣壓不容忽視。台股可能出現的賣壓，來自於匯市出現微幅走貶態勢，外資恐有撤離跡象；國泰證期顧問處協理簡伯儀也說，目前指數與季線乖離過大，指數恐引來進一步修正。台股今天早盤開在 11576.18 點，最高 11623.05 點，預估全場成交值在 1500 億元，盤中大立光股價從 4680 元急殺至平盤附近，市場擔憂 11 月接單狀況可能有較大的月衰退幅度。現階段上市櫃公司陸續發布 10 月營收及第 3 季財報，黃漢成說，今天的盤面來看，市場選股朝營收、獲利成長股流動，台星科 、宏捷科及穩懋等個股都受矚目。黃漢成說，台股仍處於多頭格局，目前來看，仍將震盪向上。
740,2019/11/05,沃旭能源首度在台發綠債 發行規模上看120億元,離岸風電開發商沃旭能源今 (5) 日宣布，沃旭丹麥 (Ørsted A/S) 將發行計價綠色優先無擔保債券，為沃旭在台灣離岸風電重大投資案籌資，這也是沃旭首次在台灣市場發行債券，預計發行 2 檔綠色優先無擔保債券，發行年期分別為 7 年和 15 年，根據市場情況，總發行面額最高為 120 億元。沃旭能源表示，此次綠色優先無擔保債券的最終發行總額和定價，將在市場詢價過程結束後決定。本次債券將由 Ørsted Wind Power Taiwan Holding A/S 為發行公司，並依據沃旭的歐洲中期債劵發行計畫 (EMTN)，由沃旭丹麥提供保證，該發行公司已獲得中華信評 twAA 台灣信用評級，以適用其在台灣的債券發行。沃旭能源大彰化東南與西南第一階段離岸風場，投資額共達 1650 億元，其中 5 成由沃旭集團自有資本支出，其餘則透過向台灣金融機構融資及發行綠色債券方式進行籌資。沃旭此次在台發行綠色債券，以法國巴黎銀行及台灣銀行擔任統籌主辦銀行，中信商銀及德意志銀行為共同主辦銀行。除發行綠色債券外，沃旭 6 月下旬也宣布，與 15 家金融機構簽署規模 250 億元聯貸案，該聯貸案為期 5 年，由臺灣銀行、國泰世華與法國巴黎銀行共同主辦，3 家主辦銀行各自分得 30 億元額度，其餘 160 億元額度則由玉山銀、中信銀、台新銀、凱基銀、德意志銀行，及 7 家公股行庫分貸。沃旭表示，盼憑藉在國際市場的綠債發行豐富經驗，參與並活絡台灣綠色企業債券市場發展，為離岸風電產業挹注大量資金，積極協助台灣落實離岸風電的建置目標。
741,2019/11/05,我國發明專利件數連3年正成長 半導體領域居首,經濟部統計處今 (5) 日公布今年 1-9 月我國發明專利申請件數共 35036 件，年增 2.4%，連續 3 年正成長，其中以半導體領域居首，運算科技及電子機械能源裝置分居 2、3 名。根據智慧財產局統計，我國專利新申請案件數於 2012 年創下 85074 件的歷史高峰，其後連 4 年衰退，2017 年小幅回升，2018 年再度回落，但仍維持 7.3 萬件以上；今年 1-9 月申請 54511 件，年增 1.7%，其中以發明案件 35036 件最多，占 64.3%，年增 2.4%，連續 3 年正成長。經濟部指出，我國發明專利以半導體領域居首，2018 年申請均逾 4000 件，占總申請量 11.1%；運算科技領域居次，占比 9.8%；電子機械能源裝置占 6.5%，排名第 3，均為我國製造業的優勢領域。若再就申請人國別觀察，本國人申請前 3 大技術領域依序為運算科技、半導體及電子機械能源裝置；外國申請人中，日本及南韓在我國申請最多領域均為半導體，美國為數位通訊、半導體，中國則以運算科技最多。根據統計，我國發明專利申請案件以外國申請人為主，占比逾 6 成，本國申請人僅占將近 4 成。今年 1-9 月外國申請人國籍以日本居首，約占 28%，其次為美國，占比約 13%，惟占比有下降趨勢，中國則排名第 3，占比逐年上升。經濟部表示，觀察世界智慧財產權組織（WIPO）受理的發明專利申請情形，前 3 大技術領域依序為數位通訊、運算科技及電子機械能源裝置，可看出各國專利布局領域及研究發展方向。在數位通訊發明專利布局較積極者為中國與南韓，運算科技的部分，美、中、日三國也都積極搶進，而我國居首的半導體領域在 WIPO 則排名第 10，顯示申請人在我國及 WIPO 的專利布局領域確有不同。
742,2019/11/05,商研院：台灣商業服務業景氣明年3月前仍將下滑 惟降速減緩,財團法人商業發展研究院今 (5) 日發布台灣商業服務業景氣循環同行指標綜合指數，預測景氣到明年 3 月仍會持續緩步下降，總需求難見回升，全體服務業景氣仍缺乏足夠向上動能，唯降速可望再減緩。商研院指出，從領先指標來看，「實質民間固定資本形成」持續加速向上，「服務業貿易收支逆差」也持續改善，不過，「運輸倉儲實質 GDP」、「商業服務業僱員淨進入率」、「失業給付初次認定受理案件」和「商業服務業股價指數」均續往下。商研院認為，商業服務業景氣在上半年降速進入高峰期後， 10 月以來至明年 3 月仍會下滑，不過速度可望明顯減緩。就產業而言，批發零售業與金融保險業持續緩步下降，不過，不動產及住宅服務業微上升，升勢略有加快跡象。商研院進一步說明，近來掀起台商回流潮，生產基地加速轉移和轉單效應持續發酵，有望翻轉台灣 30 年來國際直接投資「出多進少」形成的低投資、低成長和低薪化三低趨勢，今年第二季、第三季經濟成長率已重新站上亞洲四小龍之首。
743,2019/11/05,台積電股價再創高市值突破8兆元 僅24個交易日市值就增1兆元,晶圓代工龍頭台積電 () 明年將迎來大大成長的一年，營運動能強勁，激勵台積電今 (5) 日再創新高價，盤中衝上 309.5 元，市值也再改寫紀錄，突破 8 兆元大關、達到 8.02 兆元，股價、市值已連續 4 日改寫新猷，台積電距離上次市值突破 7 兆元大關，僅歷經 24 個交易日。台積電董事長劉德音在上周運動會上表示，台積電已為 2020 年做好準備，將進行大幅投資產能的佈建，明年半導體產業雖仍充滿挑戰，但台積電擁有先進製程技術，且適逢 5G 轉換的一年，乘著 5G 潮流，對台積來說，將會是蠻好的、大大成長的一年，激勵股價續攻高。台積電第 4 季營收估達 102 至 103 億美元，季增約 8.5-9.6%，中位數為 9 %，毛利率估 48-50%，營益率 37-39%，雙率均較第 3 季成長，受惠 7 奈米製程順利推進，雙率第 4 季穩朝長期目標毛利率 50%、營益率 39% 邁進。台積電也上調今年資本支出至 140 至 150 億美元，增加高達 40 億美元，除超過外資預期，也創台積電資本支出新高紀錄，明年預期也將維持今年高峰。此外，針對外媒報導，美國政府多次設法說服台灣政府，限制台積電供應華為晶片等產品，以填補美國對華為貿易禁令的缺口。對此，台積電昨 (4) 日回應，此為錯誤報導，並無此事。
744,2019/11/05,因華持續研發口服抗癌新藥 擬現增6000萬元,因華 () 為充實營運資金及口服抗癌新藥等後續研發，擬現增發行 600 萬股，每股暫定價格 10 元，發行總金額 6000 萬元，其中 15% 供員工認購。因華表示，資金主要將運用在口服抗癌新藥「D07001」，目前已完成劑量組病人收案，並進行下一階段人體臨床試驗，也積極與其他業者洽談授權。其他新藥開發方面，因華指出，目前進展速度最快的是高血壓新藥「C08001」，已授權給山東新時代藥業，除收取簽約金，因為不需進行人體臨床試驗，而是採生體相等性試驗 (BE)，待試驗完成後，將陸續申請各國藥證。展望後市，總經理郝為華日前表示，治療苯酮尿病的罕病用藥因飛諾，去年取得 300 萬元 (約 13.7 億元) 授權金，並於今年下半年陸續出貨，若明年順利取得中國藥證，營運有機會轉虧為盈。因華 9 月營收 3209 萬元，月增 7.96 倍、年增逾 36 倍；累積前 9 月營收 6961 萬元，年增 56.98%。
745,2019/11/05,瑞昱TWS出貨升溫 10月營收創歷史次高,IC 設計大廠瑞昱 () 今 (5) 日公布 10 月營收 56.86 億元，月減 3.65%，年增 43.44%，創歷史次高，累計前 10 月營收 497.45 億元，年增 31.5%，瑞昱第 4 季受惠 TWS(真無線藍芽耳機)晶片出貨升溫，加上網通標案開始挹注，抵消部分消費性產品的淡季效應。瑞昱第 4 季電視、PC 等消費性產品需求趨緩，不過網通因中國標案挹注，較上季成長，且 TWS 市場需求也回溫，雙引擎驅動下，淡季不淡，隨著消費性等低毛利產品比重下降，有助產品結構優化，法人估，瑞昱第 4 季毛利率可望回到上季水準，約 44%。瑞昱近期推出第 3 代 TWS 晶片，並加入 ANC(主動式降噪) 功能，提高產品附加價值，轉往中高階市場發展，且隨著 AirPods Pro 問世，市場可望跟進，有助推升瑞昱 TWS 晶片在市場的接受度，預計明年第 1 季是觀察重點。瑞昱今年全產品線向上動能強，加上 PC 相關需求回溫，帶動營收成長，累計前 10 月營收 497.45 億元，年增率達 31.5%，法人看好，瑞昱今年營收年增率逾 2 成，持穩 590 億元，並往 600 億元靠攏。
746,2019/11/05,市場需求不振 森鉅10月營收2.7億元 60個月來新低,鋼塑複合板及鋁塑複合板製造商森鉅 () 受市場需求不振影響，第 3 季營收、獲利雙雙衰退，森鉅今 (5) 日公布 10 月營收 2.7 億元，創 5 年來新低，月減 15.71%，年減 13.88%；森鉅產品以外銷為主，未來營運仍將持續受匯兌因素干擾。森鉅今年前 10 月營收為 38.92 億元，年減 3.32%。法人認為，受美中貿易戰影響，導致本業接單成長受限，未來須觀察貿易談判，和供應鏈等其他市場轉移情況。森鉅今年第 3 季稅後純益為 2.57 億元，季減 17.32%，年減 19.34%，單季每股純益為 1.57 元，前 3 季稅後純益 9.01 億元，年減 11.96%，每股純益為 5.49 元。根據美國 FTR 預測報告，去年美國貨櫃車體製造數量為 31 萬輛，預估今年美國貨櫃車體製造數量為 30 萬輛，相較去年將減少 3.2%。
747,2019/11/05,台股盤前—美股寫新高 資金行情可望再延續 挑戰站穩11500點,隨著美中貿易協談順利，加上美國商務部透露將解除華為禁令，美股周一四大指數同步寫歷史新高，台股昨日在資金行情延續助攻下，再度創下近 29 年新高，外資出現連 16 買，且買超金額合計達 1366 億元，今日可望在美股助攻下，挑戰連 17 買，並站穩 11500 點。美股近期屢創新高，主要受惠聯準會三度降息，驅動資金行情，且美中貿易戰協議進展順利，有助美國企業恢復供貨華為，加上十月非農就業數據優於市場預期，綜效發揮下，推升美股創下歷史新高。台股在外資加碼帶動下，頻刷 29 年來新高，類股來看，電子、金融表現最亮眼，電子類股指數昨日收 499.56 點，創下近 19 年新高，是本波段推升的主力，金融指數則創下 22 年新高。伺服器市場競爭白熱化，市場傳出緯穎客戶臉書、微軟、亞馬遜，明年皆調整訂單分配，緯穎訂單恐少 3 成，且多數訂單轉向至同為伺服器大廠的廣達，對此雙方皆不評論市場傳言。整體而言，台股近期挾選舉題材，加上美中貿易戰進展順利，資金行情可望延續，惟指數頻創歷史新高，仍需留意獲利了結，此外，第 3 季財報及 10 月營收皆在近期公布，可留意表現亮眼個股。
748,2019/11/05,【運達投顧】盤前分析,美股週一 (4 日) 隨著美中貿易談判樂觀，美元因風險偏好走高，美債殖利率與油價揚升，催動金融與能源類股大漲，美股四大指數衝上歷史新高，終場美股道上漲 114.75 點。Refinitiv 的 IBES 數據顯示，第三季財報季相當樂觀，到目前為止，大多數標準普爾 500 指數公司皆取得超乎預期的利潤。※以上內容由 高維緒分析師 整理提供，投資人於投資前請審慎評估，遵守紀律，嚴設停利停損。
749,2019/11/05,◆外資連續5日買超個股,外資連續 5 日買超個股1. 外資連續買超 5 日的股票(2317) 鴻海、(00637L) 元大滬深 300 正 2、(2330) 台積電、(2891) 中信金、(2303) 聯電2. 外資連續買超 4 日的股票(2317) 鴻海、(00637L) 元大滬深 300 正 2、(2303) 聯電、(2891) 中信金、(2330) 台積電3. 外資連續買超 3 日的股票(2317) 鴻海、(00637L) 元大滬深 300 正 2、(2303) 聯電、(2891) 中信金、(2330) 台積電4. 外資連續買超 2 日的股票(2317) 鴻海、(00637L) 元大滬深 300 正 2、(2303) 聯電、(00633L) 富邦上証正 2、(2382) 廣達5. 外資當日 (4) 買超的股票(00672L) 元大 S&P 原油正 2、(2317) 鴻海、(00637L) 元大滬深 300 正 2、(3481) 群創、(2891) 中信金
750,2019/11/05,◆外資連續5日賣超個股,外資連續 5 日賣超個股1. 外資連續賣超 5 日的股票(2801) 彰銀、(2409) 友達、(00632R) 元大台灣 50 反 1、(3481) 群創、(00672L) 元大 S&P 原油正 22. 外資連續賣超 4 日的股票(2801) 彰銀、(2409) 友達、(00632R) 元大台灣 50 反 1、(3481) 群創、(00672L) 元大 S&P 原油正 23. 外資連續賣超 3 日的股票(2801) 彰銀、(00632R) 元大台灣 50 反 1、(2409) 友達、(3481) 群創、(00672L) 元大 S&P 原油正 24. 外資連續賣超 2 日的股票(2801) 彰銀、(00632R) 元大台灣 50 反 1、(2409) 友達、(2344) 華邦電、(2368) 金像電5. 外資當日 (4) 賣超的股票(00632R) 元大台灣 50 反 1、(2801) 彰銀、(00673R) 元大 S&P 原油反 1、(2344) 華邦電、(2337) 旺宏
751,2019/11/05,◆投信連續3日買超個股,投信連續 3 日買超個股1. 投信連續買超 3 日的股票(2313) 華通、(6269) 台郡、(2317) 鴻海、(3231) 緯創、(3037) 欣興2. 投信連續買超 2 日的股票(2313) 華通、(2317) 鴻海、(3231) 緯創、(6269) 台郡、(3037) 欣興3. 投信當日 (4) 買超的股票(2313) 華通、(3231) 緯創、(2317) 鴻海、(3034) 聯詠、(3037) 欣興
752,2019/11/05,【新光證券】盤前分析,◆盤勢分析美國非農就業大幅優於預期，美中談判進展順利，指數領漲，加上市值王釋出未來營運展望樂觀看法，激勵 4 日台股跳空開高，蘋概三巨頭領漲大盤，食品、汽車、金融股亦共襄盛舉，推升大盤站上 11500 點關卡，終場收在 11556.85 點，漲 157.32 點或 1.38%，成交額 1584.95 億元。 OTC 指數收在 145.99 點，漲 0.87 點或 0.6%，成交額 356.34 億元。資金行情旺盛，4 日台灣股匯齊揚，大盤收長紅 K 棒，日線連二紅，續創逾 29 年新高，日量增加逾 17%，技術面持續火熱。籌碼方面，三大法人同步買超，其中外資僅 16 日買超，期貨部位亦偏多操作。傳中國再購 13.2 萬噸美國大豆，中美貿易戰進一步緩和，美方稱美國企業很快就會拿到向華為供貨的許可證。考量多數企業財報優於預期，美中談判趨於樂觀，技術及籌碼面亦正向發展，預期台股仍有向上潛力，選股方面，可留意低本益比、財報表現佳族群波段操作。
753,2019/11/05,◆投信連續3日賣超個股,投信連續 3 日賣超個股1. 投信連續賣超 3 日的股票(6153) 遠東新、(2345) 台聚、(2316) 世紀鋼、(8046) 健策、(2892) 矽格2. 投信連續賣超 2 日的股票(6153) 嘉聯益、(8046) 南電、(2345) 智邦、(2316) 楠梓電、(2392) 正崴3. 投信當日 (4) 賣超的股票(2316) 楠梓電、(2392) 正崴、(2345) 智邦、(2892) 第一金、(2633) 台灣高鐵
754,2019/11/05,【鉅亨-盤前掃瞄】基本面,1.04 日交易日以 30.479 兌 1 美元作收，收盤貶 1.7 分，成交值為 9.87 億美元。2. 集中市場 04 日外資買超 146.8 億元，投信買超 8.1 億元，自營商買超 35.1 億元。3. 集中市場 04 日融資餘額較前 1 日增加 2.27 億元，成為 1413.59 億元，融券餘額較前 1 日增加 9520 張，成為 832697 張。
755,2019/11/05,【鉅亨-盤前掃瞄】技術面,1.5 日均線 11405.85 點，10 日均線 11347.15 點，20 日均線 11205.05 點。2.6 日 RSI 為 92.90，12 日 RSI 為 84.41。3.20 日乖離率為 3.14。
756,2019/11/05,【日盛投顧】盤前分析,"◆盤勢分析1. 美國周一儘管經濟數據表現依舊疲軟，但隨著美中貿易談判樂觀，受對貿易敏感的晶片股大漲，帶動美股四大指數再創新高。美股四大指數漲收盤漲跌幅介於 + 0.37% 至 + 2.19%，其中以指數相對強勢。台積電 ADR 上漲 2.67%。2. 量價及技術面：(1) 量能：指數上漲成交量放大至 1,500 億以上，後勢下跌須量縮，反彈則須量增。(2) 均線：下檔支撐為 11,300 點附近，上檔壓力 11,700 點附近。(3) 技術指標：KD 在 80 以上超買區，短線偏多但須提防過高拉回。(4) 觀盤指標股：2330 台積電能否守穩 5 日線持續創新高。3. 上漲 0.60%，收在 145.99 點。短線支撐為 143 點附近，壓力為 148 點附近。4. 觀盤重點：台股週一呈現跳空開高走高再創新高點，持續沿五日線走強，均線多頭排列，不過櫃買 OTC 指數漲幅相對弱勢，近期上漲以電子權值股為主要領軍上攻，後續若要持續往上挑戰新高點，觀察電子權值股短線的強弱，且成交量必須要再放大。選股方向可留意半導體、蘋概、TWS、汽車零組件、資產營建、生技等族群。5. 繼 2018 年惠台 31 條措施之後，大陸國台辦與國家發改委 4 日聯名推出 26 條惠台新措施，標榜「提供與大陸民眾同等待遇」，支持台資參與大陸 5G 產業發展、參與重大技術裝備等建設，同時擴大台灣民眾在大陸生活和就學、就業的便利性。6. 蘋果新真無線藍牙耳機 AirPods Pro 在 10 月底發表後，銷售超乎市場預期，目前包含中國大陸、美國、日本、歐盟等主要市場均呈現供不應求，各地官網陸續公告發貨時間將延長最多達三周。AirPods Pro 熱銷，法人看好 4943 康控 - KY、3376 新日興、4958 臻鼎 - KY、3037 欣興、2356 英業達等協力廠將獲追單，由於新品具高單價、高規格優勢，供應鏈獲利大為進補。7. 市場傳出，臉書、微軟、亞馬遜等雲端三大咖明年伺服器訂單重新分配，伺服器代工一哥 2382 廣達成功出擊，透過旗下雲達搶下多數訂單，3231 緯創集團旗下 6669 緯穎受此影響，明年恐流失三成訂單。8. 持續升值，熱錢蜂擁而至，帶動資產概念股股價發威，領頭羊 2504 國產股價 4 日轉強，攻上漲停板價 15.3 元，成交量爆出 5.4 萬餘張，股價創近 8 年新高。今年股價已翻倍的 2101 南港，也再度挑戰歷史新高價，同時帶動同屬資產股的 2102 泰豐大漲逾 4％，股價強勢站上均線。"
757,2019/11/05,盤前財經大事搶先讀2019年11月05日,台灣 10 月外匯存底美國 9 月貿易收支中國 10 月財新服務業 PMI法說會：聯亞、百德、達麗、格威傳媒除權息：長榮美國政治新聞網站《Politico》週一 (4 日) 報導，中國正加大力度，敦促「川習會」簽署美中第一階段協議前取消更多關稅。據印度媒體《NDTV》報導，印度總理莫迪 (Narendra Modi) 週一 (4 日)  宣布，印度政府基於國家利益考量，決定不加入區域全面經濟夥伴關係協定 (RCEP)。面板大廠友達 () 今年受到全球景氣、產業競爭壓力下，營運衰退，經營團隊睽違 17 年再宣布執行庫藏股護盤，昨 (4) 日公告表示，庫藏股提早執行完畢，共買回 12.5 萬張，買回總金額 10.13 億元，平均買回價格 8.11 元，執行率 100%。台股昨 (4) 日在外資買超下，大漲 157 點翻越 11500 點關卡，施羅德投信表示，在全球接力量化寬鬆加上明年元月大選行情推波助瀾，預估到明年第 1 季外資仍可繼續回補台股，股價淨值比可望挑戰 1.7 倍。金管會主委顧立雄日前表示將爭取開國內企業也可以申請在 OBU 開戶，更有利台商將台灣做為資金調度中心，顧立雄 4 日再表示，放寬 OBU 與 DBU 間資金能互相流動，將分成短、中長期，循序漸進，未來台商資金不用再繞道，可直接將資金交給台灣金融機構打理。
758,2019/11/05,金管會力拚放寬OBU、DBU資金流動 未來台商資金不用再繞道,金管會主委顧立雄日前表示將爭取開國內企業也可以申請在 OBU 開戶，更有利台商將台灣做為資金調度中心，顧立雄 4 日再表示，放寬 OBU 與 DBU 間資金能互相流動，將分成短、中長期，循序漸進，未來台商資金不用再繞道，可直接將資金交給台灣金融機構打理。金管會正研擬「媲美星港財富管理方案」，顧立雄表示，現在適逢香港變局，是「天時地利人和」的好時機，將爭取開國內企業也可以申請在 OBU 開戶，台灣過去希望以 OBU 為台商資金調度的中心，但 OBU 只限境外企業申請開戶，目前台商在台灣境內仍有資金流動需求，若放寬國內分行（DBU）與 OBU 間資金能互相流動，也就是說，開放國內企業可直接到 OBU 開戶，將更有利台商將台灣做為資金調度中心。顧立雄表示，放寬 OBU 與 DBU 間資金能互相流動，商品部分與央行商談已有好的開始，將分成短、中長期，循序漸進，短期會先從「外幣授信帳戶」開始，因現行的國際金融業務條例（OBU 條例）第 4 條就已允許 OBU 承作境內外客戶的外幣授信，可免修法；中長期則會朝向開放「存款帳戶」業務，不限身分，只看幣別，朝類似新加坡的 ACU（亞洲通貨單位，Asian Currency Units）制度研議。
759,2019/11/04,友達庫藏股提前執行完畢 執行率100%,面板大廠友達 () 今年受到全球景氣、產業競爭壓力下，營運衰退，經營團隊睽違 17 年再宣布執行庫藏股護盤，今 (4) 日公告表示，庫藏股提早執行完畢，共買回 12.5 萬張，買回總金額 10.13 億元，平均買回價格 8.11 元，執行率 100%。友達 9 月宣布擬買回 12.5 萬張庫藏股，買回期限為 9 月 10 日至 11 月 9 日，這是友達相隔 17 年再度實施庫藏股，友達本次提早宣布庫藏股執行完畢，累計已持有 12.5 萬張，占已發行股數比例 1.3%。友達董事長彭双浪日前法說會表示，展望今年，總體經濟影響終端消費，新產能開出也造成產業壓力，第 4 季後期將進入傳統淡季，預期供需失衡狀況將持續，將適度調整產能利用率，並利用年底進行歲修、新產品試產。彭双浪進一步表示，進入面板產業傳統淡季，預期供需失衡狀況將持續一段時間，將適度調整產能，並加速新產品開發，對於近期市場傳出，部分面板廠將調節產能，預期將有助改善供需失衡現象。友達第 3 季營收 700.53 億元，持平上季、年減 13.56%，毛利率 -0.39%，由正轉負，營益率 - 7.76%，稅後虧損 39.87 億元，每股虧損 0.41 元，累計今年前 3 季營收 2068.23 億元，年減 10.3%，毛利率 0.94%，年減 9.49 個百分點，營益率 -6.75%，稅後虧損 103.57 億元，每股虧損 1.08 元。
760,2019/11/04,陳俊聖、林之晨任ABAC代表 借重數位轉型經驗為台找出路,總統蔡英文今 (4) 日在寓所接見我國「亞太經濟合作企業諮詢委員會」(APEC Business Advisory Council，ABAC) 三位代表，包括宏碁 () 董事長陳俊聖、台灣大 () 總經理林之晨與廣達 () 技術長張嘉淵；蔡英文指出，盼借重代表們推動數位轉型的豐富經驗，在 ABAC 場域分享台灣的努力與成就。APEC 於 1995 年成立 ABAC，由 21 個經濟體領袖各自任命三名企業代表組成，以促進亞太地區公私部門在形塑經貿政策過程中的對話與合作，三位代表可各自指定其代理代表。我國 ABAC 團隊成員除了有陳俊聖、林之晨及張嘉淵，另外還包括陳俊聖在的代理代表「沛爾生技醫藥公司」創辦人林成龍教授，以及林之晨的代理代表「KKday」執行長陳明明。總統與 ABAC 代表們就數位經濟的重點課題，包括如何整合科技人才與資源，並運用創意開發具體的商業服務，例如電競產業、智慧醫療、智慧城市與交通等領域廣泛交換意見，也討論如何在商業利益、資訊安全與個人隱私之間求取平衡，以及加速推動相關法規的更新。蔡英文表示，我國在數位經濟領域具備充足人才與技術，期許 ABAC 代表善用他們在推動數位轉型方面的豐富經驗，積極在 ABAC 場域與其他國家分享台灣的努力與成就，期盼從政府、企業界到公民社會，更要團結合作，一起為台灣找出路。
761,2019/11/04,世紀鋼與CIP簽約 69座支水下基礎基樁合約到手,世紀鋼 () 今 (4) 日公告，與子公司世紀風電，共同跟哥本哈根基礎建設基金 (CIP) 簽署 69 支水下基礎基樁合約，據了解，世紀鋼手上 CIP 的訂單預計 2021 年下半年開始出貨並認列營收。ˊ不過，世紀鋼強調，合約正式簽署後，還要待其工程計畫發出開工通知後，並依工程完工比例認列收入，而目前世紀鋼拿到的 CIP 訂單金額高達 165 億元。以目前世紀鋼手上的風電相關訂單來看，除了 CIP 的 69 支套管式水下基礎外，還有沃旭能源的 81 支水下基礎基樁，預計明年下半年起陸續完工。另外，達德能源 (wpd) 的 87 組單樁式水下基礎，也將在 2021 年下半年起開始出貨。據了解，套管式水下基礎，不論採購、生產到組裝，難度都較單樁式艱難許多，價格更是其 2 倍以上，也可望推升世紀鋼營運進一步升溫。而世紀鋼也同步公告，與義力營造簽訂台中商銀辦公室及旅館，共地下 10 層地上 38 層新建工程』合約，總金額約 19 億元，也將挹注營收表現。
762,2019/11/04,原相Q3純益、每股純益登歷史次高 前3季EPS 3.78元,感測器廠原相 () 今 (4) 日公布財報，第 3 季稅後純益 3.1 億元，季增 83.43%，年減 2.83%，為歷史次高，每股稅後純益 2.35 元，同登歷史次高，前 3 季稅後純益 4.98 億元，年減 32.43%，每股稅後純益 3.78 元。原相第 3 季合併營收 18.01 億元，季增 30.7%，年增 12.7%，毛利率 58%，季增 0.2 個百分比，年減 1.37 個百分比，營益率 19.5%，季增 6.2 個百分比，年減 2.48 個百分比，稅後純益 3.1 億元，季增 83.43%，年減 2.83%，每股稅後純益 2.35 元。原相前 3 季合併營收 41.37 億元，年減 3%，毛利率 57.7%，年減 0.1 個百分比，營益率 13.13%，年減 5.66 個百分比，稅後純益 4.98 億元，年減 32.43%，每股稅後純益 3.78 元。原相第 3 季營運回歸旺季水準，滑鼠、遊戲機、安控等產品線，營收皆較第 2 季有雙位數的成長，帶動營收創下歷史新高。不過，原相上半年因受美中貿易戰衝擊，營收與獲利皆較去年同期衰退，也拖累前 3 季營運表現。
763,2019/11/04,◆投信連續3日賣超個股,投信連續 3 日賣超個股1. 投信連續賣超 3 日的股票(6153) 遠東新、(2345) 台聚、(2316) 世紀鋼、(8046) 健策、(2892) 矽格2. 投信連續賣超 2 日的股票(6153) 嘉聯益、(8046) 南電、(2345) 智邦、(2316) 楠梓電、(2392) 正崴3. 投信當日 (4) 賣超的股票(2316) 楠梓電、(2392) 正崴、(2345) 智邦、(2892) 第一金、(2633) 台灣高鐵
764,2019/11/04,◆投信連續3日買超個股,投信連續 3 日買超個股1. 投信連續買超 3 日的股票(2313) 華通、(6269) 台郡、(2317) 鴻海、(3231) 緯創、(3037) 欣興2. 投信連續買超 2 日的股票(2313) 華通、(2317) 鴻海、(3231) 緯創、(6269) 台郡、(3037) 欣興3. 投信當日 (4) 買超的股票(2313) 華通、(3231) 緯創、(2317) 鴻海、(3034) 聯詠、(3037) 欣興
765,2019/11/04,◆外資連續5日賣超個股,外資連續 5 日賣超個股1. 外資連續賣超 5 日的股票(2801) 彰銀、(2409) 友達、(00632R) 元大台灣 50 反 1、(3481) 群創、(00672L) 元大 S&P 原油正 22. 外資連續賣超 4 日的股票(2801) 彰銀、(2409) 友達、(00632R) 元大台灣 50 反 1、(3481) 群創、(00672L) 元大 S&P 原油正 23. 外資連續賣超 3 日的股票(2801) 彰銀、(00632R) 元大台灣 50 反 1、(2409) 友達、(3481) 群創、(00672L) 元大 S&P 原油正 24. 外資連續賣超 2 日的股票(2801) 彰銀、(00632R) 元大台灣 50 反 1、(2409) 友達、(2344) 華邦電、(2368) 金像電5. 外資當日 (4) 賣超的股票(00632R) 元大台灣 50 反 1、(2801) 彰銀、(00673R) 元大 S&P 原油反 1、(2344) 華邦電、(2337) 旺宏
766,2019/11/04,◆外資連續5日買超個股,外資連續 5 日買超個股1. 外資連續買超 5 日的股票(2317) 鴻海、(00637L) 元大滬深 300 正 2、(2330) 台積電、(2891) 中信金、(2303) 聯電2. 外資連續買超 4 日的股票(2317) 鴻海、(00637L) 元大滬深 300 正 2、(2303) 聯電、(2891) 中信金、(2330) 台積電3. 外資連續買超 3 日的股票(2317) 鴻海、(00637L) 元大滬深 300 正 2、(2303) 聯電、(2891) 中信金、(2330) 台積電4. 外資連續買超 2 日的股票(2317) 鴻海、(00637L) 元大滬深 300 正 2、(2303) 聯電、(00633L) 富邦上証正 2、(2382) 廣達5. 外資當日 (4) 買超的股票(00672L) 元大 S&P 原油正 2、(2317) 鴻海、(00637L) 元大滬深 300 正 2、(3481) 群創、(2891) 中信金
767,2019/11/04,和勤精機接單走出谷底 估Q4為今年營收高峰,精密沖壓件廠和勤精機 () 今 (4) 日公布 10 月營收達 1.91 億元，較上月成長 5.46%，年減 3.68%，為連 4 個月呈現月成長，和勤主管表示，汽車零件訂單逐月增量，拉升營收表現，單月營收可望持續拉高至年底，預計第 4 季營收將是今年最高的一季。和勤今年前 10 月營收 16.56 億元，年減 21.17%，和勤表示，公司接獲許多新產品開發案，年底起開始陸續出貨，並已感受中國車市逐漸擺脫低迷，樂觀看待公司明年展望。和勤 10 月兩大業務營收分別為汽車零件 1.38 億元，佔比 72.34%；硬碟機構件 (VCM Plate) 4600 萬元，佔比 24.19%；汽車零件營收持續增加，硬碟機構件則維持近月水準。大陸汽車銷量 9 月明顯拉高，傳統「金九銀十」銷售旺季熱度雖不若往年，但車市已走出谷底，和勤表示，各大車廠訂單已排至年底，為農曆春節的購車潮做準備。和勤續接到的新產品開發案，感受到中國車市景氣正在復甦。和勤主管指出，公司的汽車零件客戶有將近 100 家分布於不同零件體系，近期已確定數筆明年量產的新產品訂單，公司獨家供應的國際電動車大廠繼電器出貨也穩定增量中。和勤在汽車零組件產品外，高壓泵零件接單也穩定增長，和勤表示，明年還將拓展空調壓縮機、重卡零件等，配合新廠第五車間擴產產能加入，明年將迎來顯著成長。
768,2019/11/04,微軟在台推新款Surface Pro7 台組裝廠受惠,微軟 () 今 (4) 日正式在台灣發表 Surface Pro 7 新品，主打延續筆電平板二合一的設計，並推出一系列周邊產品，市場預期，隨著微軟新品上市銷售，可望帶動一波換機潮，相關台廠組裝供應鏈和碩 ()、廣達 () 等，營運可望受惠。台灣微軟 Surface 事業群副總經理周文英表示，微軟希望透過產品引領產業創新研發，包含推出的 Windows Hello 人臉辨識提升安全性，觸控筆等，並結合軟、硬體整合輔助，提升消費者的使用體驗， 至於是否瞄準創作者 (Creator) 市場，周文英表示，不會特別創立一個新品牌或是產品主打創作者，而是希望將所有產品的效能都提升，讓創作者可以自己選擇適合的產品做創作。據了解，微軟 Surface 系列產品，包含筆電、平板都是由台廠和碩、廣達代工，因此法人預期，和碩第 4 季除受惠蘋果新款 iPhone 需求動能延續外、微軟新品拉貨，也有助出貨動能加溫，廣達同樣可受惠。台灣微軟表示，Surface Pro 7 正式在台上市，將承襲的平板加筆電二合一設計，搭載 Intel 第 10 代處理器、全新 Type-C 連接埠與快速充電功能，提升效能，將推出、墨黑二色，建議售價 28088 元起，Surface Laptop 3 也在今日搶先曝光，預計推出 13.5 吋及 15 吋版本，並於 11 月預購，12 月上市。
769,2019/11/04,華研前3季純益年增逾15% 上半年擬配息4.5元 配息率84.7%,華研音樂 () 今 (4) 日公告第 3 季自結財報，稅後純益 1.27 億元，季減 15.56%，年增 22%，每股純益 2.42 元。前 3 季稅後純益 4.08 億元，年增 15.74%，每股純益 7.73 元。董事會並通過上半年盈餘每股擬配息 4.5 元，配息率達 84.7%。華研音樂第 3 季合併營收 3.89 億元，季增 1.3%，年減 6.04%，毛利率 64.83%，季減 1.32 個百分點，年增 8.33 個百分點，營益率 42.28%，季增 3.78 個百分點，年增 10.02 個百分點；稅後純益 1.27 億元，季減 15.56%，年增 22%，每股純益 2.42 元。華研音樂前 3 季累計營收 10.99 億元，年減 13.36％，毛利率 65.45%，年增 13.12 個百分點，營益率 40.51%，年增 11.94 個百分點；稅後純益 4.08 億元，年增 15.74%，每股純益 7.73 元。華研音樂近來歌曲授權收入營收比重持續攀升，加上全年演唱會場次為去年的 2.4 倍，雖然因 S.H.E 未續約，使整體營收規模減少，但授權業務毛利率表現較佳，產品組合有利，帶動獲利表現持續增溫，今年全年可望優於去年，再創新高，有機會賺逾 1 個股本。另一方面，華研音樂規劃今年起採每半年配息一次，董事會今日也通過，將發放期中盈餘，今年上半年每股擬配息 4.5 元，配息率高達 84.7%，共將發放 2.38 億元現金股利，將於 11 月 25 日除息，並於 12 月 6 日發放股利。
770,2019/11/04,貨攬需求受衝擊 台驊Q3獲利年減24% EPS 0.72元,貨物承攬業者台驊 () 今 (4) 日公布第三季財報，單季稅後純益 0.83 億元，年減 24.08%，每股純益 0.72 元，台驊表示，第三季因美中貿易戰加上英國脫歐等國際事件，使整體貨量需求不如預期；累計前三季，台驊稅後純益 1.96 億元，年減 26.96%，每股純益 1.7 元。台驊說明，第三季美中貿易戰影響國際貨運市場程度加劇，9 月從中國出口到美國海運貨量，年衰退幅度擴大至 9.3%，加上英國脫歐延宕影響歐洲經濟、香港反送中事件等，整體貨量需求低於預期，並衝擊第三季海空運運價較去年同期下跌，因此單季營收年減 6.97% 至 28.96 億元。不過，台驊今年持續加速布建東南亞團隊和業務，並持續耕耘歐非中東等非美航線市場有成，第三季毛利率提升至 17.96%，年增 1.17 個百分點。台驊進一步說明，第三季營業費用率增加 1.6 個百分點至 15.05%，主要是因擴大投資東南亞市場，包括納入新加坡業務團隊、組建菲律賓子公司，中國地區主要倉庫搬移增加費用；此外，因去年前三季有一次性認列所得稅迴轉利益約 3300 萬元等因素，使今年以來獲利成長幅度受到影響。展望第四季，台驊指出，今年以來廠商採低庫存策略應對貿易戰，造成目前倉庫存貨量偏低，面對即將到來的年終消費旺季、電子新品上市，以及貿易戰氛圍緩解帶動，預期年底前將出現年終鋪貨潮。另一方彥，隨著明年 1 月 1 日即將實行限硫令，目前航商縮班減班比重提高，艙位供給量吃緊，有助於支撐第四季海運運價。台驊強調，目前已在亞洲布建 80 個營運據點，以多元化產品建構起全球化智能供應鏈物流平台，運用集團整合力，預計未來 3 年在競爭激烈的市場上仍可持續提升競爭力，獲利成長可期。
771,2019/11/04,佐登抗皺新品上市 Q4營運加溫將創今年最高,佐登 - KY() 今 (4) 日舉辦新品發表會，展望後市，總經理陳佳琦表示，新品 BA-5 肌密抗皺活妍霜月中將在兩岸同步上市，另雙 11 銷售檔期及 12 月公益銷售等利多帶動，法人估，第 4 季營運將可創今年單季新高。展望後市，陳佳琦指出，過去 BA-5 系列產品銷售情況佳，甚至一度傳出缺貨，這回新品上市為今年最重要檔期，目標台灣要賣 3 萬組、中國 6 萬組，估銷售動能可延續至明年春節；法人估，新品毛利率上看 90%，除有助帶動本季毛利率表現，單季也可創今年全年高峰。佐登受中國經濟趨緩，加盟店展店速度也受影響，陳佳琦表示，雖然門市較去年少約 20 家，不過明年將在北京、長沙、南寧、杭州設立新醫美診所，全球門市則要突破 700 家，此外，明年產品營收占比將從目前的 45% 提升至 50-52%，陳佳琦指出，明年中國 4 萬名會員，可免費做淨膚雷射，估至少有 1 萬名會員可轉換成醫美客戶，盼能提升顧客回訪率。佐登 9 月營收 2.7 億元，月增 7.7%、年減 9.9%；累積前 9 月營收 23.33 億元，年增 2.6%。
772,2019/11/04,〈群電展望〉Q3純益倍增EPS 1.75元創新高 前3季每股賺3.49元超越去年全年,群電 () 今 (4) 日召開法說會並公告第 3 季財報，受惠進入旺季，加上 3 大產品線同步成長，單季稅後純益 6.68 億元，季增 99%、年增 108%、每股純益 1.75 元；前 3 季稅後純益 13.32 億元，年增 76.4%，每股純益 3.49 元，單季賺贏上半年，創歷史新高，前 3 季更是賺贏去年全年同步創高。群電第 3 季營收 99.94 億元，季增 20.3%、年增 11.1%；毛利率 17.8%，季增 1.7 個百分點、年增 2.4 個百分點；營益率 8.5%，季增 2.1 個百分點、年增 1.9 個百分點；稅後純益 6.68 億元，季增 99%、年增 108%、每股純益 1.75 元。群電前 3 季營收 255.32 億元，年增 11.4%、毛利率 16.2%，年增 2.3 個百分點、營益率 6.6%，年增 2.4 個百分點，稅後純益 13.32 億元，年增 76.4%，每股純益 3.49 元。群電表示，第 3 季在旺季效應帶動下，3 大產品線電腦相關、雲端智能、及消費性電子電源產品等，營收均呈現雙位數增長。此外，相較去年被動元件等零組件等價格高檔，今年此因素排除，加上產品組合及成本結構的優化，均推升群電第 3 季、前 3 季獲利同步創高。群電也同步公告 10 月營收 35.54 億元，月增 4.4%、年增 9.4%；前 10 月營收 290.62 億元，公司透露，第 4 季進入淡季，營收估呈現季節性回落，目前正積極爭取明年新單，尤其是布局已久的 CRPS 伺服器電源，預期明年開始挹注業績，可望成為新動能。
773,2019/11/04,〈光寶科法說〉Q4入淡季 獲利仍可維持前3季水準,光寶科 () 今 (4) 日召開法說，雖然第 4 季將進入淡季，但毛利率與營益率可望維持前 3 季水準，獲利有機會持平去年同期，明年將加重電源與光電領域投資，5G 領域佈局也在評估中，將著眼網通、電源應用等產品。展望第 4 季，光寶科看好電源管理及光電產品應用於雲端運算、AI 智慧居家設備與遊戲機等市場，營收將持續成長，集團總執行長陳廣中表示，雖然將進入傳統淡季，遊戲機出貨下降，但毛利率與營益率可望維持前 3 季水準，獲利表現有機會持平去年同期。展望明年，陳廣中認為，電源與光電業務具備市場領先地位，明年表現將較好，也將在兩大領域持續加重投資；LED 方面，看好底部應該已過，加上積極開發安防、生物辨識、工控等新品，若明年白色家電需求能停止衰退、貿易戰不再惡化，則樂觀看待明年 LED 成長表現。談及美中貿易戰，陳廣中表示，受美中貿易戰直接影響的營收比重相當低，僅有個位數占比，為因應不確定因素影響，在越南、高雄都有擴廠規劃，高雄已從 5 月開始量產，主要是與資安有關產品，如通訊、網通、電源等，及附加價值高的產品。越南建廠部分，陳廣中說，是以對應貿易戰相對具有利位置、人力密集兩大因素做為建廠考量，越南廠預計明年第 1 季量產，但年底才可望拉升至相當規模的產能；越南與高雄除現有廠房外，也將各買一塊地，作為備案需求，待貿易戰沈澱、有較清楚輪廓，且客戶對貿易戰也有風險定調後，才會再進行投資。此外，針對 5G 領域佈局，陳廣中表示，由於 5G 有許多垂直應用，市場共同的設備並沒有想像中多，加上 5G 目前主要動能來自中國，但傾向供應鏈自給自足，光寶科可切入的以中國以外市場 5G 商機為主，目前正在評估相關投資，包括網通、電源產品應用等。
774,2019/11/04,〈泓格強攻生醫布局〉醫療用TPU廠本季完工 明年Q3量產 市占率拚1成,工業電腦泓格 () 跨足生醫領域有成，斥資 4 億元打造的醫療用的熱塑性聚氨酯 (TPU) 高分子材料廠完工，今 (4) 日在記者會中表示，目前已經進入試產階段，預計明年第 3 季通過認證後開始量產，目標 2-3 年達到損平、3-5 年市占率 1 成。陳瑞煜指出，泓格生醫高分子材料工廠是初期規劃以製造醫療用 TPU 材料為主要目標，目前處於研發試產的階段，也會陸續送樣品給客戶，預計明年第 1 季開始進行試量產，第 3 季完成醫療用 TPU 材料之 ISO13485 品質系統認證，屆時就可放量出貨。陳瑞煜進一步指出，材料廠的步調比較慢，但電子業比較快，泓格本身是做工業電腦的，希望用電子業的管理方式，快速通過認證。據了解，泓格新廠約 3300 坪，產線就土地加工廠約 2.4 億元、整修約 1.3 億元，目前已經投入 4 億元，預計將再投入 2 億元，擴充產線、設備以及相關研發、生產人才。泓格表示，根據研調機構的資料，全球 TPU 今年底達 27 億元，2019-2027 年複合成長率 5.9%，其中醫療 TPU 在整體 TPU 應用中雖只佔 2%，但產值卻占到 25%，附加價值相當可觀，毛利率預計可達 7-8 成。目前醫療用的 TPU 材料，目前全球前三大廠商分別為美國的 Lubrizol 、德國 BASF 及荷蘭的 DSM。
775,2019/11/04,〈台幣升值投資術〉看好內需消費、食品股 買資產股有前提,熱錢再次湧進台灣，今 (4) 日收 30.405 元，再創逾 15 個月新高，日盛投顧總經理鍾國忠表示，升值往往伴隨資金行情，但是台股已經漲多，預期這兩天就要慎防獲利回吐壓力；不過，在升值效應下，仍看好內需消費與食品股，而一般被視為升值概念股的資產股，則需觀察其本業是否獲利，如果資產股基本面是虛的，也不宜貿進。鐘國忠表示，台股上個月 (10 月) 是 2017 年 5 月站上萬點後單月上漲最多的月份，單月上漲 4.89%，加上今天的漲幅，等於已經超過 5%，不但短線過熱，若是拉長時間來看，台股今年以來已經漲 18.8%，等於近 2 成，無論從各項指標來看，加上進入營收公布高峰期，台股這兩天就可能面臨回檔修正。鐘國忠進一步指出，現在是 10 月營收公布高峰，尤其明天即將公布的股王大立光營收，將是重要指標；而各公司雖然預期因為年底訂單旺季，可以繳出不錯成績單，但是依照過去經驗，感恩節、聖誕節等訂單出貨高峰就是 10 月，因此就算 10 月營收有好表現，但接下來可能季節性因素，11 月基本面回歸正常，股價便可能提前反映，要小心藉此順勢拉回。不過，鐘國忠認為，升值所帶來的熱錢派對，仍有看好的標的可以著墨，包括內需消費、食品股，因為年底向來是這些族群的旺季，就算台股漲多，但是這些族群基本面可望有撐；而一般被視為升值概念股的資產股，在目前台股過熱之際，就不可以貿進，而是要回歸基本面，觀察其本業是否獲利，如果資產股基本面是虛的，就算強升，短線也要避開。鐘國忠表示，強勢升值對出口導向的電子股也是重傷，包括工具機、機械族群等。台股今天收在 11556.85 點，指數續創 29 年新高，且三大法人全數買超，其中外資及陸資買超 146.88 億元，呈現股匯雙漲，鐘國忠表示，升值雖然往往是資金行情的表現，但是台股已經漲多，縱使台灣今年有選舉行情，也不可能一直漲下去，而這兩天的營收公布、接下來的 MSCI 季度調整，都可能是台股修正的轉折點，下檔支撐先看 11000-11200 點左右。
776,2019/11/04,台股再攻高 三大法人買超190億元 外資連16買超鴻海,台股今 (4) 日在權值三王股領軍下，終場收 11556.85 點，上漲 157.32 點，指數再創近 29 年新高，三大法人今日合計買超台股 190.12 億元，外資買超 146.88 億元，投信買超 8.12 億元，自營商也買超台股 35.11 億元，其中鴻海受內外資青睞，外資已連 16 買，投信則連 3 買。期貨部分，外資今日加碼多單 2734 口，多單未平倉口數來到 61916 口，投信則減碼 1131 口空單，空單未平倉口數來到 24876 口，自營商加碼 1511 口空單，合計空單未平倉口數 1190 口。觀察法人操作，鴻海成為近期內外資買超對象，外資今買超 45291 張，連 16 買，投信也連 3 買超，推升股價創近 6 個月新高，連帶集團旗下面板廠群創，外資也大買 14410 張，另外台積電對明年營運樂觀，外資今日也加碼 2953 張。外資今日買超前十名，鴻海 45291 張居冠、群創 14410 張、中信金 11985 張、廣達 10513 張、仁寶 10178 張，其他依序為新光金、開發金、台積電、彩晶、玉山金。外資今日賣超前十名，華邦電遭賣 5324 張、旺宏 5265 張、燿華 5240 張、金像電 3760 張、台光電 2953 張，其他依序為致茂、中工、瑞昱、國巨、啟碁。投信前十大買超標的，華通 3347 張居冠、緯創 2500 張、鴻海 2067 張、聯詠 1183 張、欣興 1048 張，其他依序為廣達、世界、美時、可成、遠東新。投信賣超前十大標的，楠梓電 2105 張、正崴 1402 張、智邦 1164 張，其他依序為第一金、台塑、華邦電、台燿、康控 - KY、宏捷科、台表科。法人表示，台股仍處偏多格局，貿易戰和緩加上美股強勢，帶動台股多頭氣盛，指數頻創 29 年半以來新高，建議投資人操作不宜追高，避開短線漲多、獲利了結賣壓，短線可關注 10 月營收、第 3 季財報、法說會個股對未來展望。
777,2019/11/04,M31前3季純益與EPS雙創高 每股賺7元 全年表現可期,M31() 今 (4) 日公布第 3 季財報，稅後純益 1.16 億元，季增 215%，年增 14.85%，每股稅後純益 3.72 元，前 3 季稅後純益 2.18 億元，年增 27.49%，創下歷史新高，每股稅後純益 7 元，同創歷史新高。M31 第 3 季合併營收 2.7 億元，季增 49.17%，年增 16.38%，營益率 49.98%，季增 14.88 個百分比，年增 0.65 個百分比，稅後純益 1.17 億元，季增 215%，年增 14.85%，創歷史新高，每股稅後純益 3.72 元。M31 前 3 季合併營收 6.21 億元，年增 21.52%，營益率 40.23%，年增 4.88 個百分比，稅後純益 2.18 億元，年增 27.49%，每股稅後純益 7 元。M31 第 3 季為授權金認列的傳統旺季，今年除受惠美中貿易戰急單挹注，加上先進製程 IP 發酵，驅動營收創歷史新高，同時，因為先進製程 IP 銷售比重提升，也有助獲利表現。法人認為，M31 第 4 季受惠美中貿易戰帶來的 AI 急單，加上先進製程的成長趨勢明顯，預計將依循往年營運軌跡，挑戰全年營收最高峰，營收年增率逾 2 成，全年則可賺逾 1 個股本。
778,2019/11/04,機車汰舊換新補助擴大對象 明年起最高可領5000元,環保署今 (4) 日發布「機車汰舊換新補助辦法」草案，補助對象不再僅限二行程機車，2007 年 6 月 30 日前出廠的燃油機車也被納入，若汰舊並新購電動機車或七期燃油機車，明年最高可補助 5000 元。根據環保署補助辦法草案，明年起補助方案調整為汰舊換新，針對 2007 年 6 月 30 日前出廠的燃油機車（含二行程與四行程），明年起汰舊換新重型電動機車、七期燃油車可補助 5000 元，輕型及小型輕型電動機車補助 3000 元。環保署為鼓勵民眾及早汰舊換新，2021 年起補助金額將遞減，重型電動機車、七期燃油車補助降至 3000 元，輕型及小型輕型電動機車則補助 1000 元。另外，報廢不換新的補助方案將不再延長。草案預計在明年 1 月 1 日施行，根據規定，每人限補助一輛，若過去曾依環保署新購電動輔助自行車補助辦法、新購電動自行車補助辦法、淘汰二行程機車及新購電動二輪車補助辦法申請電動二輪車補助者，不予補助。
779,2019/11/04,〈泓格強攻生醫布局〉工業4.0業務打進晶圓代工龍頭 Q4爆單可望扭轉前3季衰退,泓格 () 總經理陳瑞煜今 (4) 日表示，來自晶圓代工、被動元件、塑化等龍頭業者對於工業 4.0 的需求「爆單」，第 4 季意外的好，可望扭轉前 3 季衰退態勢，全年可望優於去年，法人估，泓格單季每股純益可望達 1 元以上，來到歷史次高。陳瑞煜指出，目前工業 4.0 的業務客戶涵蓋國內前二大晶圓代工業者、被動元件龍頭、塑化及鋼鐵大廠等，整體訂單需求強勁，10 月營收表現可以期待，第 4 季更將來到全年高峰。此外，中國業務好轉，是推升泓格第 4 季營運的另一棟能，陳瑞煜透露，今年前 3 季中國業績掉了 4 成，但現在找到「勝利方程式」，朝向系統整合 (SI) 應用發展，預計 11 月開始會慢慢發酵，全年依舊可望優於去年。泓格前 3 季營收 5.83 億元，年減 4.6%，稅後純益 3218.1 萬元，年減逾 6 成，每股純益 0.61 元，法人推估，泓格第 4 季營收可望季增 1 成、稅後純益更可望倍增，每股純益達 1 元以上。
780,2019/11/04,海外資金申請匯回金額突破200億元 可望挹注國內投資動能,海外資金匯回情形熱度不減，根據財政部統計，截至 11 月 1 日，申請匯回資金規模已突破 200 億元，共 213.8 億元，其中 41.4 億元已經獲准匯回並存放於專戶，其中有將近 7 成為企業匯回資金，預期可望成挹注國內實質投資的新動能。財政部日前公布海外資金匯回最新數據，截至 10 月 25 日止，申請匯回金額約 160 億元，到了本 (11) 月初匯回金額已達 213 億元，等於短短一週內，申請匯回金額將近 50 億元。根據賦稅署統計，專法上路 2 個月餘以來，共有 47 案申請匯回，其中企業 30 件、個人申請 17 件；累積申請匯回金額共 213.8 億元，其中企業戶 185.5 億元、個人戶 28.3 億元。海外資金匯回專法 8 月 15 日正式上路，實施為期 2 年，預計 2021 年 8 月 14 日落日，首年匯回資金稅率 8%、次年稅率 10%，需存放在專戶進行控管，匯回資金如用在指定項目做實質投資，首年稅率可降至 4%、次年稅率則降至 5%，財政部預估，專法上路一年後可望吸引 1333 億元資金匯回。
781,2019/11/04,鮮活果汁10月營收1.92億元年增2成 季節性下滑走勢趨緩,鮮活果汁 - KY() 今 (4) 日公布 10 月營收為 1.92 億元，月減 51.64%，受到飲品市場需求進入淡季，導致營收下滑，不過月衰退幅度持續縮減，優於去年 9 月、10 月營收下滑的 54.51% 幅度，主要原因來自於風味糖漿與口感添加物等產品比重持續成長。鮮活 10 月營收 1.92 億元，月減 51.64%，年增 22.31%，累計前 10 月營收為 30.29 億元，年增 7.38%。鮮活主管表示，10 月營收較上月減少，是因中國十一周假期，經銷商提前在 9 月啟動備貨，同時時序入秋，飲品需求進入淡季，此是產業淡旺季常態，但風味糖漿、口感添加物等產品，受惠不受季節性影響，比重持續成長，加上與客戶共同研發、獨家供應，帶動 10 月營收較去年成長。鮮活主管指出，憑藉研發優勢，挾少量多樣客製化產品製造力，加上中國大陸餐飲消費市場點評、外送平台的推波助瀾，推升穩健成長。鮮活因應成長逐步擴增產能，目前天津廠與廣東廠都已進駐新廠，短期內將以提高生產良率首要，並持續與客戶研發更多元飲品原料，同時致力開發非果汁類產品，藉由產品組合優化與拉高不受季節性影響產品比重，提升產品毛利率並降低季節性差異的影響。展望第 4 季，鮮活表示，除在研發生產上持續努力，也將加強與經銷商的緊密合作關係，讓公司品牌力持續滲透中國餐飲市場。
782,2019/11/04,〈燦坤拚轉型〉李佳峰甩29年品牌包袱 轉型目標營收要重回正成長,燦坤 () 總經理李佳峰自小米轉戰場後，要甩開燦坤 29 年舊品牌包袱，除代理多項獨家品牌，下一步則要換品牌 LOGO，未來實體門市將升級成｢燦坤電生活 TK3C.com」，他坦言，大型企業轉型仍需時間，目標是可帶動營收正成長、每股純益提升。李佳峰表示，全台共有 283 家實體門市，首間門市已經營 29 年，轉型是必要之路，從品牌 LOGO 著手，改為｢燦坤電生活 TK3C.com」，初期先更換電商及內湖旗艦店，明年首季新開門市也會以新 LOGO 亮相，陸續再更換六都門市。而其他原本的門市，李佳峰指出，不會直接裁撤，而是傾向調整門市體質，暫時沒有大幅擴店的計畫。門市產品結構方面，李佳峰表示，早期以 1C 消費性產品為主，包括手機、遊戲機、印表機、導航等，近年大型白色、黑色家電的 2C 產品比重提升，今年受惠政府節能政策、市場趨勢帶動下，2C 產品營收比重已超越 1C，單一門市 2C 產品比重可達 8 成。李佳峰指出，因應市場趨勢，AIoT 家電產品涵蓋 1C 與 2C，未來門市會導入更多 AIoT 相關的家電產品，有助改善營運表現。李佳峰坦言，轉型對大企業來說需要時間，不是短期幾季就能顯現效益，需用「年」來計算，但最終目標，是希望透過一系列的轉型政策，帶動營收正成長、每股純益提升。
783,2019/11/04,明揚新產能開出挹注 Q3獲利創次高 前9月EPS 2.17元,明安集團高爾夫小白球廠明揚國際 () 受惠產品單價平穩、新產能逐步開出，第 3 季營收以 4.65 億元創新高，稅後純益 4265 萬元，僅次去年第 4 季創歷史次高，單季每股純益達 0.84 元，依第 4 季接單來看，明揚營收仍有機會再創高。明揚今 (4) 日公布最新財報，第 3 季營收 4.65 億元，毛利率為 17.2%，季增 0.8 個百分點，年增 5.72 個百分點，稅後純益 4265 萬元，創歷史次高，季增 10.13%，年增 91.35%，單季每股純益 0.84 元。明揚前 3 季營收 13.42 億元，毛利率為 15.69%，年增 6.79 個百分點，稅後純益為 1.11 億元，年增 2.47 倍，每股純益為 2.17 元。明揚國際投資 5.9 億元在台灣屏東建置的二期新廠日前落成，新廠 6 月先開出 250-350 萬打新產能。明揚主管指出，新廠將分二階段開出產能，6 月先開出 250-350 萬打，今年底舊廠加新廠年產能將可達 1600 萬打，產能擴充完成後，未來將採取「專屬產線」策略，讓客戶委託明揚 OEM 或 ODM，不用擔心商業機密外洩，對於未來爭取或穩定大咖客戶，將有很大的幫助。法人估，明揚今年營收年增率將逾 15%，可望落在 18.2 億元左右，每股純益挑戰 2.7 元，明揚明年營運成長趨勢不變，初估年增率將逾 1 成，可望上看 20.6 億元，稅後純益可望超過 1.5 億元，年增率將超過 1 成。
784,2019/11/04,信驊Q3、前3季純益同創高 前3季EPS 17.57元,伺服器晶片大廠信驊 () 今 (4) 日公布財報，第 3 季獲利創歷史新高，帶動前 3 季獲利同步創高，第 3 季稅後純益 2.32 億元，季增 28.18%，年增 19.59%，每股稅後純益 6.81 元，累計前 3 季稅後純益 5.98 億元，年增 15.89%，每股稅後純益 17.57 元。信驊第 3 季合併營收 6.87 億元，季增 31.36%，年增 17.84%，毛利率 62.73%，季減 1.8 個百分比，年增 2.09 個百分比，營益率 41.52%，季增 1.22 個百分比，年增 1.33 個百分比，稅後純益 2.32 億元，季增 28.18%，年增 19.59%，每股稅後純益 6.81 元。信驊前 3 季合併營收 17.61 億元，年增 5.51%，毛利率 63.52%，年增 4.14 個百分比，營益率 40.63%，年增 3.6 個百分比，稅後純益 5.98 億元，年增 15.89%，每股稅後純益 17.57 元。信驊第 3 季受惠資料中心與伺服器市場庫存去化至健康水位，BMC(遠端控制晶片) 拉貨力道明顯轉強，帶動營收創下歷史新高，惟毛利率較上季小幅下滑。法人認為，信驊布局英特爾、超微的伺服器平台，隨著 2 大客戶在第 4 季推出新一代的伺服器平台，信驊 BMC 晶片出貨可望暢旺，估本季營收將優於上季，續寫歷史新高。信驊 10 月營收 2.35 億元，月減 3.93%，年增 50.49%，累計前 10 月合併營收 19.96 億元，年增 9.35%。
785,2019/11/04,〈雙11捎捷報〉富邦媒首波業績已成長1倍,電商年度盛事雙 11 購物節如火如荼進行中，富邦媒 () 今 (4) 日指出，旗下 momo 購物網雙 11 暖身慶於 11 日 1 日開跑後業績開紅盤，較平日成長高達 1 倍，又以 3C 和家電類最熱銷。富邦媒總經理谷元宏日前已喊出，今年造訪人次要翻倍、訂單數翻倍和業績翻倍等三大目標，此次前哨戰，已成功打響第一炮，業績較平日增加達 1 倍，第四季營收表現可期。momo 購物統計，首波人氣商品有 iPhone 11、SAMSUNG Galaxy A30 智慧型手機、iRobot 掃拖雙機組、飛利浦 50 吋電視和 Le Creuset 琺瑯鑄鐵鍋等。除了富邦媒業績開紅盤，看準消費買氣正在網上延燒，Yahoo 奇摩購物中心今日宣布，攜手台灣彩券公司推全球首款電商購物主題刮刮樂；而蝦皮購物則是強打兩款互動新遊戲，已有效帶動遊戲人次超過前一檔期 99 購物節達 2 倍。Yahoo 奇摩購物中心為了做出差異化，今日宣布推出全球首款電商購物主題刮刮樂「虎來寶」，搭配雙 11 檔期，預計要撒 6 億元的購物紅包，每張「虎來寶」券面上的購物紅包區提供有一組折價券網址。蝦皮購物也指出，全力搶攻直播娛樂、互動遊戲商機，除了雙 11 期間推出的兩款全新互動遊戲，結合先前廣受消費者好評的「蝦拼接接樂」、「蝦搖一波」，開跑首周遊戲人次已較 99 購物節同期成長超過 2 倍，有效帶動來客。
786,2019/11/04,台股翻越11500點 投信：大選行情助攻台股可望旺到明年Q1,台股今 (4) 日在外資買超下，大漲 157 點翻越 11500 點關卡，施羅德投信表示，在全球接力量化寬鬆加上明年元月大選行情推波助瀾，預估到明年第 1 季外資仍可繼續回補台股，股價淨值比可望挑戰 1.7 倍。施羅德投信指出，根據歷史經驗，每逢總統大選前三個月到選後一個月，台股上漲機率平均約 4 到 6 成，研判自第 4 季開始，台股可望在選前政策做多下保持上漲動能。施羅德台灣樂活中小基金經理人詹祖光指出表示，近期全球股市面臨漲多拉回，因此台股如跟著修正，可視為進場買點，至於投資標的部分，包括 5G 產業、自動化、AI 題材與休閒產業等，可望成為這波台股投資亮點。詹祖光表示，美中貿易戰帶動電子轉單效應，加上外資擴大買超規模，光是 10 月買超規模就達千億元，推升台股站上 29 年新高，表現優於新興市場指數與亞洲主要股市。在基本面部分，詹祖光分析，受華為拉貨與去美國化效應影響，帶動亞洲科技股今年獲利上修，在 9 月首次變為正成長，台股也擺脫連續五季獲利衰退的局面，自第 4 季開始正成長，預計至少可持續至明年年上半年。從資金面來看，包括美國、區、澳洲等 19 個央行或降息或進行寬鬆貨幣，美國聯準會、歐洲央行、日本央行等全球三大央行今年 8 月起轉為淨印鈔，台股也揮別 8 月的低迷自 9 月開始呈現外資淨買超。詹祖光指出，台股殖利率 4.38% 仍優於韓國、新加坡等亞洲四小龍與其他成熟國家，且目前台股評價並不算貴，股價淨值比約 1.62 倍，與長期平均相同。在全球資金寬鬆之下，預估外資將持續回補台股，有機會往上挑戰 1.7 倍。
787,2019/11/04,砷化鎵廠10月營收 穩懋23.24億元再創新高 宏捷科創41個月新高,砷化鎵大廠穩懋 () 今 (4) 日公布 10 月營收達 23.24 億元，月增 1.38%、年增 67.01%，連 4 個月營收突破 20 億元大關，續創歷史新高紀錄，宏捷科 () 也公布 10 月營收達 2.53 億元，月增 6.61%、年增 127.66%，同樣創下 41 個月以來新高。穩懋 10 月營收達 23.24 億元，月增 1.38%、年增 67.01%，累計今年前 10 月合併營收 167.69 億元，年增 15.84%，資深副總經理陳舜平日前表示，受惠手機客戶強勁需求，在手機晶片、WiFi、VSCEL 需求、出貨提升，預期新機需求將延續至第 4 季，基礎建設也可望延續上半年動能，第 4 季營收可望季增 5-7%，毛利率維持第 3 季水準，全年營收可望年增逾 2 成。陳舜平表示，穩懋目前產能利用率達 95%，看好未來 5G、VSCEL 需求，下一波擴產計畫進行中，相關機台第 4 季持續進駐，預期明年第 2 季就能開始貢獻營收，屆時月產能將增加 5000 片，達每月 41000 片，預期未來隨著 5G 通訊發展需求升溫，手機功率放大器 (PA)、VSCEL 將成未來兩大營運動能。宏捷科 10 月營收達 2.53 億元，月增 6.61%、年增 127.66%，創下 41 個月以來新高，累計今年前 10 月合併營收 16.79 億元，年增 4.69%。宏捷科近年積極開發自有射頻元件、VSCEL 技術，法人表示，中國去美化效應持續發酵，宏捷科積極進行產線去瓶頸，預期第 4 季在亞洲客戶需求帶動下，手機功率放大器 PA、VCSEL 動能持續，加上明年新廠即將完工，有助訂單、產能利用率持續提升，推升營運表現。
788,2019/11/04,論文數、博士生皆下滑 陳良基：盼5年增200億元助基礎科研,科技部長陳良基今 (4) 日表示，政府投入基礎科學研究的經費，與已開發國家相較仍有不足，近年論文發表及博士生人數也逐漸下滑，希望未來每年能增加 40 億元，也就是 5 年增加 200 億元預算的速度穩健成長，以充實基礎科學研究。陳良基今日赴立法院教育及文化委員會，針對明年度總預算案科技部及所屬單位預算進行報告，並備質詢。陳良基指出，我國投入基礎科學研究的經費仍有不足，2017 年占整體研發經費比率為 7.8%，低於瑞士 41.7%、荷蘭 26.5% 及新加坡 23.8% 等國。陳良基進一步指出，國內論文發表篇數逐漸下滑、博士生人數也呈現下降趨勢，政府基礎研究經費下滑的危機，短期會造成科研成果與人才流失，中長期下來，創新的科技成果可能難以確保持續產生，最終恐導致國家競爭力衰退。陳良基表示，科技部今年向行政院提出基礎科學研究計畫要求獲大力支持，明年度擬增加 40 億元基礎科學研究計畫預算，70% 主要用於好奇探索型，19% 科研人才及國際交流，11% 則是用在共用資源與核心設施。陳良基說，若立法院通過每年增加 40 億元基礎科學研究預算，預計占整體研發經費比率可提升至 8.3%，未來 5 年將增加 200 億元預算的速度穩健成長，屆時與其他已開發國家相比，落差就不會這麼多了。
789,2019/11/04,〈燦坤拚轉型〉雙11將獨賣三家電產品 力拚每年爭取500項首賣品項,燦坤 () 展開品牌升級，電商行銷方面，總經理李佳峰策略為「產品帶來流量，流量帶來業績」，目前已爭取超過 250 項獨賣、首賣產品，雙 11 檔期再加碼宣布新獨家代理的台灣 3 家品牌，力拚未來每年能爭取 500 個獨賣品項。針對網路行銷策略，李佳峰定調為「產品帶來流量，流量帶來業績」，與許多品牌談獨家販售、首賣，今年產品數量逾 250 項，包括 Sony 43 吋 4K 電視、TP-LINK WIFI 6、TECO 一對一冷空調等，目標未來力拚 1 年爭取 500 個首賣、首發品項。面對即將迎來的雙 11 檔期，李佳峰將於明 (5) 日公布 3 家品牌獨家首賣，是從未進軍台灣的家電品牌，盼能在年底最後一波活動，添營運成長動能。李佳峰表示，過去網購營收占比約 6-8%，有近 400 萬名會員，卻未善用既有資源，因此重新改版網站頁面，除獨賣商品，也採取線上購買、門市取貨等方式分散人流，透過會員瀏覽紀錄，精準投放廣告，未來更要讓大都會區消費者，下單後 6 小時內取貨。燦坤行之有年的「會員特典」，一年有 4 次檔期、為期 4 天，可占當月營收比重達 3-5 成，李佳峰指出，已開始調整促銷節奏，如今一年約有 18 個檔期，每個檔期促銷不同產品，藉此來吸引不同群眾。
790,2019/11/04,聯茂10月營收21.3億元創次高 Q4不看淡,CCL 廠聯茂 () 第 3 季進入旺季後，業績持續走旺，聯茂今 (4) 日公布 10 月營收為 21.3 億元，創單月歷史次高，也是單月營收連續 4 個月站上 20 億元大關，新廠 10 月中之後將有新產能開出，在首期產能進入滿載生產後，將可再為聯茂增加 10% 新產能，也使聯茂第 4 季營收可望再走高。聯茂 10 月營收 21.3 億元，創次高，月增 2.27%，年增 26.7%，累計前 10 月營收 197.58 億元，年增 4.33%。聯茂第 3 季營收 63.7 億元創新高，稅後純益 7.15 億元也同步衝高，累計今年前 3 季稅後純益 17.99 億元，超過 2018 年全年，年增 43.94%，每股純益達 5.94 元。聯茂今第 3 季單月營收都維持在 20 億元以上歷史高檔水位，單季營收 63.7 億元創新高，聯茂江西新產能 10 月中後也將陸續開出，在第 4 季接單旺盛下，可望持續推升營收成長。聯茂目前訂單需求仍強勁，近年耕耘網通基地台、伺服器、存儲等產品應用，也積極在中高階材料爭取新進展，躋身一線 PCB 材料供應商。
791,2019/11/04,〈遠東銀專訪〉從辦公室哲學開始 戴松志以斜槓思維發展「務實數位金融」,走進遠東銀行 () 數位金融辦公室，捨棄制式的辦公隔間，以開放極簡、去蕪存菁的格局，只留下更有用、智慧的物件，這樣的理念也體現在遠銀數位金融長戴松志對於數位金融的經營上，他說，遠銀的數位金融發展主軸是「務實的數位金融」，斜槓開放的思維便是成功的要件。遠銀的數位金融辦公室沒有傳統金融業的辦公屏風、頂櫃，開放式的空間，除了讓視野更開闊，也希望讓同仁溝通更無阻礙，戴松志還開心介紹每個人座位還藏著一個巧思，就是每個人的個人檔案櫃是以沙發造型的滑動式儲物櫃，取代冷冰冰的鐵櫃，除了收納功能，也方便同仁隨時坐下來交流、討論，激盪火花。戴松志堪稱遠銀數位金融轉型的推手，他本身就是「斜槓人才」，畢業於紐約大學電腦科學碩士，歷任過遠傳電信專案暨流程控管部主管、遠傳電信企業安全部部主管，原本是科技人，卻在 2016 年，遠銀正在進行數位金融轉型之初，一頭栽進金融業，並且打造遠銀數金事業群從零到有，還創造出全亞洲首創的「社群銀行」Bankee 的創新商業模式。戴松志打破舊思維，但又不是天馬行空地喊口號，遠銀的數位金融發展主軸是「務實的數位金融」，戴松志說，遠銀在做變革時，有一套「Train–retrain–replace」的過程，除藉此翻轉舊思維，也能讓數位金融服務更務實地貼近民眾。戴松志說，「數位金融的工作和其他事業群不同之處在於，其它事業群著重於個別範疇，但數位金融必須宏觀全行的業務，甚至放眼集團、整個生態圈。」數位是無限寬廣，商業智慧的養成也非一蹴可及，須持續透過模擬應用場景 (Context) 的訓練，因此，從戴松志對遠銀的辦公室設計哲學，可以看到遠銀在數位變化過程中，也是秉持著展開的思維，唯有不斷交流碰撞，才會激盪出更多未來性的數位趨勢。
792,2019/11/04,【運達投顧】操作有依據漲跌無所畏懼,美國股市大漲創高台股也跟著雨露均霑，相對於亞洲其他的市場，台股因為有護國神企台積電 (2330) 的關係，吸引了大量的資金來到台灣，加上聯準會降息釋放出更多閒錢來到股市當中，這些錢不能只在美國股市，必須分散投資到其他市場來，台股因為殖利率高加上有選舉加持的關係，成為外資的首選市場。指數雖然很強悍，但是個股間的結構不一樣，上市櫃上漲家數合計一千家，下跌家數也高達七百家，代表指數上漲的過程中，還是有股票被逢高獲利了結，資金的流向決定未來行情方向，能掌握到資金轉入的族群，才能夠維持著長期穩健正報酬。今天資金轉入的方向在資產族群，國產 (2504) 今日亮燈鎖住漲停板，手握南港的 6500 坪土地已經完成都更申請，未來有 4000 坪的土地可以改建成商辦大樓，土地一旦重估價值增值空間相當驚人。上週因為被處置的關係股價震盪整理，今天恢復正常交易後股價也立即反應應有的價值，高跟低不存在，股市最終還是會反應該有的 EPS。台股還有相對低估的族群就在半導體設備族群，台積電提高了資本資出，並且提高本土的設備使用，台灣的半導體設備族群因為中美貿易大戰的關係，股價也受到相當程度的影響，隨著中美間的停火，三星也再度啟動記憶體晶片的投資計畫，相關的設備族群需求量也將谷底反彈，而大多的半導體設備股今年來漲幅都非常小，以龍頭的半導體設備京鼎 (3413) 來觀察，九月份營收還是比去年衰退將近一成的幅度，十月份營收公布時將是重要的多空轉折時機。相關的設備族群包括了弘塑 (3131)、帆宣(6196)、閎康(3587) 都具備谷底轉強的機會，波段強勢股買在短線上弱勢的時候。※以上內容由洪任浚分析師 整理提供，投資人於投資前請審慎評估，遵守紀律，嚴設停利停損。
793,2019/11/04,〈雙11捎捷報〉網家3C類熱銷 手機成長3成 生活快銷品助攻業績,網家 () 今 (4) 日公布雙 11 前哨戰銷售狀況，首日 PChome24h 購物行動端業績年增達 55%，而 NB 筆記型電腦、GOPRO、Apple、滑鼠、 衛生紙 、洗衣精為主要搜尋關鍵字；整體類別中，3C 類商品買氣最旺，其中手機通訊銷售成長 30%。網家指出，PChome24h 購物於 10 月 24 日開跑雙 11 暖身促銷活動，首日行動端業績成長 55%，以 NB 筆記型電腦大增 70% 最多，流行類商品和運動戶外用品也是首波銷售業績突起的黑馬。另一方面，網家表示，由於首波活動搭配品牌影片上線後觀看人次突破百萬人次，帶動下單人次增加，也讓新會員的成長比例高達 60%。網家統計，就整體類別來看，以 3C 類商品買氣最旺，其中，手機通訊類銷售成長 30%，尤其 iPhone11 系列熱賣，而 AirPods 第二代開賣三天熱銷超過萬件，較去年同期增 5 倍，小米旗艦館則有 51% 的大幅度成長，Realme 手機更在開賣期間，繳出千台手機銷售秒殺成績。而多款電競筆電買氣升溫，也帶動滑鼠 80% 成長。此外，消費者對於日用快消品的囤貨動能展現在首周活動中，幼兒紙尿褲銷售成長超過 80%，而衛生紙與洗衣精同樣是歷年都熱賣的囤貨好物。
794,2019/11/04,旺季過 南亞科10月營收月減近1成 近4個月低點,DRAM 大廠南亞科 () 今 (4) 日公告 10 月合併營收 45.22 億元，由於第 3 季為出貨旺季，10 月營收較 9 月小幅回落，月減 9.58%，年減 32.76%，為近 4 個月低點；前 10 個月累計營收 431.34 億元，年減 42.09%。南亞科估第 4 季 DRAM 價格將持平或小幅上漲，位元出貨量有機會持平上季、或小幅減少。展望本季，南亞科總經理李培瑛表示，第 4 季 DRAM 供需平穩，價格估將持平或小幅上漲，位元出貨量則有機會持平上季、或小幅減少；目前雲端伺服器需求逐漸增加，手機新機搭載量也成長，PC 出貨量下半年估優於上半年，消費型電子產品需求則持穩。展望明年，李培瑛指出，全球經濟景氣仍有不穩定現象，但 DRAM 大廠庫存已去化至健康水位，加上大廠持續調節庫存，明年資本支出也相對保守，有機會帶動明年價格反彈，但確切的時間點，得視大廠庫存去化情形，他認為，最快明年第 1 季就可望出現價格反彈力道。南亞科第 3 季需求雖優於預期，但受到 DRAM 價格持續走跌影響，毛利率跌破 30%，稅後純益 22.05 億元，季減 19.8％，年減 82.9%，每股純益 0.72 元，近 12 季低點。前 3 季稅後純益 85.39 億元，每股純益 2.81 元。
795,2019/11/04,義隆電兩個產品助攻 10月營收寫歷史次高,觸控板大廠義隆電 () 今 (4) 日公布 10 月營收 9.9 億元，月減 2.28%，年增 19.99%，累計前 10 月合併營收 77.65 億元，年增 7.96%，義隆電 10 月受惠指點杆、指紋辨識晶片 2 產品出貨暢旺，營收雖較上月衰退，仍單月歷史次高的紀錄。義隆電表示，第 4 季出貨來看，指點杆、指紋辨識晶片維持成長，指點杆季增 25-30%，指紋辨識晶片季增 20-25%，單季出貨量上看 225 萬套，觸控板則受淡季影響，小幅下滑 4-8%，約 2200 萬套，觸控筆電也季減 15-20%，法人估，義隆電第 4 季營收季減幅可望收斂至 5%，持穩 25 億元。展望明年，義隆電觸控螢幕晶片出貨主力，將從第 5 代提升至第 6、7 代，銷售單價可望提升 3-4 成；同時，營收主力觸控板在商用機種的滲透率提高，也有助拉升市占率；至於指點杆，由於比較基期低，加上明年有新客戶量產，成長同樣強勁。另外，義隆電指紋辨識晶片通過微軟新規格認證，銷售單價遠高於目前的產品，預計明年開始量產，也有助明年營運表現。
796,2019/11/04,【日盛投顧】指數創新高，中小型股波動加劇,"1. 美國非農優於預期，帶動全球股市再度走強，台股周一以高盤跳空開出，指數再創波段高點，持續沿五日線走強，均線多頭排列，成交量也放大至 1,500 億以上，櫃買 OTC 指數今日漲幅比集中市場小。盤面資金聚焦電子權值股其中以半導體、蘋概及資產營建相關個股相對強勢，終場指數上漲 157.32 點，漲幅 1.38%，收在 11,556.85 點，成交金額為 1,573.01 億元。三大法人合計買超 190.12 億元：外資買超 146.88 億元、投信買超 8.12 億元、自營商買超 35.11 億元。2. 台股觀盤重點：（1）量能：指數上漲成交量放大至 1,500 億以上，後勢下跌須量縮，反彈則須量增。（2）均線：下檔支撐為 11,300 點附近，上檔壓力 11,700 點附近。（3）技術指標：KD 在 80 以上超買區，短線偏多但須提防過高拉回。（4）觀盤指標股：2330 台積電能否守穩 5 日線持續創新高。3. 上漲 0.60%，收在 145.99 點。短線支撐為 143 點附近，壓力為 148 點附近。4. 台股選股方向可留意半導體、TWS、汽車零組件、資產營建、生技。◆半導體、蘋概、TWS、生技、資產營建1. 半導體：外資券商調高 2330 台積電評等帶動周一股價重回 300 元以上並再創新高，帶動另一晶圓代工廠 2303 聯電周一股價再創今年新高。另外 IC 設計部分，龍頭股 2454 聯發科受惠 5G 手機利多，股價守穩 5 日線後再度轉強，也帶動 3034 聯詠再度轉強即將挑戰今年新高。2. 蘋概：受惠 APPLE 股價創高激勵，股王 3008 大立光周一股價重回 4500 元以上，2317 鴻海接連 2 個交易日放量強勢上漲，機殼廠 2474 可成周一帶量上漲，股價再創今年新高。3. 資產營建：持續升值的利多帶動資產營建股周一再度轉強，資產指標股 2101 南港周一即將再度挑戰歷史新高，也帶動同樣資產股 2102 泰豐轉強收盤站上所有均線，另外在南港具開發題材的營建股 2504 國產再度轉強攻上漲停，股價創下 8 年來的新高。4. 生技：盤面資金部分轉進低基期的生技族群，生技分類指數上周低檔帶量長紅站上季線後，周一再度續強，1773 勝一、4157 太景 - KY 連續 2 個交易日帶出量上漲再創今年新高，1760 寶齡富錦因取得藥證，股價持續上漲，周一股價高點創近 3 個月新高。"
797,2019/11/04,〈光寶科法說〉Q3毛利率創35季新高 每股賺1.34元 近3年新高,光寶科 () 今 (4) 日公布第 3 季財報，由於智慧家庭、消費性電子遊戲機電源產品出貨拉升，獲利佳產品出貨比重高，帶動毛利率創 2010 年第 4 季以來新高，營益率為 11 季高點，單季稅後純益 31.09 億元，季增 3 成，年增 18%，每股純益 1.34 元，創近 3 年單季新高；前 3 季稅後純益 69.68 億元，年增 28%，每股純益 3 元。光寶科第 3 季合併營收 481.58 億元，季增 8%，年減 10%，毛利率 16.2%，季增 0.5 個百分點，年增 0.4 個百分點，營益率 6.7%，季增 1.4 個百分點，年增 0.5 個百分點；稅後純益 31.09 億元，季增 30％，年增 18%，每股純益 1.34 元。光寶科前 3 季累計營收 1337.99 億元，年減 15%，毛利率 15.1%，年增 2.1 個百分點，營益率 5.1%，年增 1.5 個百分點；稅後純益 69.68 億元，年增 28%，每股純益 3 元。光寶科指出，第 3 季受惠資訊與光電產品應用於 AI 智慧居家裝置、消費性電子產品與遊戲機等市場成長，加上供應鏈管理、產品組合優化與營運效率提升，帶動雙率走揚，獲利結構轉佳。從各事業營收占比來看，光寶科第 3 季光電部門營收占 15%；資訊產品部門達 67%，為第 3 季成長動能最強勁的部門，受惠 AI 智慧居家設備、消費性電子遊戲機等電源產品出貨持續推升，營收季增近 1 成；儲存部門營收占 13%，在光碟機相關應用成長帶動下，營收也季增近 1 成。
798,2019/11/04,〈遠東銀專訪〉金融人才數位轉型第一步要翻轉思維 擁有商業智慧最重要,數位金融轉型時代，金融業人才的需求與培育，成了各業者的重要課題，遠東銀行 () 數位金融長戴松志接受《鉅亨網》專訪時坦言，「找人是辛苦的」，金融業人才面對數位轉型的第一步絕對是 Mindset(思維) 的轉換，商業智慧的能力，比起大數據等技術的應用更為重要。戴松志表示，發展數位金融，人員培訓絕對是一大課題，「很多企業偏重 Database Skill 的訓練，但我認為，實際運作中，Database Skill 只佔職能比重 30%，商業智慧 (BI，Business Intelligence) 的分析能力才是企業決勝關鍵，唯有具備商業智慧的敏銳度，懂得從商業的角度看數字，才能挖崛出數字的價值，進而找到商業發展的機會。」遠東商銀數位行銷長周昕妤說，遠銀數位金融人力目前為 48 人，一半是傳統銀行人才，一半是跨業人才，傳統銀行平均年齡 42 歲，跨業人才平均年齡 28-30 歲。戴松志表示，遠銀數位金融人才需求目標至少要達 50 幾人，但是他坦言「找人是辛苦的」，因為要有金融、數位科技概念的複合性人才很少，要從市場上找這樣即戰力的人才是可遇不可求的。周昕妤舉例，去問每個銀行從業人員一定都了解數位是未來趨勢，但是當做事情遇到困難挑戰時，如果 Mindset 沒深耕到最底層，可能又會選擇最容易走的那條路，但最容易走的路很可能不是未來趨勢的那條路。戴松志也說，金融業的人才儘管在銀行待得久，有金融專業度，但是創新度、新知識接受度如果不高，或是有些人說會抱持開放心態，但是思維還是沒達到要求，這些進來都會很辛苦，因為每件事都在顛覆他原來的想法，會覺得大家都在打破他的專業。而從其他行業進來的跨業人才，因為其他行業嚴謹度跟金融業不一樣，鴻溝可能太大，也是要互相磨合才能待得長久。正因為好的又對的人才難覓，遠銀就更珍惜人才的自主培訓，戴松志表示，為了能讓內部人才凝聚共識，遠銀部門內部每月都有名人開講等，透過不同產業的交流，讓公司員工可以多方吸收新知、刺激思考。戴松志說：「吸收新知、刺激新思維不可以久久一次，而是要深入在每分每秒、每一個行為中，因此就算現在每個月舉辦一次名人開講的月會，但因為數位金融與時俱進，要常常更新不同的思維，思考也較不受限，因此遠銀認為還有不斷進步的空間。」另外，遠銀也以開放式的辦公環境及座位巧思，讓同仁彼此間可以更方便的溝通，隨時隨地的可以互相腦力激盪，開發出更真實瞭解客戶需求的金融商品。 若想加入遠銀的數金「混血團隊」最需具備什麼條件？戴松志強調，若依舊抱持傳統想法，就無法有任何改變。遠銀之所以能從容應對新競爭者的加入及產業的變化，正是因為已早一步翻轉思維，以 Bankee 為例，就充滿差異化與創新性，也為遠銀的數位金融加速開創新局。
799,2019/11/04,〈遠東銀專訪〉靠社群打造新商模 遠銀明年數位金融大爆發,遠東銀行 () 雖為中小型銀行，卻靠著不同於其他銀行的數位金融轉型，以金融共享概念打造「社群銀行」Bankee，不但創造出高達 90% 的離櫃率，「金融大平台」的目標也逐漸開花結果，遠東銀行數位金融長戴松志接受《鉅亨網》專訪時表示，明年將是遠東銀行數位金融大爆發的一年，預期 Bankee 最快 3 年就可以損益兩平。在 Bank 4.0 的時代，各家銀行都在做數位金融轉型，無論是支付、數位帳戶等都百家爭鳴，但是，遠東銀行的數位金融轉型卻走一條很不一樣的路，戴松志表示，遠銀數位轉型的戰略，分為三大層次，一是優化客戶體驗，二是金融服務流程數位化，第三項則是創造新的商業模式。以「金融服務流程數位化」策略為例，戴松志說，2016 年時，遠銀離櫃率僅為 83%，但是隨著流程改善，遠銀離櫃率今年已經站穩 9 成以上，也就是，目前遠銀每 100 筆交易中，僅有 10 筆是臨櫃交易，手機已化身「微型銀行」，打破實體分行營業時間限制，數位化成效顯著。而「創造新的商業模式」，去年 11 月才上路的 Bankee 就是最好的例子，遠銀透過社群概念，以 Bankee 爭取全新的年輕用戶，戴松志說，遠銀在發想 Bankee 之初，就已定調「Bank as a Platform」的商業模式，目標是把 Bankee 發展成一個金融大平臺。一般的數位帳戶為搶攻小資族、提高市占率，都會祭出高利活儲優惠，但是 Bankee 不是一般數位帳戶，而是透過推薦機制，經營自己的社群圈，還推出分潤獎勵制度，只要整個社群圈刷卡消費或是存款合計金額愈高，就可以得到加碼的高利回饋，戴松志說，這讓顧客更願意經營他的社群圈，也會對此平臺的黏著度越深。遠東商銀數位行銷長周昕妤表示，遠銀把每個 Bankee 社群圈看成分行數，上路近一年，已有約 3、400 個分行社群圈，有的是奈米小的分行社群圈，也有微型、中型、大型的。戴松志說，Bankee 當初命名就是希望每個人都是 Banker，因此命名為 Bankee。戴松志進一步表示，遠銀之所以會發展出「社群銀行」概念的 Bankee，而不是一般的數位帳戶，就是觀察到，越來越多年輕人的生活圍繞著社群打轉，因此看中未來金融服務的場景著力的不是職業別、而是社群別。戴松志說，「許多人都說要培養客戶的忠誠度，但是在數位時代，客戶忠誠度是行不通的。」戴松志解釋，所謂社群的概念，不是單純臉書、網紅平台等狹義的社群，他舉遠東集團旗下有 SOGO、遠傳為例，都有很龐大的忠誠客群，這些就是金融服務可以著力的金融場景社群對象，靠 SOGO 好好去培養忠誠度，比銀行去培養還有效，銀行只要培養連結度。因為金融是特許行業，SOGO、遠傳不能對客戶做金融服務，然而若透過遠銀的金融大平台，就可以異業合作，創造金融共享，而這就是培養連結度。因此，Bankee 這個創新模式，除了有信用卡消費、存款等一般數位帳戶做得到的業務以外，還有異業合作的開放銀行概念。戴松志表示，隨著 Bankee 的日漸成熟，明年將是遠銀數位金融大爆發的一年，主要是遠銀生長在大戶人家 (遠東集團)，遠傳、ETC、SOGO、遠百等都已在洽談異業合作，此外，在 FinTechSpace(金融科技園區) 目前也已確定與 4 家新創業者合作，除了「好好投資科技」，兩方合推了一項會員制的基金即時交換服務，將於年底上路以外，還將與網路借貸平台的業者合作。周昕妤進一步表示，遠銀因為是 FinTechSpace 創始會員之一，在 FinTechSpace 看到台灣的 P2P 網路借貸平台非常多元，不只 P2P，遠銀還將與 P2B、P2P2C 兩種不同型態的網路借貸平台合作。周昕妤表示，也許外界會看到大陸 P2P 業者倒閉潮等很多問題，但那是因為大陸是高度開放的市場，P2P 常常包裝再包裝，例如把房貸再包裝，因此風險就很高，但是台灣的 P2P 業者卻不一樣，一來我們金融市場比較穩定成熟，二來進入 FinTechSpace 也受到主管機關輔導和監管，相對就保守安全很多，且體質健全，是很好的創新商業模式。戴松志表示，「唯有合作，才能在市場上把餅做大，創造雙贏的局面，以金融共享概念擴大客戶量，這是遠銀真正想建立的生態圈。」他還透露，在 11/11-11/13，新加坡舉行的金融科技嘉年華 2019(Singapore Fintech Festival 2019)，今年只有 Bankee 唯一一家金融業將前往參展，主要就是因為 Bankee 是目前全亞洲首創的「社群銀行」創新商業模式而受矚目。戴松志表示，相信 Bankee「金融大平台」的目標，在走上國際展後，會更開花結果，預期在成立的 3-5 年時間內，Bankee 就可以損益兩平，將成為遠銀數位金融發展中重要的獲利引擎。
800,2019/11/04,台股續寫29年新高 顧立雄點名牽動後市五大關鍵,台股今 (4) 日大漲 157 點，終場收 11556.85 點，持續改寫 29 年來新高，談到台股節節攀升，金管會主委顧立雄表示，台股應「戒慎以對」，後續要觀察「第 4 季經濟表現」等 5 大關鍵。顧立雄指出後續牽動台股的 5 大關鍵點包括：一、第 4 季經濟表現；二、美中貿易談判過程，對台灣產生的轉單效應；三、美中貿易談判進度，以及美國經濟數據的表現；四、英國大選產生的脫歐議題；五、香港反送中議題的後續發展。顧立雄表示，股市還是要看基本面，從主計總處公布的第 3 季經濟成長率為 2.91%，高於原先預估的 2.4%，接下來要看第 4 季經濟表現；以及美中貿易談判過程，對台灣產生的轉單效應有多少，對於國內上市櫃公司營收，能否有持平或一定程度成長。顧立雄還表示，美中貿易戰的談判進度，對美國經濟數據的表現，加上英國大選脫歐、香港反送中事件等議題，都值得關注，台灣經濟表現好不好，要跟世界經濟成長來比較，若全球經濟不好，台灣不可能獨強。顧立雄強調，台灣經濟正在轉骨階段，過去台灣產業外移導致空洞化，但近期受到美中貿易戰影響，加上政府積極鼓勵台商回台，能帶動就業市場、民間投資、薪資提高，是一個打底的時候，若明年台灣經濟相對穩健，台股就有一定的支撐力道。
801,2019/11/04,【運達投顧】分析關鍵籌碼，領先市場佈局,第四季股票操作難度與日俱增，必須能夠精準解讀動態籌碼，才能夠進退有據，知道什麼個股具備創新高實力可以買進、續抱，而又有什麼標的應該獲利出清。例如：10/30 向投資朋友報告，矽瑪 (3511) 關鍵買方分散於台中與新竹? 商，籌碼面具有上漲優勢，今日順利漲停創下波段新高；9/12 報告遠東新 (1402) 為季底作帳集團股，今日瑞士信貸提高該股評價，亦帶量創下波段新高。今天為十一月第二個交易日，鴻海也在今日創下波段高點，然而關鍵籌碼於八月中便已開始悄悄佈局。從八月開始到今天，數次公開看好鴻海具備上漲實力，在市場評價最差、價格來到波段低點時仍維持看法不變，然而以今日收盤價 89 元計算，波段漲幅已高達兩成以上。除了買進持有，在發現籌碼散亂後也能果斷獲利出清，才能夠避免紙上富貴，確實將報酬放入口袋。如：華擎 (3515)、康控(4943) 分別在波段高點賣出，避開數日跌幅。每次的分析都應該是為了完成交易，而非僅解釋市場；而每一次買賣也都該有所依憑，才能夠無所畏懼。※以上內容由 高維緒分析師 整理提供，投資人於投資前請審慎評估，遵守紀律，嚴設停利停損。
802,2019/11/04,搶攻黑金商機 味全新推貝納頌浸泡式研磨咖啡上市,台灣黑金商機每年高達 750 多億元，且逐年攀升；觀察近年消費趨勢，消費者對於極品黑咖啡的需求持續的成長。味全 () 除了推出罐裝貝納頌黑咖啡搶攻即飲咖啡市場，近日也推出可現沖現泡的浸泡式研磨咖啡，讓消費者可以輕鬆享受一杯香濃的極品黑咖啡。味全指出，11 月起每個週末，貝納頌浸泡式研磨咖啡在各大量販賣場展開全台巡迴試飲活動對於貝納頌浸泡式研磨咖啡產品的推出，味全指出，根據消費者使用調查，消費者在濾掛式研磨咖啡時，常常發生「渣進咖啡」的情況，如果研磨咖啡也能像茶包一樣可以直接放進馬克杯裡面浸泡，就像現萃咖啡一樣的咖啡美味與香氣，是不是就不用花大錢買一杯貴桑桑的咖啡了？味全指出，貝納頌研發團隊結合「極品研磨咖啡」與「獨創孔洞設計專利包材」，開發出浸泡式研磨咖啡，消費者只需要入熱水或冰水，不管何時何地，就可以輕鬆沖泡出一杯香氣四溢的好咖啡。味全指出，台灣咖啡市場持續擴大中，每人一年飲用杯數屢創新高，達到 125 杯以上，大約是歐美的一半。味全為了滿足消費者對於極品咖啡及現磨現萃的需求，以貝納頌品牌推出浸泡式研磨咖啡，第一波主打「曼巴」、「果香綜合」兩種口味試水溫。味全指出，其中「曼巴」口味呈現香醇回甘、華麗厚實、細膩順口的風味與口感，完美的表現曼特寧、巴西兩種咖啡豆的特色；「果香綜合」中加入最頂級的耶加雪菲豆，在水果香氣的導引下，口感微甜微酸，餘韻有如身處一陣水果與咖啡的實境，豐富誘人。貝納頌品牌推出浸泡式極品研磨咖啡除熱沖外，也可使用現下流行的冷萃 (cold Brew) 咖啡萃取法，將研磨咖啡包直接裝瓶放入冰水，放在冰箱中長時間低溫浸泡萃取，約 8 -12 小時。這種低溫萃取出來的咖啡，除了保留香氣，還可以減少雜質、咖啡因的萃出，讓咖啡風味不苦澀、不酸、更順口。
803,2019/11/04,國泰金投資長帶頭 號召女力寵愛自己,為了提倡女力，協助女性找到自我價值，平衡工作與生活，國泰金控 () 首次攜手 Reebok、長榮、智榮基金會等 11 月 3 日於台北國泰金融中心廣聯合舉辦「寵愛自己，從妳開始」活動，投資長程淑芬領軍，現場共有近八百人次一起玩瑜珈、跳有氧，聆聽專為女性設計的豐富講座，一整天的精彩課程，讓參加的人帶回美麗新能量。國泰金控投資長程淑芬換上活動粉紅 T 恤出席擔任講者，曾有「喊水會結凍」的分析師之稱的她，現在是全台灣擁有最多客戶的金控公司─國泰金控的投資長，同時她也是 3 個小孩的母親，也曾在台大擔任講師，她和大家分享如何在上班時管理數十位員工、下班後帶著孩子、學生找到生命的價值，在自己面對人生各個階段的轉折與挑戰，怎麼找到職涯與自我之間的平衡，活出精彩人生。主辦單位之一的長榮航空、Reebok 以及智榮基金會分別規劃了旅遊、運動以及心理主題講座，智榮基金會發表「從粉紅到玫瑰金 - 女性主宰的生活敘事」，由智榮基金會李竺姮副執⾏⻑分享，分享女力相關最新調查數據，鼓勵女性獨立思考，活出⾃我。長榮航空旗下長汎旅行社自由行部廖秋苓部長擔任講者，她表示不論是小資女孩、輕熟齡媽媽，還是步入第二人生的熟女們，都應該擁有「享受生活」的權利，旅行能為生活儲備更具影響力的能量，回家後的眼界與思維，絕對比整天盯著電腦更加不可限量，現場加碼亞洲線不限航點來回機票抽獎，為活動帶來意外驚喜。活動當天，平時以上班族居多的台北信義區國泰金融會議廳，首次聚集滿滿前來運動的女孩，寬闊的廣場上午場次鋪滿了數百張瑜珈墊，由 Reebok 邀請專業瑜珈老師與全球獨家合作夥伴健身品牌萊美 (Les Mills) 為女性設計訓練課程，特製化課程由輕適能專業的 4 位老師，循序漸進地踏入瑜珈陶冶身、心、靈的境界；下午場則是為女孩們量身打造的專屬有氧課程，期待女孩們日後都能將學到的實際運用，繁忙之餘也要讓身心放鬆，透過運動散發光芒，就如同鑽石一般堅強、璀璨、純淨且閃耀著！特別的是，除了紮實的運動課程和精彩講座，國泰金控特別邀請與台灣優秀的社會企業合作，現場提供「IMPCT 恩沛咖啡」、茶品「山不枯」和全台第一家以高規格中央廚房提供弱勢就業的「勝利廚房」檸檬蛋糕，由「清瓢環保容器」提供環保餐具，處處用心，就是希望每位參加的女性，都能更愛自己也將這份愛傳遞給他人，珍愛環境，關心需要幫助的團體，如同國泰金控的企業理念一般「給人幸福 就是幸福」。
804,2019/11/04,台股盤後－權值三王領軍 放量大漲逾百點 收11556點再寫29年新高,美中貿易戰露曙光，雙方可望在本月簽署第一階段協議，並解除華為禁令，激勵台股今 (4) 日開高走高，由權值三王領軍，台積電股價、市值再寫新高，鴻海也漲近半根停板，大盤突破 11500 點大關，再寫 29 年來新高，終場加權股價指數上漲 157.32 點，收在 11556.85 點，成交量放大至 1566.05 億元。觀察權值股今日表現，權值三王領軍大盤持續往上攻，台積電董座劉德音提前釋明年展望，預期將是大大成長的一年，激勵股價站上 300 元大關、市值也創新高，漲幅逾 2%，鴻海則在外資持續回補下，今漲近半根停板，創近 6 個月新高，大立光也重回 4500 元整數關卡，漲逾 2%。盤面上強勢指標，除權值三王外，受到蘋果股價創新高，激勵蘋果概念股當中機殼廠可成漲逾 6%、華通也有 4% 漲幅，另外，在鴻海領軍下，泛鴻海集團表現強勁，亞太電、台揚、帆宣漲逾 3%，鴻準、新普、台通、群創也皆在盤上表現。資產營建族群表現也相當亮眼，國產受惠前瞻計畫預算發包，指數開高走高強攻漲停，潤隆漲逾 4%，鄉林、日勝生漲逾 2%，京城、國揚、遠東新、農林、南僑也都在盤上表現。另一方面，受惠雙 11 購物節即將到來，物流概念股中宅配通漲逾 7%，嘉里大榮、東森、榮運表現也不俗。盤面上弱勢族群，遊戲股傳奇跌逾 2%，大宇資、網龍、智崴、鈊象、橘子也在盤下，相對弱勢，而從類股來看，19 大類股中僅有電器電纜類股相對弱勢，跌幅達 0.53%，其餘類股皆在盤上。匯市方面，今表現相對強勢，開盤不到半小時即衝破 30.4 元關卡，最高來到 30.385 元，升值達 9.4 分，也創下逾 15 個月的新高。法人表示，貿易戰和緩加上美股強勢，帶動帶動台股多頭氣盛，指數頻創 29 年半以來新高，建議投資人操作不宜追高，避開短線漲多、獲利了結賣壓，短線可關注近期 10 月營收、第 3 季財報、法說會個股對未來展望，也要留意周五 MSCI 調整，
805,2019/11/04,【群益投顧】指標三王領軍帶動指數走揚 類股百花齊放,美股前一個交易日因非農就業數據優於市場預期， 激勵四大指數全面走揚。今 (4) 台股跳空開高 52 點， 盤中指標三王台積電、鴻海、大立光同步勁揚， 加上國泰金、遠東新等權值股上漲推動指數走升，終場上漲 157.32 點，成交量 1566.05 億元。盤面上以蘋概、光學鏡頭、資產概念、光通訊、半導體的材料設備廠表現相對強勁。外資買盤慣性持續， 權值股輪漲帶動指數走揚， 其中官股行庫並未隨台股創高有明顯調節持股之跡象。從籌碼面觀察， 由於本波走升係因法人買盤所推動，目前大盤融資餘額約 1400 億元，相較於去年 6 月最高來到 1900 億元， 整體籌碼尚屬安定， 因此指數在外資買盤動能未變之前， 預估大盤仍以下檔短期均線為支撐維持盤堅向上格局。截至今日今年以來漲幅逾 18.8%，綜觀所有上市櫃公司漲幅優於大盤的家數不到整體的三分之一比例， 顯示今年以來操作採順勢交易相較於抓跌深反彈股更有利於賺取資本利得， 短線操作上建議在邁入旺季的主流類股中，掌握技術面為多頭架構格局、法人買盤加溫之個股逢拉回至短期均線時順勢佈局。盤面資產概念股中， 國產 (2504) 今年前 3 季稅後純益 2.99 億元， 年增 1.2 倍， 在南港都更案獲得北市府核定外，國產處分轉投資的福建龍岩水泥廠， 其處分利益約 4.8 億元於本季入帳， 將持續挹注今年業績表現， 激勵今日股價攻上漲停。南港 (2101) 本業輪胎切入高效能四季胎、高端競技胎以優化產銷組合， 業外在世界明珠開發案將出售部分商辦樓層挹注獲利表現， 今年累積前 3 季稅前盈餘年成長 2.7 倍， 股價維持高檔震盪。今日光學鏡頭的大立光 (3008)、玉晶光(3406) 股價同步走揚，新鉅科(3630) 則受惠於非蘋手機的多鏡頭趨勢帶動拉貨動能， 10 月營收年增 1.1 倍， 加上第 4 季屏下指紋辨識系統營收占比提升，產銷組合優化將提升獲利表現。個股焦點中， 鴻海 (2317) 今年累積前 9 月合併營收年增 3.3%，受惠於蘋果新機熱銷， 旗下工業富聯第 3 季淨利季增 80.8%， 加上鴻海持有超過 60% 股權的富智康於第 3 季虧損大幅收斂， 皆有利於鴻海下半年業績表現回溫。鴻海將於 11/13(三)舉辦法說會， 外資近 15 個交易日連續買超加碼佈局， 帶動近期股價勁揚。電子： 聯詠 (3034) 、神準 (3558) 、可成 (2474)、致伸 (4915)。非電：國產 (2504)、宅配通 (2642)、喬山 (1736)、鈺齊 - KY(9802)。◆本文係研究員對大盤之看法， 僅供參考， 不做進出依據
806,2019/11/04,〈伺服器奪單大戰〉資料中心成長強 代工廠搶商機 品牌伺服器廠也回頭耕耘,隨著 5G 通訊發展，資料傳輸更快速，帶動伺服器、資料中心需求成長，資料中心客戶也正改變傳統商業模式，跳過伺服器品牌廠商，直接與代工廠合作，提出生產規格以降低成本，並藉由代工廠快速反應的優勢，拉升自身競爭力；不過競爭激烈的情況下，品牌大廠如戴爾與惠普等，也開始整合多元服務，提升附加價值與維持競爭力，回頭搶攻資料中心訂單。傳統伺服器的代工模式，是代工廠生產伺服器轉交品牌廠，再銷售給企業用戶，最後提供服務給終端消費者，但隨著資料量大幅成長、存儲空間需求大增，企業用戶開始自建資料中心，且為減少成本，直接向代工廠下單，針對所需的伺服器規格，包含運作環境所需溫度、壓力、運算效能等，提出生產規格需求。台伺服器代工廠廣達 () 與緯創 () 旗下緯穎 () 積極搶攻此領域商機，雙方的客戶重疊度高，集中在美系四大資料中心中的臉書 (FB -US)、亞馬遜 ()、微軟 ()，廣達還取得谷歌 () 訂單，資料中心占伺服器業務高達 8 成以上，緯穎則是 100% 為資料中心客戶，兩者主要客戶高度重疊，若訂單轉移，勢必讓伺服器產業競爭更激烈。不過，資料中心業者擴大與代工廠直接合作的關係已成趨勢，近期全球四大美系資料中心業者，都宣布將持續擴建資料中心，預期需求成長將超過傳統伺服器，而面對資料中心客戶直接與代工廠合作，伺服器既有的品牌廠如戴爾 (Dell EMC)、惠普 (HPE) 等，也都開始整合多元服務，提升附加價值，維持競爭力，回頭搶攻資料中心訂單。據統計，目前資料中心約占伺服器市場 3 成以上市占，隨著大型資料中心業者擴建資料中心需求，預期占比將持續提升，而近年資料中心伺服器營收皆雙位數成長，品牌伺服器業者則成長個數位，也反映兩種模式消長。
807,2019/11/04,〈伺服器奪單大戰〉資料中心擴建需求大 代工廠紛搶進,資料中心需求升溫，全球四大資料中心谷歌 ()、臉書 ()、亞馬遜 ()、微軟 () 今、明年都有擴充資料中心的需求，也讓台代工廠積極瞄準，布局商機，各家都看準伺服器、資料中心需求搶進，其中廣達 () 旗下的雲達布局最快，動作最為積極，緯創 () 旗下緯穎 () 雖是後進者，但近年表現也不俗。緯創旗下緯穎於 2012 年成立，鎖定雲端伺服器、專攻雲端客戶，100% 業務為伺服器，提供資料中心、雲端基礎架構產品及系統解決方案服務，客戶以臉書、微軟為大宗，第 3 家美系客戶亞馬遜 () 也在今年正式加入，預期下半年新客戶加入、需求回升後，成長力道將逐步回升。廣達近年則積極擴大布局雲端伺服器業務，旗下雲達是目前全球最大伺服器供應商，在電信與私人雲領域皆有布局，4 大美系品牌谷歌、臉書、亞馬遜、微軟皆為客戶，也宣布與英特爾、日本樂天、紅帽合作，共推下一代 5G 雲端運算解決方案，拓展電信通訊領域布局。廣達董事長林百里日前以飛機比喻未來科技，形容雲端是基礎，接著才能繼續發展 AI、5G，今年開始，將用雲達這個品牌，搶攻更多市場機會，市場人士指出，廣達業務多元分散，但相較消費性筆電，伺服器更具未來發展空間，估目前約有 2 成營收貢獻來自雲端，今明兩年則可維持全年雙位數成長目標。英業達 () 同樣看好伺服器、資料中心需求，客戶以中國客戶及谷歌為主，日前自主開發 400G 交換器，已進入送樣階段，預期明年將開始大量交貨，仁寶 () 也開始布局伺服器事業，可望切入伺服器代工市場，在消費性、筆電產品外，開拓新業務，拉高成長動能。研調機構預期，隨著資料運用越趨普及，資料中心需求日漸升高，明年全球伺服器出貨量可望年增 5% 左右，2019-2024 年全球伺服器出貨量年複合成長率 (CAGR) 可望達 6.5%。因應資料中心需求，4 大美系品牌幾乎都有建置新資料中心計畫，臉書規劃到 2023 年將開放 36 個資料中心，微軟也至少有 11 個資料中心會在 2020 年底上線，谷歌日前也宣布間在台灣建置下一個資料中心基地，以因應未來資料中心營運需求，目前谷歌在全球有 16 個資料中心，以及 20 多個租用資料中心。
808,2019/11/04,〈伺服器奪單大戰〉戰火激烈 傳緯穎明年掉單三成 訂單流向廣達,伺服器市場競爭進入白熱化，市場傳緯穎 () 客戶明年調整分配，緯穎訂單恐少 3 成，衝擊明年營收，據傳多數訂單都轉向到同為伺服器大廠的廣達 () 旗下雲達，對此雙方皆不評論市場傳言。緯穎回應，不評論此消息，強調目前並未感受到訂單變動，未來將持續按照既定計畫進行。據了解，緯穎目前 100% 業務皆為伺服器、資料中心客戶，主要客戶包含臉書、微軟，第 4 季也加入亞馬遜，但市場傳出，3 大客戶針對明年訂單都重新做了調整，訂單多數轉往廣達旗下雲達。廣達旗下的雲達，資料中心客戶涵蓋四大資料中心業者，包含臉書 ()、微軟 ()、亞馬遜 () 與谷歌 ()，明年訂單能見度良好，市場解讀廣達接大單，才會積極擴充在台的產能。事實上，廣達今年大幅積極擴充在台產能，儘管對外說法都是因應美中貿易戰，不過可見主要著眼在明年訂單能見度高，客戶需求強，相比之下緯穎的產能集中在墨西哥，產能分配上不如廣達具優勢，因此流失大廠訂單。緯穎第 3 季受記憶體價格下跌與新舊產品交替影響，營收衰退逾 2 成，但緯穎強調，客戶需求、出貨仍增加，預期隨著資料中心需求好轉，加上亞馬遜伺服器開始出貨，對第 4 季仍樂觀看待。緯穎強調，目前全球產線布局有墨西哥、中國及歐洲捷克等地，因應全球貿易戰，將會彈性調整歐洲地區產能支應美國市場需求。廣達資深副總楊麒令日前表示，因應美中貿易戰，近期擴大布局台灣、泰國生產基地，伺服器方面，目前輸美產品都完成調整，將避開美中貿易關稅，但會保留各地生產彈性給客戶選擇。楊麒令日前也透露，在 5G 通訊需求推升下，預期今、明伺服器市場發展仍樂觀，光是今年雲達伺服器營收就會成長雙位數，明年也樂觀看待可維持同樣成長幅度，客戶以一、二線資料中心為主，而從楊麒令的說法可見，廣達明年的訂單展望相當正向，也間接證實取得不少來自緯穎的訂單。廣達先前曾表示，未來發展重心將朝雲端布局，包含今年成立的雲達瞄準雲端伺服器業務、智慧醫療、智慧裝置、智慧家居等，日前更宣布投資 10 億 (約 10 億元) 在泰國設立子公司 QMB，並擴大投資中國轉投資相關企業 3.15 億美元 (約 97 億元)，另外新建華亞園區第三生產大樓，投資金額不高於 9.5 億元，以因應高階伺服器產能擴充需求。
809,2019/11/04,可成擁三利基 外資調升評等至買進 目標價上調至313元,外資今 (4) 日出具報告指出，金屬機殼大廠可成 () 擁發展三利基，包括 iPhone 11 需求優預期、iPhone SE 2 將問世、折舊壓力減輕，綜效發揮下，雙率可望回升，因此調升評等至買進，目標價上看 313 元。外資表示，可成今年上半年為營運谷底，第 1 季庫存週轉天數創歷史新高，達 192 天，第 2 季下降，但仍維持 171 天高檔水位，且由於資本支出過度擴張，加上 iPhone XR 需求疲軟，營益率也創新低，從雙位數衰退至個位數。不過，外資看好，可成下半年在 iPhone 11 熱銷帶動下，產能利用率明顯回升，估第 3 季及第 4 季營益率將回升至 16.1% 及 17.4%。外資指出，蘋果將在明年第 1 季發表 iPhone SE 2，預計採用與 iPhone 8 相似的鋁製金屬外框，有助可成享有較高良率，並提升產能利用率，毛利率也同樣看增，支撐可成明年上半年銷售，減輕淡季效應。以可成近年資本支出來看，2014 至 2015 年約 200 億元，2017 至 2018 年為 110 億至 130 億元，因此折舊費用會在 2018 至 2019 年達到最高峰，外資預計，可成 2020 至 2021 年的折舊費用可望年減 2-22%。此外，可成今年僅專注在鋁製外殼，同時將今年資本支出削減至 26 億元，有助毛利率回穩，因此外資上調評等至買進，並給予 313 元的目標價。
810,2019/11/04,南科三期開發土地難取得 黃偉哲憂台積電跑掉「打破碗公」,南部科學工業園缺地問題延宕多年，針對第三期開發進程，台南市長黃偉哲今 (4) 日坦言，目前市府與居民溝通並不順利，土地取得困難，未來還面臨路竹、橋頭兩大科學園區的競爭，黃偉哲擔心恐流失晶圓代工龍頭台積電 () 等大廠擴建案，跑到其他縣市，形同「打破碗公」。黃偉哲今日赴市議會總質詢，議員林志展指出，南科台南園區共 1043.15 公頃，截至今年 9 月底止，尚可出租土地僅剩 33.28 公頃，其中 26.44 公頃有廠商洽談中，未開發土地只剩下近 7 公頃，顯示用地趨於飽和，建議市府盡速開發第三期。黃偉哲表示，南科三期開發是中央政府重要的政策，尤其未來因應包括台積電等南科有意投資的廠商，或是台商回台科技廠進駐，目前市府也積極要找出產業用地，不過，不僅之前規劃的 A、B、C、D 區及看西農場等開發評估問題，未來還須面臨路竹、橋頭兩大科學園區的競爭。黃偉哲表示，根據中央內部評估報告指出，橋科土地取得容易，沒有社區及居民抗爭，反觀南科台南園區，中央則認為 A、B、C 三區都有社區，須面對遷村問題，不管是一般徵收或區段徵收，時程上都會來不及，若再碰上居民抗爭、拒絕徵收條件，南科三期開發勢必延宕，甚至可能流失台積電等大廠擴建案，跑到其他縣市，形同「打破碗公」。黃偉哲坦言，目前與居民溝通並不順利，市府希望能用換地等方式，滿足居民想要出售土地後仍想居住在當地的願望，希望居民考量個人利益的同時，也能顧及地方發展的公益。至於看西農場的部分，由於多數為台糖土地，作業上相對容易、快速，可望先從看西農場進行開發，作為南科園區擴建的基地。
811,2019/11/04,鴻海Q4營收戰新高 股價重返每股淨值以上,鴻海 () 受惠 iPhone 熱銷、子公司營運持穩向上，除了第 3 季財報可期，法人看好，第 4 季營收可望挑戰新高，今 (4) 日股價續強，再上漲近半根漲停，終場也收 89 元，除重返每股淨值，市值也收復 1.2 兆元。鴻海近來好消息不斷，旗下富智康第 3 季虧損大減，夏普獲利近 5 季來首度成長、工業富聯單季獲利也繳出佳績，伴隨今年新款 iPhone 熱銷，市場普遍預期鴻海單季毛利率將回升至 6% 左右的水準，每股純益估 2 元以上。在子公司營運持穩升溫，加上 iPhone 買氣延續，法人看好鴻海第 4 季將進入全年高峰，單季營收可望挑戰 1.9 兆元的歷史新高，獲利率以及純益也可望進一步攀升。由於市場樂觀看待營運回溫，鴻海今日股價續強，終場收漲 4.2 元或 4.95%，來到 89 元，不但回到上半年每股淨值 87.76 元之上，市值一度攀升至 1.23 兆元，創逾半年新高。鴻海預計下周三召開法人說明會，將由董事長劉揚偉親自主持，屆時除了第 3 季財報外、第 4 季及明年展望、還有印度、越南及美國威州等地擴產新進度，預計都將成為市場法人聚焦重點。
812,2019/11/04,〈ITF旅展〉線上前哨戰開紅盤 雲品、六福住宿券熱銷,年度最大旅展─ITF 台北國際旅展本周五 (8 日) 將登場，各大業者多已提前開跑線上旅展銷售，並陸續傳出捷報，雲品 () 今 (4) 日指出，母集團雲朗觀光自 10 月 30 日上線銷售至今，業績已年增 5%，預計旅展正式開跑後，總業績可望再成長 10%；六福則指出，透過六福莊住宿券吸引家庭客群，線上旅展業績較去年同期大幅成長 50%，目標全檔業績年增約 14% 至 4000 萬元。雲朗觀光線上旅展銷售至今短短不到一周，最新統計最受歡迎的住宿券是每張 2250 元的雲朗觀光翰品 / 兆品 / 品文旅環保聯合住宿券，該券是不提供一次性消耗備品的住宿房型，顯示台灣消費者越來越重視環保，其次為每張 10000 元雲品溫泉酒店經典山景住宿券。雲朗進一步說明，在套券上雲朗觀光設計了雲品湖景住宿優惠套券，可住宿豪華湖景套房 1 晚和經典湖景房 3 晚，每套 44650 元，銷售成績斐然，可見高單價的套票和中價位的響應環保的聯合住宿券已成今年消費主力。六福則表示，今年提前在線上旅展推出史上最低的「六福莊動物樂遊趣 ‧ 住房專案」，以超值 7999 元搶攻市場，成功引發第一波搶購潮。另一方面，六福旗下台北六福萬怡酒店的敘日餐廳在餐點全面調整過後，餐券買氣也有明顯成長，六福樂觀預期，今年整體旅展業績目標為成長至 4000 萬元，年增約 14%。
813,2019/11/04,傳美方要求限制供貨華為 台積電：錯誤報導、並無此事,外媒報導，美國政府多次設法說服台灣政府，限制晶圓代工龍頭台積電 () 供應華為晶片等產品，以填補美國對華為貿易禁令的缺口。對此，台積電今 (4) 日回應，此為錯誤報導，並無此事。據外媒《金融時報》引述美國與台灣相關官員指出，過去一年內，美國政府數次說服台灣政府管制對華為供貨，且也希望台灣政府針對技術出口中國方面，有更嚴格的限制，解讀此舉意在填補美國對華為出口管制禁令的缺口。不過，台積電代理發言人孫又文回應，為錯誤報導，並無此事，美國政府並未要求台積電不能出貨給華為。美國政府先前將華為列入出口管制黑名單，而若外國製造，但源自於美國技術超過上限 25%，就得對華為實施禁運。不過，台積電先前強調，經過嚴格審查，目前出貨給華為的産品源自美國的技術，並未達到 25% 門檻，因此維持出貨。
814,2019/11/04,韓國瑜拋學貸免息 財長：學貸取之於社會非免費午餐,國民黨總統參選人韓國瑜拋出學貸免利息的政策，財政部長蘇建榮今 (4) 日受訪時表示，蔡政府上台後針對學貸已有改善政策，學生畢業後有經濟上的困難，包括畢業後第一年可免繳本息，月薪低於 35000 元也可申請 4 年緩繳本金，認為學貸不是免費的午餐，有工作還是要適度攤還本息，這是一種機會教育。立法院財委會今天邀請金管會、財政部等相關單位就「QR Code 共同標準推動情形、資安」等議題進行專案報告，財長蘇建榮會前受訪時針對學貸免息政策提出上述回應。蘇建榮說，目前學貸讓學生畢業後首年可免繳本息，畢業後如果暫時沒有工作，可申請「只繳利息、不用還本」最多可申請 4 年；如果月薪低於 35000 元也能申請緩繳本金，期限最多同樣 4 年。蘇建榮指出，從財政角度來說，這不是政府要不要承擔利息的問題，而是政府在多少範圍幫年輕人減輕負擔才是重點，給年輕人一個機會，而學貸的金錢來自於社會，因此借貸人應該適度的償還本金與利息。蘇建榮並以自身為例，他說，自己以前求學也是靠父親標會讓他唸書，自己也是本金利息都有還，自己也是苦讀出身因此能理解年輕人的辛苦。
815,2019/11/04,台灣電子支付大整合卡關 LINE Pay、街口互轉帳本會期恐難過關,為進一步衝刺國內行動支付，金管會擬修法開放電子支付帳戶之間可以互相轉帳，例如：街口支付帳戶跟 LinePay 一卡通帳戶可以互相轉帳，原本力拚本會期送進立法院審議，不過金管會主委顧立雄今 (4) 日表示，因為立法院今年會期較短，而且即將總統大選有屆期不連續的問題，電支電票合併法可能無法在本會期過關。金管會在 2015 年喊出電子化支付 (非現金支付) 占民間消費比重，希望在 2020 年底拚到 52%，但到今年上半年為止，電子支付交易筆數達 23.71 億筆，金額達 1.99 兆元，電子支付化的比率只有 41.3%。顧立雄表示，因為民眾使用習慣、偽鈔少、及金融提供便利性等三大原因，台灣在電子支付比率上沒有像南韓、大陸那麼高。以現在電子支付比重來看，要達到既定目標確實有一定的難度，不過會努力。立委蔡易餘表示，國內支付使用 QRcode 的陣營市占率約 51.1%、NFC 陣營 29%。但目前 QRcode 市占率差距大，市占率最大的 LINE Pay 市占率 22.3%、街口支付 19.7%、 APPLE Pay19.9%、台灣 pay 只有 4.7%，成長相當緩慢。至於原本希望電子支付帳戶互轉可以大舉拉抬電子支付使用度，但需要經過修法，因為目前電支沒有辦法成為財金公司直接會員，一定要找一個銀行做管理行，才能做資金移轉清算，金管會日前發布「電子支付機構管理條例」修正草案，電子票證跟電子支付將整合成同一法規，且計畫由財金公司規劃成立「跨機構共用平台」，屆時電子支付業者也能納入到財金公司會員。顧立雄表示，推 QRcode 共通標準可確保支付的安全跟便利性，但目前 QRcode 共通標準只能綁定各家銀行信用卡，電支業者例如街口、LINE Pay 受限於法源依據，還沒有加入，它們還是用自己的 QRcode，這是首要突破的。顧立雄進一步指出，所謂的法源依據，就是電支電票合併法的修法，這點已得到央行很大的支持，但是草案送到行政院，不過因為立法院今年會期較短，而且即將大選有屆期不連續的問題，選後可能要再送回行政院，目前金管會研議的法案有幾十條，會不會在這本會期審，還是需依照行政院之後的規畫，電支電票合併法可能無法在本會期過關。現在只能在自己支付業者的帳戶間轉帳，例如只能在街口支付的帳戶之間互轉而已；但電支業者納入財金公司會員後，未來不同電子支付的帳戶之間可以互相轉帳，也就是例如，未來可以街口支付帳戶跟  LinePay 一卡通帳戶之間就可以轉帳，更為便民。
816,2019/11/04,麗豐-KY拓展東南亞市場 目標3年後獨立營運,麗豐 - KY() 大中華區品牌營運長趙承佑表示，集團瞄準東南亞美容市場，其中越南已有逾 10 家門市，除持續拓展外，短期目標為靠著集團的資源可自足營運，3 年後獨立營運，業績並可開始成長。麗豐旗下美容連鎖加盟通路「克麗緹娜」，目前全球共 4824 家門市外，中國門市 4488 家，趙承佑表示，過去中國消費者對美的觀念還很淡薄，因此進軍市場初期相當辛苦，花許多時間做教育培訓、品牌建立，後期再打造不同口號，讓企業茁壯。除克麗緹娜有品牌影響力，麗豐旗下醫美品牌「雅樸麗德」，年底前陸續於上海、南京開設新店，兩岸地區營運持續拓展新門市外，近期也開始轉往東南亞布局。展望東南亞市場，趙承佑指出，越南已設立逾 10 家門市，目前由總部提供資源，建立分公司、培訓中心等，擴店計畫也正持續評估當中，長期來看，目標 3 年後越南門市營運能開始穩定成長。麗豐 9 月營收 5.33 億元，月增 43.8%，年增 37.15%；累積前 9 月營收 37.21 億元，年增 14.88%；第 3 季營收 12.67 億元，季減 1.5%，年增 11.24%。
817,2019/11/04,中火估5年減煤500萬噸 台電：台中用電攀高供需不平衡,中火日前因放流水硼超標問題遭中市府重罰，台電今 (4) 日表示，近年來推行自主減煤及配合地方政府要求，中火用煤量持續下降，在今年擴大降載等措施搭配下，預估 5 年減少逾 500 萬噸用煤量，等於減少發電量 100 億度以上，不過，台中市近 3 年用電成長率居全國之冠，亟需跨區調度供應。台電說明，近年來中火用煤量大幅降低，2014 年為 1839 萬噸，2018 年已降為 1597 萬噸。今年在供電充裕的情況下，更採取全廠空污季停機 2 部，非空污季停機 1 部，再加上擴大降載措施，全年用煤量將遠低於中市府核發登載於許可證上的 1600 萬噸，預估 5 年減少逾 500 萬噸。台電進一步指出，中火今年的發電量相較於 2014 年，將減發超過 100 億度，但反觀台中市 2016-2018 年用電量成長率為全國之冠，今年中部地區用電已出現供需不平衡的情況，經統計，中部地區 1-10 月約有 81% 的時間，需依賴北部與南部透過輸電線路跨區輸送電力來支援。面臨未來台中市擴大招商，用電可能仍呈現大幅成長趨勢，台電強調，願與中部地區合作加強節電，以減少跨區之電力輸送，讓中火減煤與減發電量能持續進行。為改善空品，除了從源頭著手，例如減少用煤量，或於空品預警時配合降載與環保停機外，也致力強化端末管控，並推動各項環保改善措施，投入超過 412 億元，改善機組空污防制設備，並興建室內煤倉防止揚塵。同時，針對中火放流水硼超標引發爭議，台電今天再度致歉，並保證新廢水處理場預計年底完成，屆時放流水即可符合國家標準。
818,2019/11/04,台股盤中－蘋概三王帶頭衝 量增大漲130點 衝上11500點再寫29年新高,上週五美國股市同步收高，且美國商務部透露，美中將在本 (11) 月達成第一階段貿易協議，推升早盤升破 30.4 元，帶動資金行情延續，台股今日開高走高，蘋概三王強勢表態，台積電續創 304 元新天價，助攻台股衝破 11500 大關，最高來到 11534 點，大漲 130 點，再創 29 年新高，預估今日成交量 1600 億元。今日外資簇擁資金行情熱絡，開盤不到半小時即衝破 30.4 元關卡，最高來到 30.386 元，升值達 9.4 分，創逾 15 個月的新高價。蘋概三王今日開高走高，台積電上周六表示，明年將是大大成長的一年，激勵股價再寫 305 元新高，漲幅逾 2%，鴻海在外資連 15 買下，表現同樣強勁，漲幅近 4%，股價創下半年來新高，大立光也有逾 2% 的漲幅，持續往 4600 元大關靠攏。隨著蘋果股價、市值不斷創下新高，蘋概股同樣看增，可成本季營運再續強，可望來到全年營收最高峰，股價強漲近 7%，寫下近 11 個月新高，同為蘋概股的華通、良維、玉晶光也有 2% 以上的漲幅。此外，由於美中將達成第一階段協議，市場也解讀，美國將解除對華為的出口禁令，激勵華為概念股在盤上表現，聯詠大漲近半根漲停板，股價來到半年新高，全新漲幅近 3%，建材營建股今日再續強，國產開盤不久即強攻漲停，再創近 8 年新高價，基泰、工信漲幅皆逾 3%，其餘個股如鄉林、日勝生、皇普也有 2% 以上的漲幅。整體而言，外資近期在現貨市場持續買超，期貨多單的未平倉口數同樣維持高檔，加上國際局勢可望緩和，皆對台股有正向助益，惟指數來到歷史高點，需提防獲利了結，此外，第 3 季財報及 10 月營收皆在近期公布，可留意表現亮眼個股。
819,2019/11/04,豐興：國際廢鋼底部成形 後續冬季效應漲勢可期,美、日廢鋼報價漲勢暫緩，鋼筋大廠豐興 () 今 (4) 日開出的本周盤價，廢鋼、鋼筋、型鋼全面平盤，豐興認為，目前國際廢鋼底部成形，後續廢鋼的冬季效應可期、加上鋼筋需求升溫，皆可望支撐後續走勢。國際行情方面，美國大船廢鋼本週無報價，日本 2H 廢鋼本週持平每噸 248 美元，美國貨櫃廢鋼本週報價持平每噸 238 美元，澳洲鐵礦砂每噸由 87.65 美元下跌至 85 美元。豐興表示，美國廢鋼過去 3-4 周在土耳其大舉買進下大舉上漲，不過亞洲地區的行情因為日韓問題尚未解決，韓國減少日本廢鋼進口量，日本廢鋼漲幅較為壓抑，也壓抑美國廢鋼本周漲勢。不過，豐興認為，目前看來廢鋼底部已經成形，加上 12 月開始天氣轉冷，廢鋼採集不易，可望啟動新一波漲勢，另外，10 月中旬後，國內廢鋼買氣升溫，均可望支撐後續盤價以及營收表現。豐興本周盤價全面平盤，廢鋼收購價每噸 7500 元、鋼筋每噸 1.57 萬元、型鋼每噸 2.05 萬元。
820,2019/11/04,〈5G頻譜競標〉NCC：3.5GHz頻段競爭激烈 最終競標金額恐上看500億元,NCC 主委陳耀祥今 (4) 日出席立法院交通委員會備詢表示，年底 5G 頻譜競標，由於主頻段 3.5GHz 競爭將非常激烈，估最終標金金額將落在 500 億元，高於過去預估的 400 億元。據 NCC 公布首波頻譜底價，3.5GHz 頻段釋照底價 243 億元、28GHz 頻段底價 25 億元及 1800MHz 頻段底價 32 億元，3 頻段合計 300 億元，國庫收入目標為 400 億元。陳耀祥表示，主頻段 3.5GHz 釋出 270MHz，雖然競標流程不會有太大改變，但仍有供不應求的情況，加上過去無使用經驗，也是電信商必爭之地，料競爭也將最激烈，原預估最終底價為 400 億元，但最終底價將上看 500 億元。至於第 2 波頻譜釋照，交通部初步規劃 4.4-5.5GHz 中頻段為第 2 波頻譜，其中 200Mhz 為商用頻段、300Mhz 提供警消、政府單位使用，100Mhz 則開放給企業專頻，由於頻譜仍在清除，預計最快 3 年後可開放申請。
821,2019/11/04,獨董協會鬧雙胞 金管會不是目的主管機關,「獨立董事協會」傳出鬧雙胞，立委曾銘宗今 (4) 日上午於財委會質詢時表示，現在出現「中華獨董協會」與「台北獨董協會」兩個獨董協會，問金管會立場為何，對此，金管會主委顧立雄表示，金管會不是獨董協會的目的主管機關，協會申請對象也不是金管會，所以並不清楚此案。「中華獨立董事協會」今年初獲內政部核准正式成立，但是本週「台北獨立董事協會」將召開籌設大會，等於獨立董事協會鬧雙胞，尤其台北獨立董事協會發起人大有來頭，包括前行政院院長毛治國、前副總統連戰之子連勝武等人，而毛治國將成為新協會的理事長。今年初甫成立的「中華獨立董事協會」，即將面臨將於本週召開籌設大會的「台北獨立董事協會」挑戰；而台北獨立董事協會發起人大有來頭，包括前行政院院長毛治國、前副總統連戰之子連勝武等人，而毛治國將成為新協會的理事長。報導指出，負責台北獨立董事協會籌備事宜的康德律師事務所律師邱育揚表示，協會籌備時已去函金管會，金管會對該協會成立並無異議。但今日上午顧立雄否認金管會是目的主管機關，也表示沒接受協會的申請書。
822,2019/11/04,郭明錤：明年蘋果iPhone 5G類載板價漲3成 臻鼎又再受惠,中國天風證券分析師郭明錤看好臻鼎 () 後市，郭明錤最新報告進一步指出，除 iPhone SE 之外，明年下半年蘋果推出的新機，將全部支援 5G，並增加使用 10-15% 類載板，價格將提升 30-35%，全製程廠臻鼎可望再受惠。郭明錤指出，明年下半年推出的新款 iPhone 將全部支援 5G，其中 10-15% 類載板製程主板，將受惠規格升級，預期價格可望提升 30-35%，SLP 主要供應商臻鼎與美商 AT&S，將是最大受益者。郭明錤指出，5G iPhone 的 SLP 由於面積變大與規格升級，對臻鼎與 AT&S 的營收貢獻明年下半年將年成長約 35-40%，兩家公司供貨約 45-50% 的 SLP 。郭明錤持續看好臻鼎產能擴充與搶攻蘋果硬板、軟板產品市占率，先前發表報告指出，預計蘋果將在明年初推出 iPhone SE 銷售，且目前 LCP 天線供應商包括日商 Murata(村田製作所) 與嘉聯益 () 等都將各取得 50% 供應量，而現有的 3 款 iPhone 11 系列，其中高單價 MPI 天線，由於供貨商東山精密無法順利出貨，臻鼎將受惠並增加訂單。
823,2019/11/04,金融時報：美國官員多次要求台灣政府 限制台積電出貨給華為,據《金融時報》報導，美國政府正敦促台灣政府，要限制台積電 () 生產晶片給華為，以堵住美國對華為出口管制禁令的一大缺口。媒體引述台美官員的說法表示，過去 1 年間，華盛頓不斷要求台灣總統蔡英文管制台積電銷售晶片給華為。上個月，美國官員在華盛頓向台灣的外交人員表示，台積電為華為製造的晶片，被用在瞄準台灣的導彈之上，藉以「暗喻」台積電供貨給華為的風險。今年 5 月，美國將華為列入「實體名單」，與華為做生意需要取得許可，以阻止北京科技力量的崛起。美國官員說，美方常與台灣官員談論，關於供應鏈供貨北京公司，所造成最終產品的安全問題，也會和其他合作夥伴交換此類意見。他認為，台灣受到中國直接的軍事威脅，卻仍提供特定科技，支持北京的軍事野心。瑞士信貸 (Credit Suisse) 指出，台積電第三季營收中，20% 來自中國，其中華為就佔了大約一半。區域半導體研究主管 Randy Abra 表示，如果台灣政府強迫台積電放棄華為這一個客戶，股票市場的反應將是不利的。產業專家對於華盛頓能否強制台灣企業仍表懷疑。川普政府正遊說各盟國，以共同圍堵華為的 5G。總統府發言人黃重諺拒絕對於美國要求發表評論，但證實雙方曾討論「共同關注的技術產業議題」，他表示，台灣的科技產業遵守國際規則，並與包括美國等主要國家密切合作。
824,2019/11/04,台積電站穩300元之上 市值攀至7.86兆元 與股價續寫新猷,晶圓代工龍頭台積電 () 董事長劉德音日前表示，明年將是大大成長的一年，激勵台積電今 (4) 日開盤即突破 300 元關卡，以 302.5 元開出，盤中最高站上 303.5 元，市值超過 7.86 兆元，再改寫上周五 (10 月 31 日) 日才寫下的股價、市值新猷，且外資已連 11 個交易日買超台積電，買超張數逾 8.1 萬張。台積電上週六 (2 日) 舉行運動會，劉德音表示，台積電已為 2020 年做好準備，將進行大幅投資產能的佈建，明年半導體產業雖仍充滿挑戰，但台積電擁有先進製程技術，且適逢 5G 轉換的一年，乘著 5G 潮流，對台積來說，將會是蠻好的、大大成長的一年，激勵今日股價再創高。台積電第 4 季營收估達 102 至 103 億美元，季增約 8.5-9.6%，中位數為 9 %，毛利率估 48-50%，營益率 37-39%，雙率均較第 3 季成長，受惠 7 奈米製程順利推進，雙率第 4 季穩朝長期目標毛利率 50%、營益率 39% 邁進。台積電也上調今年資本支出至 140 至 150 億美元，增加高達 40 億美元，除超過外資預期，也創台積電資本支出新高紀錄，明年預期也將維持今年高峰。
825,2019/11/04,【新光證券】盤前分析,◆盤勢分析美股漲多拉回，11 月第一個交易日台股微幅開高後走疲，不過，主計處估台灣第三季 GDP 年升 2.91%，增速四小龍之冠，中經院公布 10 月台灣製造業 PMI 指數續升 1.1 個百分點至 51.1%；未經季節調整之 NMI 也回升 2.9 個百分點至 53.9%，二者皆維持擴張態勢，經濟數據轉佳，激勵台股買盤回籠，其中以機電、資訊服務股及其他電子股表現最佳，令大盤逆轉勝，日線收紅，留長下影線，終場收在 11399.53 點，漲 40.82 點或 0.36%，成交額 1374.56 億元。 OTC 指數收在 145.12 點，漲 0.89 點或 0.62%，成交額 348.76 億元。鴻家軍領軍，第三季財報績優股及第四季前景樂觀股勁揚，令大盤周線連三紅，技術面表現樂觀。籌碼方面，三大法人僅投信賣超，其中外資連 15 日買超，累計外資今年買超台股逾 1416 億。考量總體經濟、技術及籌碼面皆朝正向發展，川普表示美中第一階貿易協議已達成六成，未來雙方有機會簽署協議，預期台股有機會向上走高，操作上可留意低本益比、第三季財報表現佳族群波段操作。
826,2019/11/04,【日盛投顧】盤前分析,"◆盤勢分析1. 美國非農就業報告優於市場預期，美中高層級談判取得原則共識的消息，激勵美股四大指數走升，漲幅介於 0.97% 至 2.34%，其中蘋果股價持續創歷史高位，且射頻元件大廠 Qorvo 公布優於預期的營收與財測，帶動科技股漲勢強勁，台積電 ADR 上漲 0.91%。2. 市場因 APEC 會議取消，產生中美貿易協商的疑慮，台股平盤附近整理，中小型個股零星點火，不過尾盤指數再創波段新高，最終上漲 19.25 點，漲幅 0.17%，收在 11,399.53 點，成交金額為 1338.49 億元。三大法人合計買超 99.12 億元，外資買超 87.87 億元、投信賣超 2.98 億元、自營商買超 14.23 億元。3. 由以下三個面向檢驗方向及強弱：（1）量能：價漲量縮，較不利於盤勢表現，後勢仍需回檔量縮，漲時量增。（2）均線：支撐為月線 (約 11150 點) 附近，壓力為 11500 點附近。（3）技術指標：KD 向下，9 日 K 值（86）高於 50，短線偏多震盪，需提防拉回。4. 漲幅 0.62%，收在 145.12 點，相對強勢。支撐為月線（142.8 點) 附近，壓力為 29 日高點 146.06 點附近，KD 指標向下，開口收斂，9 日 K 值（67）高於 50，短線偏多震盪。5. 觀盤重點：指數有望沿五日線走強，但個股呈現兩樣情，時序也即將進入公布第三季財報，此階段個股走勢易有大幅波動，操作建議仍不宜追高，逢拉回不破支撐再行布局。台股選股方向可留意 IC 設計、運動休閒、內需、5G、PCB、設備、伺服器、車用等。6. 進入傳統旺季，國內前瞻計畫工程預算增加；大陸基建工程加碼、政策給力，水泥族群第四季營運績效可望衝年度高峰。相關個股 1101 台泥、1102 亞泥及 1109 信大，在兩岸水泥市場產業環境轉佳下，全年獲利有機會攀上歷史新高。7. 任天堂公告財報顯示，旗下遊戲機 Switch 系列自推出至 2019 年 9 月底為止已經售出 4,167 萬部，且任天堂預估 2020 年 3 月底前將可望達到銷售量 5,000 萬部水準，加上中國大陸即將於 12 月開賣 Switch，供應鏈舉凡 3227 原相、2379 瑞昱及 2337 旺宏等半導體廠，將可望搭上這波熱銷商機。8. 晶圓測試板及探針卡廠 6510 中華精測搶攻 2330 台積電商機，是目前技術上唯一符合五奈米 EUV 晶圓測試板細間距需求的供應商，10 月營收 3.54 億元同步拿下歷史第三高及歷年同期新高，年增率拉高至 42.6％。9. 儘管中美貿易談判露出曙光激勵國際油價上週五 (11/1) 上漲，但近日報告顯示全球經濟前景不明，加上美國及石油輸出國組織（OPEC）相繼擴大石油產量，令市場推測今、明兩年油價上漲空間有限。"
827,2019/11/04,台股盤前－指數逼近11400 惟留意漲多個股獲利了結賣壓,外資持續買超台股下，上週單周指數大漲 103 點，週線連三紅，指數逼近 11400 點，而美國聯準會也如預期降息 1 碼，加上美中雙方探判取得原則共識及多家財報優於預期，利多激勵美股四大指數收紅，法人表示，台股多頭格局仍在，第 4 季後續行情不看淡，惟留意盤勢高檔震盪格局下，漲多的獲利了結賣壓。美股週五 (1 日) 四大指數表現，上漲 29.35 點，或 0.97%，收 3066.91 點；指數上漲 94.04 點，或 1.13%，收 8386.40 點；美股上漲 301.13 點，或 1.11%，收 27046.23 點；指數上漲 38.71 點，或 2.34%，收 1689.93 點。美國商務部長羅斯表示，美中貿易有機會在本月簽署「第一階段」協議，短時間內將發出。允許美國企業出售零組件給華為的出口許可，目前談判已取得良好進展，無理由質疑不能簽署協議。台積電董事長劉德音日前預期，隨著 5G、AI 快速發展，加上 7 奈米、5 奈米先進製程獨步全球，明年營運可望大幅成長，外資紛紛調高目標價，其中花旗喊出 364 元外，另給出牛市情境的目標價上探 424 元。中石化日前以旗下鼎越開發，斥資 372 億 1 萬元得標京華城標售案，預計明年初動工拆除，規劃闢建 4 棟地上層 19 樓的頂級商辦，有機會在 2023 年完工，市場傳出，總銷約 750 億元起跳，每坪至少 150 萬元。法人表示，大立光也將公佈最新業績，外界也視為觀察蘋果供應鏈的先行指標，此外，本周將有新一波法說會，包含光寶科、聯亞、環球晶、TPK-KY、遠傳等，釋出展望訊息也將影響走勢。
828,2019/11/04,盤前財經大事搶先讀2019年11月04日,日本股市休市一日美國 9 月耐久財訂單法說會：光寶科、群電除權息：潤隆、玉晶光、泰福 - KY台股 10 月大豐收，月漲達 529 點，進入 11 月後，台股已處在 29 年來高點，一點風吹草動都有修正壓力，不過，對此，台股交易員表示，「不回檔，不會漲」，目前是全力作多的行情，歐美央行與美國政府帶頭作多的力道可期，台股仍有表現空間。NAND Flash 歷經逾一年的景氣修正，報價在今年第 3 季落底反彈，加上第 3 季旺季需求啟動，市場買氣回溫，先前低價時拉高庫存的記憶體模組廠，取得低成本 NAND 庫存優勢，獲利表現看佳，第 3 季記憶體產業恐下肥上瘦。實支實付保單新制 8 日即將上路，未來可副本理賠的保單每人最多只能投保 3 張，保險專家建議，挑選實支實付保單可從兩大原則著手，包括：手術理賠範圍與雜費給付，才能替自己挑張適合的保單。近期電動機車隨租隨還品牌動作頻頻，不僅 Gogoro 主導的 Go Share 服務宣布在台北市上線，WeMo Scooter 也將擴大在六都布局，預計明年再投車上萬輛，而和泰車 () 旗下 iRent 仍不斷增加投車量衝市占，儘管目前民眾尚未明顯養成以租代買的習慣，不過，隨著車輛密度快速提高，可以預見共享市場正要快速壯大。原油交易員從來不會忽視中東政治面上之風險，但現在交易員們更擔心美國總統川普的貿易戰會導致經濟放緩，反而不是擔心中東緊張局勢可能導致供應中斷。
829,2019/11/03,油價不漲！中油: 11/4起國內汽、柴油價格均不調整,台灣中油公司今 (3) 日宣布，自明 (4) 日凌晨零時起各式汽、柴油價格均不調整，參考零售價格仍維持 92 無鉛汽油每公升 26.4 元、95 無鉛汽油每公升 27.9 元、98 無鉛汽油每公升 29.9 元、超級柴油每公升 24.2 元。中油指出本週國際原油呈現漲跌互現的震盪走勢，雖因美中兩國貿易談判進展樂觀帶動國際油價上漲，但受北半球秋季為用油需求淡季及美國商用原油庫存回升等因素影響，抑制油價漲勢。中油表示調價指標 7D3B 週均價為每桶 60.44 美元，較前週 60.24 美元上漲 0.20 美元，新臺幣兌美元匯率升值 0.081 元，國內油價依公式計算漲幅為 0.05%，92 無鉛汽油及柴油均未超過亞鄰最低價，故汽、柴油價格均不調整。
830,2019/11/03,康控-KY Q4營收可望重返20億元 全年估賺逾半個股本,康控 () 第 4 季受惠蘋果 AirPods Pro 帶動精密零部件放量出貨，加上新 iPhone 熱銷，支撐聲學零部件需求，法人看好，康控第 4 季營收可望重回 20 億元以上的旺季水準，全年則可望賺逾半個股本。康控精密零部件主要應用防水抗噪，10 月開始放量出貨，營收佔比今年底可望達到 20%，到明年時，出貨量可望翻倍，營收占比可望提升至 30-40%，與聲學元件不相上下。聲學元件方面，康控受惠新款 iPhone 終端銷售優於預期，動能也將延續到第 4 季，且明年蘋果可望推出 5G 版 iPhone，將提升聲學元件產品單價。康控先前也透露，訂單能見度達明年上半年，擴充產能也已滿載，不只第 4 季將來到全年高峰，明年上半年也將淡季不淡，營收也可望優於今年同期。康控今年第 3 季營收 15.64 億元，優於法說預期，季增 28.7%、年減 22.4%，法人估，第 3 季將扭轉上半年虧損，第 4 季營收估季增 3 成，重回 20 億元，毛利率也將同步回到 4 成以上，全年依舊可望賺進半個股本。
831,2019/11/03,SONY擴廠市場成長趨勢看俏 台廠啖感測器商機,感測器在 5G、AI 帶動下，市場逐步擴張至穿戴、車用、物聯網，上周 SONY、蘋果皆不約而同提及未來感測應用，加上工研院先前指出，感測器需求將在 5 年內成長逾 40%，法人看好，先前布局感測器的台廠，包括原相 ()、晶相光 () 與矽創 () 等可望大啖感測器商機。SONY 為全球 CMOS 影像感測器龍頭廠，市占率約 5 成，預計將砸 1000 億，興建感測器新廠，因應手機搭載多鏡頭相機的主流趨勢，加上 5G、AI 帶動，需求將持續成長。此外，蘋果也表明，健康功能性產品將是公司未來發展重點，事實上，蘋果手機已附有健康偵測功能，近期也將感測器應用延伸至穿戴裝置，隨著萬物互聯時代到來，可預期延伸的應用將只增不減。原相先前以心率感測晶片打進 LG、Under Armour 等智慧穿戴廠供應鏈，近期任天堂推健身平台，搶攻家庭、上班族等跨年齡層族群，原相也搭熱潮，且感測器應用將延伸至其他市場，包括 TWS(真無線藍芽耳機)、IP Cam 等，對營運有正向助益。晶相光則是中國海康威視主力供應商，產品廣布 IP Cam、CCTV(電視監視系統) 等，近年來也積極跨足車用，主因車體需藉感測器偵測路況，加上智慧相機輔助視覺內容，工研院指出，現今 1 台車平均有 12 套感測器加上監控相機，隨著自駕車越趨成熟帶動下，感測器需求量將有顯著成長。矽創旗下昇佳 () 則受惠全屏手機熱潮推升，以狹縫、屏下感測器打入非頻陣營手機供應鏈，並從中低階機種滲透至高階機種，近期裝置也不再侷限手機應用，已延伸至穿戴裝置。
832,2019/11/03,〈台股風向球〉政策帶頭作多行情可期 留意高乖離回檔壓力,台股 10 月大豐收，月漲達 529 點，進入 11 月後，台股已處在 29 年來高點，一點風吹草動都有修正壓力，不過，對此，台股交易員表示，「不回檔，不會漲」，目前是全力作多的行情，歐美央行與美國政府帶頭作多的力道可期，台股仍有表現空間。。在美中貿易戰持續正面發展，加上強勁的美國非農就業報告，上周五美股大漲 300 點，漲幅逾 1%，指數更大漲逾 2.3%，有利台股電子股續強。這次貿易戰有望達成協議，最新狀況是，美中貿易談判代表皆表示，談判取得進展，中國商務部更強調雙方對原則取得共識；美國總統川普也表示，希望在 2020 大選中的關鍵州愛荷華州進行川習會，很顯然，要拚連任的川普急欲讓貿易戰衝擊減緩，並藉此撐高美股。另一方面，主要央行作多行情力道不容小覷，歐洲央行重啟 200 億 QE、美國聯準會連三度降息，資金不斷湧入台股。從台股籌碼面來看，集中市場融券張數高達 82.3 萬張，創近 7 年來新高，高券資比可望繼續推升軋空行情。外資也很給力，10 月買超 1253 億元，買超張數最多是鴻海 23.2 萬張，金額 181.37 億元，台積電 12.88 萬張，金額高達 347.65 億元，隨著外資強力搶進台積電，台股持續挑戰歷史高點 12682 點的市場期許高漲，而多家外資甚至對台積電給出 320-350 元的目標價，只要外資不是邊喊邊賣，的確仍有高點可期。目前要留意的就是，多頭格局相當堅實，但技術面乖離大，若有一點風吹草動，獲利籌碼就會先行下車；接下來一周，除了川習會的確切開會時間地點等進展，也要留意當上市櫃業者進入第三季財報密集公布期，獲利不如預期者恐怕會面臨相對重的回檔壓力，屆時個股強弱表現將更加明朗。
833,2019/11/03,金益鼎發行5億元CB籌資案 最快年底前完成募集,受全球經濟走疲不利因素影響，金價可能成為反向避險工具，國際金價重返每盎斯 1514 美元，國內貴金屬回收業者金益鼎 () 因此提出市場籌資方案，預計籌集 5 億元資金，最快在今年底完成募集。 金益鼎此次發行 5 億元有擔保可轉換公司債方案，由玉山證主辦，籌集資金主要用途在於償還銀行借款及充實營運資金，並向金管會證期局提出申報，將在明 (4) 日申報生效。金益鼎是台灣老牌貴金屬資源回收業者，上半年稅後純益 8145 萬元，每股純益為 0.85 元。國際金價自 5 月底川普再次發動貿易戰以來，一路從 1275 最高漲到 1554 美元，金益鼎第 3 季營收也因此出現起色，第 3 季營收 11.27 億元，為今年新高，季增 12.32%，年增 24.94%，有助挹注獲利。
834,2019/11/03,筆電市場趨飽和 品牌廠擴大布局高階與AIot,筆電市場越趨飽和，品牌大廠華碩 ()、宏碁 () 除了固守既有的電競、商用筆電市場，今年也各自將創作者品牌獨立，並擴大集團布局、AIoT 商機，華碩進軍電動車市場，宏碁則發展智慧城市。由於轉型是未來企業持續存活的關鍵，隨著筆電市場越趨成熟，根據研調調查，今年筆電雖在有因應美中貿易戰而提前備貨與商務市場需求帶動，全年出貨可望達 1.55 億台、年增 1.6%，但整體市場仍趨成熟、全球局勢變化，明年出貨估剩 1.51 億台、年減 2.5%，可以發現各品牌廠除往更高階產品發展，積極擴大往 AIoT 發展的腳步。華碩從 2 年前開始轉型，今年也成立 AICS (ASUS Intelligent Cloud Service) 部門，朝資料分析 (Data Analytics)、自然語言 (NLP)、視覺影像 (Vision) 及語音辨識 (Speech) 等 4 大方向布局。華碩近年在 AIoT、雲端布局相當積極，除與科技部、廣達 ()、台灣大 () 共組國家隊 A team 打造超級電腦台灣衫二號外，也推動台灣 AI 雲正式商轉，並與新加坡 Certis Group AI 簽署 MOU，將協助建置 AI 雲端服務系統，瞄準全球智慧保全市場商機。華碩下一步也計畫進軍電動車市場，日前宣布將以 1000 萬美元 (約 3.05 億元) 取得三輪物流電動車廠蓋亞汽車 35% 股權，投資並跨入電動車市場。宏碁同樣持續轉型，建立多重事業引擎，如瞄準資安的安碁資訊 ()、智聯服務公司、軟體代理商展碁國際、安圖斯科技等，旗下商用物聯網 (Business IoT) 解決方案的宏碁通信、宏碁智通，則致力智慧城市應用開發與建置，推出智慧綠色城市 (Green City) 解決方案，布局水資源應用、智慧路燈。在智慧城市方面，宏碁智通與台南市政府建置智慧路邊停車計費系統，日前擴大啟用第二階段路段，從東區擴大建置至安平區，半年多來的實際營運，已省下數十萬張停車單紙張，提升效率也更環保。雖然筆電市場越趨成熟，但各廠也持續往專業型、高階產品發展，主打品牌戰，華碩今年 9 月在柏林消費性電子展 (IFA) 正式宣布將 ProArt 創作者系列，獨立提升為子品牌，宏碁則搶先一步，今年 4 月宣布成立 ConceptD 創作者品牌，並於 COMPUTEX 台北國際電腦展中展出系列產品。
835,2019/11/03,摩爾定律何時走到盡頭 張忠謀妙喻：柳暗花明又一村,摩爾定律是否走到盡頭，台積電 () 身為晶圓代工龍頭，最常被問此問題，創辦人張忠謀認為，摩爾定律何時終結沒人知道，他以「山窮水盡疑無路，柳暗花明又一村」來比喻；董事長劉德音則指出，半導體進展將不再是製程微縮，而是以邏輯密度或運算能力作為進步指標，且在人工智慧時代，運算能力永遠不夠，將持續成為驅動製程技術推進的動能。近幾年來，由於電晶體尺寸縮小速度趨緩，導致半導體業對於摩爾定律是否走到盡頭、或將面臨失效的爭論不斷；台積電研發負責人、技術研究副總經理黃漢森 9 月中旬在 SEMICON Taiwan 上再度強調，摩爾定律活生生且活躍存在，未來電晶體甚至將朝 1 奈米、甚至是 0.1 奈米發展。談及摩爾定律，張忠謀說，1998 年時曾有人問他與英特爾前執行長 Craig R. Barrett，摩爾定律何時前有效，當時 Barrett 回答，或許是 15 至 20 年，自己則回答 20 年，但兩人都錯了，現在看來，後面至少還有 5 奈米、3 奈米甚至 2 奈米。也因此，被問及摩爾定律何時到終點，張忠謀都不給確定的答覆，因為沒人知道答案，他並認為，包括 5G、物聯網與人工智慧等 3 項新技術，未來會改變全世界，很夠摩爾定律發展，「山窮水盡疑無路，柳暗花明又一村」，是現在摩爾定律的最佳寫照。劉德音則說，只要對客戶有幫助，台積電都會做，只是不一定會按照摩爾定律的速度；過去摩爾定律靠密度，現在半導體進展不只製程微縮，不再以線寬尺寸度量，而是以邏輯密度或運算能力，作為進步指標，且已發展到 3D IC、雲端設計，甚至跟客戶一起做架構創新。劉德音認為，未來技術發展會持續，在人工智慧的時代，運算能力永遠不夠，這也是未來驅動製程技術持續推進的保證。台積電總裁魏哲家也說，目前台積電製程推進還是 2 年一個世代，沒有看到任何改變跡象，且台積製程推進是以服務客戶為目的，2 年一個世代的技術開發藍圖，是過去與客戶合作延續下來的結果，沒有計畫改變，也並不一定要永遠如此。另一方面，隨著摩爾定律推進越難以為繼，先進封裝被視為延續摩爾定律的最佳解方，台積電為因應客戶一次到位需求，2009 年起跨足封裝領域，近幾年推出的 CoWoS 與 InFO (整合扇出型封裝)，都是 2.5D IC 封裝技術，今年 4 月再推出基於 CoWoS 與多晶圓堆疊 (WoW) 技術的新一代 SoIC，正式完成全球首顆 3D IC 封裝技術，預計 2021 年量產。對於未來 3D IC 封裝技術扮演的角色，魏哲家指出，只靠線寬縮減，已不足以達到新技術所要的標準，台積電佈局封裝領域多年，從 CoWos、InFO 到 3D IC，已有 6、7 年生產經驗，未來 3D IC 將可達到客戶需要的效能與結構。
836,2019/11/03,ARPU值回升+5G建設分批進行 法人看好中華電明年營運回升,中華電 () 今年營收、獲利均恐低於財測，是繼去年之後，連續兩年未達目標，法人認為，由於 iPhone 11 系列新機銷售動能將延續至明年，消費者將持續轉往高資費方案，ARPU(每用戶平均收入) 可望谷底回升，加上 5G 相關建設分批建置，中華電明年營運可望正成長。中華電日前指出，成本降低速度無法彌補營收衰退，加上整體國內行動語音營收持續衰退，估第 4 季營運無法達目標，換言之，今年全年營收、獲利將連 2 年未達財測。但另一方面，受惠 iPhone 11 系列新機銷售強勁，用戶轉往高資費方案，帶動行動通訊營收增溫、ARPU 止穩，第 4 季 ARPU 有機會持續成長。5G 方面，法人認為，五家電信商對主頻段 3.5GHz 積極競標，盼能拿下 80-100MHz 頻寬，以中華電營運資源與用戶數來說，仍會爭取最大頻譜資源，雖然影響初期的支出費用，但 5G 執照 20 年，相關建設分批進行，初期投資金額不會過於龐大，惟留意兩小業者不願錯失頻譜的情況下，競標金額的變數。相較連 2 年的營運衰退，法人樂觀看待明年回溫，雖然最快明年年中展開 5G 服務，但中華電積極提升行動電話 ARPU，5G 初期硬體投資金額不會過於龐大，且穩坐國內市占率龍頭寶座，均將轉化為明年營運的成長動能。
837,2019/11/03,5G話題正熱 證交所月底邀聯發科六業者找產業亮點,5G 應用話題火熱，成為近年台股交投新熱點，證交所本 (11) 月底將舉辦聯發科 ()、泰碩 ()、眾達 - KY()、立積 ()、全新 () 與聯茂 () 等 6 家相關產業發表業績，並邀請資策會專家深入剖析產業動態與發展。證交所指出，近年來各國積極建置 5G 各項基礎建設，5G 商轉進程也逐漸加速，5G 多元應用帶動智慧製造、智慧城市、車聯網、VR/AR、智慧醫療等領域快速發展，全球廠商包括智慧手機、網通設備等都將 5G 技術與產品開發列為發展的重點。根據資策會 MIC 預估，在 5G、Wi-Fi 6 等新規格陸續出貨驅動下，台灣通訊產業產值將達近 3.7 兆元，我國自今年起將依據「臺灣 5G 行動計劃」在 4 年內投入 205 億元發展 5G 電信加值及垂直應用服務，明年初完成第一波 5G 頻段釋照作業，讓 5G 成為當前最火熱的投資議題。證交所表示，27 日起登場的「5G 應用」主題式業績發表會將邀請財團法人資訊工業策進會產業情報研究所 (MIC) 資深產業分析師兼專案經理鍾曉君就 5G 應用與產業發展機會進行專題演講，分析產業最新動態與發展，透過聚焦主題產業展現各產業之競爭優勢，提升上市公司資訊透明度。安聯台灣智慧基金經理人鍾安綾表示，明年 5G 基地台與手機需求可望強勁成長，支撐半導體 IC 與相關供應鏈，指數可望維持強勁。富蘭克林華美第一富基金經理人林彥豪也認為，預期明年 5G 產業成長性可期，包括半導體、IC 設計等股價表現亮眼，其中電子股看好 5G 通訊設備、PCB 印刷電路板、IC 設計晶片等族群。
838,2019/11/02,〈台積運動會〉退休後心情格外輕鬆 張忠謀回台積魅力不減 大方回應員工「示愛」,台積電 () 今 (2) 日舉行運動會，也是創辦人張忠謀退休後，首度回來參加運動會，心情顯得格外輕鬆，同仁們在他致詞時，齊聲高喊「創辦人我愛你」，張忠謀大方回應員工「示愛」，也與夫人張淑芬臉貼臉、相視而笑，毫不掩飾兩人的恩愛之情。張忠謀在去年 6 月股東會後退休，董事長劉德音曾親自邀請他參加運動會，但張忠謀因退休前參加多場惜別會，同仁給的熱情感受還未消退，首度缺席台積電運動會，但他當時也允諾，若台積電明年持續有好的表現，一定會來參加。而台積電今年營收、獲利表現持續衝高，張忠謀也兌現承諾出席運動會，在今日運動會開始前，已有大批員工在車道等待張忠謀出現，當他的座車一抵達現場，同仁們群起簇擁而上、夾道歡呼；隨後當張忠謀與夫人張淑芬一同進場參加運動會時，現場員工高喊「我愛台積，再創奇蹟」的聲音更是持續不斷。張忠謀上台致詞時，先解釋自己去年沒參加運動會的原因，開玩笑地說，退休前參加多場歡送會，同仁都依依不捨向自己說再見，「若幾個月後又回來向大家揮手，好像送不走似的」，引起一陣哄堂大笑。張忠謀說，今天早上到運動會現場，受到同仁熱烈歡迎，感覺回家了，員工們也在台下高喊「創辦人我愛你」，張忠謀則回應「我也愛你」，現場氣氛相當熱絡，退休後的首場運動會，張忠謀心情顯得輕鬆許多，同仁對他的崇敬也表露無遺。除大方回應員工的「示愛」，張忠謀也毫不掩飾與張淑芬的恩愛之情。運動會致詞後，兩人罕見同台受訪，期間張忠謀談到過去一年半的退休生活中，曾與張淑芬一同到巴黎參觀趙無極畫展，且兩人互相依偎、牽手看畫的畫面，成了張淑芬筆下的畫作《執子之手 2》，張忠謀更起身到張淑芬身旁，要示範當時兩人牽手看畫的畫面。而張淑芬也談到張忠謀退休後，先生終於回到家中，為她帶來平靜與安全感，兩人過著平淡、幸福的生活，也感謝張忠謀給她許多空間，做自己想做的慈善事業，並有感而發地環抱張忠謀，兩人更臉貼臉、相視而笑。去年中裸退後，張忠謀卸下台積電董事長頭銜，歸於平淡。當記者會結束，張忠謀一把牽起張淑芬的手，兩人一同走出門外，沒有台積電同仁們的簇擁歡呼聲，也沒有鎂光燈的追逐，兩人再度回到平淡卻安然的退休生活。
839,2019/11/02,〈台積運動會〉從明年展望到張忠謀談話 現場焦點一次看,晶圓代工龍頭台積電 () 今 (2) 日舉行運動會，也是創辦人張忠謀退休後，首度回來參加運動會，他並在運動會上感性致詞「回家了」，也嘆台積電成地緣策略者的必爭之地；董事長劉德音現場宣布加碼發放 4.68 億元紅包，看好明年將是大成長的一年。從明年展望到張忠謀談股價，《鉅亨網》為讀者整理了今年台積電運動會現場焦點。劉德音表示，半導體業雖遭遇逆風，台積電今年營收仍將逆勢較去年微幅成長，成績算突出，最先進的 5 奈米製程也將準備就緒，為感謝同仁對台積電的貢獻，今年 5 月 31 日以前到職，職級 60-64 的直接人員、職級 20-26 的行政與技術人員，及職級 31-33 的工程師與管理師，共約 3.9 萬名同仁，將在下 (12) 月發放每人 1.2 萬元的紅包。劉德音說，台積電已為 2020 年做好準備，將進行大幅投資產能的佈建，明年半導體產業雖仍充滿挑戰，但台積電擁有先進製程技術，且適逢 5G 轉換的一年，乘著 5G 潮流，對台積來說，將會是蠻好的、大大成長的一年。劉德音表示，受到地緣政治改變影響，明年台灣半導體產業與整體經濟，看來確實不是很好，即使有些供應鏈暫時移回台灣，產業仍充滿挑戰，大環境還是險峻；雖然明年台積電因乘著 5G 潮流，營運可望大幅成長，但國內半導體廠商並非都與台積電相同，許多公司展望相對保守，但相信以台灣半導體廠的韌力，將能度過。張忠謀認為，他退休以來，台積電創造很成功的一年半，但近來世界局勢變化大、不再平靜，台積電成地緣策略者的必爭之地，也因此更要堅守崗位與價值，發揮「技術領先、卓越製造、客戶信任」三大競爭優勢，並持續秉持以誠信、正直為首的經營理念，在這亂紛紛的世界，相信台積電必能繼續繁榮。張忠謀也說，半導體業還看不到任何東西能取代 Silicon IC，在這之前台積電都會是地緣策略家必爭之地，領導人必須隨時調整，靠智慧因應；劉德音則認為，地緣政治因素不會就此結束，而會延長，台積電要在其中維持穩定，需要持續與政府配合。台積電日前與格芯達成專利侵權訴訟和解，總裁魏哲家表示，台積電絕不會輕易妥協，起初也想要反擊，且動作已準備就緒，但考量客戶要進行 5G 與人工智慧佈局，纏訟在訴訟中，將對客戶造成不便，以客戶對公司的信任為最大考量，才決定和解，他並說，若格芯產品用到台積電的技術，不會告他，前提是格芯要做得出來。外傳台積電要在屏東縣自建全台最大太陽能電廠，魏哲家表示，已與政府合作、找好土地，並找合作廠商蓋電廠，也承諾將全數採用該電廠發電量，等同間接否認先前自建電廠的傳言。他也說，會持續朝最大比例使用綠電的方向努力，但結果得視台灣經濟與發展方向。張忠謀退休三大計畫分別為寫自傳下冊、參加橋牌比賽、與夫人一同旅遊，張忠謀表示，目前正積極進行自傳下冊，盼能在明年底完成，將分為「德儀盛衰」與「台積奇蹟」兩大篇；過去一年半也參加世界盃橋牌比賽，與許多世界好手交手，相當滿足；也與夫人張淑芬一起到法國巴黎、澳洲雪梨旅行。張忠謀說，自己會與劉德音與魏哲家見面，但要求不要聽到公司秘密，想保有隨時自由買賣台積電股票的權利，且台積電股價上漲對投資人來說是意外，但對他來說從不是意外，確實覺得台積電是一個奇蹟。
840,2019/11/02,〈台積運動會〉找合作廠商蓋太陽能電廠 魏哲家間接否認自建電廠傳言,晶圓代工龍頭台積電 () 今 (2) 日舉行運動會，總裁魏哲家表示，已與政府合作、找好土地，並找合作廠商蓋電廠，全數採用該電廠綠電，等同間接否認先前自建電廠的傳言；關於新建研發中心，董事長劉德音則說，對 3 奈米以下技術，還是看到很多機會，蓋研發基地是為讓研發團隊能安心、有深度的做研究。外傳台積電要在屏東縣自建全台最大太陽能電廠，對此，魏哲家表示，已與政府合作、找好土地，並找合作廠商蓋電廠，也承諾將全數採用該電廠發電量，等同間接否認先前自建電廠的傳言。他也說，台積電會持續朝最大比例使用綠電的方向努力，但結果得視台灣經濟與發展方向。另一方面，台積電日前透露，將加大研發能量，在竹科新建研發中心，投入 3 奈米以下製程技術研究。劉德音指出，對於 3 奈米以下製程技術，還是看到很多機會，只要跟隨過去對技術的好奇心與企圖心，還是能將很多東西做出來，人類的創造力會找出答案。劉德音認為，台積電站在很棒的基礎上，研發團隊有很好的默契，為保護此基礎，讓團隊不用逐水草而居，能在同一個地方安心、有深度的做研究，是蓋研發基地的目的。
841,2019/11/02,〈台積運動會〉明年半導體業充滿挑戰 劉德音：台積乘著5G潮流會是蠻好的一年,晶圓代工龍頭台積電 () 今 (2) 日舉行運動會，董事長劉德音表示，明年半導體業仍充滿挑戰，但台積電擁先進製程技術，乘著 5G 潮流，將會是蠻好的一年。劉德音在運動會上致詞時指出，台積電已為 2020 年做好準備，將大幅投資產能佈建，明年將是大大成長的一年；針對整體半導體產業，在日前的台灣半導體產業協會 (TSIA) 上，劉德音也說，明年經濟景氣仍充滿挑戰，但台灣半導體廠技術進步，可彌補景氣帶來的壓力。劉德音今日再度強調，受地緣政治改變影響，明年台灣半導體產業與整體經濟，看來確實不是很好，即使有些供應鏈暫時移回台灣，但產業仍充滿挑戰，大環境還是險峻。台積電明年之所以能持續成長，劉德音指出，由於台積電擁有先進製程技術，且幾乎所有智慧型手機都用到台積的技術，特別是明年適逢 5G 轉換的一年，台積電乘著 5G 潮流，將會是蠻好的一年，不過，台半導體業並非每家公司都與台積電相同，許多公司對展望相對保守，但相信以台灣半導體廠的韌力，將能度過。台積電創辦人張忠謀退休後，交棒給董事長劉德音與總裁魏哲家，雙首長制至今已運行逾 1 年，對於兩人如何合作及取得共識，魏哲家表示，與劉德音已合作 20 幾年，默契與溝通上沒問題，當然會有意見不同的時候，但雙方會溝通；劉德音負責對外及與政府有關的事務，魏哲家則負責客戶與業務，但所有事情均會互相商量。談及雙首長制，張忠謀則說，在台灣引起很多討論，但近十年以來，雙首長制在歐美國家已不是一門學問，他並引據孫中山的話，「天下大勢浩浩蕩蕩，順之者昌，逆之者亡」，2000 年時，美國中，有 80% 企業董事長兼任執行長，但現在只有 40%，顯示雙首長制已是「天下大勢」。
842,2019/11/02,APEC高峰會取消、中共四中全會落幕、台積電與格芯和解 本周重要大事回顧,"亞太經濟合作會議受到智利示威遊行抗議影響，宣布取消本屆主辦 APEC 高峰會，也影響美國、中國兩國元首見面討論貿易戰協議的事宜，中國共產黨四中全會落幕，強調將擴大開放、保障外資投資，國內焦點方面，台積電宣布將透過全球專利交互授權，與格芯達成全面和解，也預期明年產能佈建下，將是大幅成長的一年，台股本周大漲 103.41 點，漲幅 0.92%，來到 11399.53 點，以下是本周重要大事回顧：美國貿易代表署 (USTR) 周一 (28 日) 宣布，考慮在 11 月 1 日啟動一項程序，延長豁免 340 億美元中輸美部分商品的關稅。美國去年 7 月 6 日對 340 億美元中輸美商品徵收 25% 關稅，爾後 12 月提供部分商品關稅豁免，為期一年，正當該豁免期限即將屆滿 (今年 12 月 28 日) 之際，美國貿易代表署周一 (28 日) 宣布，考慮將延長該豁免期限至多一年。智利總統 Sebastian Pinera 周三 (30 日) 表示，由於智利目前正出現大規模的示威抗議，且演變成暴力、縱火、搶劫事件，故宣布取消主辦本屆的 APEC 高峰會，並宣布該國進入緊急狀態，同時取消原定於 12 月召開的《聯合國氣候變化框架公約》。智利本次爆發示威抗議，主要是由於智利政府計劃將地鐵票價漲價 30 披索 (約合 4 美分)，但最後卻演變成大規模的示威遊行、並目前已出現暴力、縱火、搶劫事件，而智利政府亦已派遣部隊驅趕民眾，目前傳出至少已有 19 人死亡。而美國總統川普 (Donald Trump) 與中國國家主席習近平，原可望於 11 月在智利召開的 APEC 峰會上舉辦川習會，並可望簽署第一階段的貿易協議，但目前智利宣布取消主辦 APEC 峰會之後，白宮尚未宣布下一個川習會的可能地點與時間。日本沖繩世界遺產首里城周四 (31 日) 凌晨陷入火海，木造建築的正殿、南北殿等共 4200 平方公尺全都燒毀，引發全球關注，根據日媒報導，火勢延燒超過 6 小時，包括正殿、南北殿等 6 個宮殿主體共計 4200 平方公尺全被燒毀。琉球王國時代的王宮首里城，不僅是聯合國的世界遺產，也是沖繩人的精神象徵，大約在 500 年前興建，1933 年被日本政府指定為國寶，但在太平洋戰爭沖繩戰役中被燒毀，後來經過漫長的重建復原工作，當時使用的木材還是從台灣運去的，首里城遭大火吞噬，不僅讓沖繩人心痛落淚，也引發全球關注。中國中共四中全會周四 (31 日) 閉幕，會後中財辦副主任韓文秀表示，中國對外開放是基本國策，不論國際情勢如何轉變，中國與世界經濟的關聯會越來越緊密，與各國雙贏的廣度和深度將不斷拓展。韓文秀強調，中國會進行更大規模的開放政策，區域放寬至全中國，不僅限於沿海，包括改善對外開放的區域佈局，鞏固東部沿海地區開放的領頭羊角色，且加速自貿試驗區、自由港等對外開放建設，並全力推動共建一帶一路高品質發展，拓展對外貿易多元化。根據外電報導，Google 母公司 Alphabet 宣布將以每股 7.35 美元 (約 223.88 元) 收購穿戴設備廠商 Fitbit，預計總收購規模估計為 21 億美元 (約 639.66 億元)，預期交易將於 2020 年完成。Fitbit 行政總裁 James Park 表示,，在 Google 的資源在全球平台之下，Fitbit 將會在可穿戴設備業務繼續創新，市場分析師則認為，Alphabet 收購 Fitbit 之後，將能夠直接切入穿戴式運動設備、健康監測領域，將直接與蘋果在智慧型手錶領域上競爭。經濟部投審會周一 (28 日) 核准 Google 申請匯入 260 億元，擴大集團在台灣投資事業營業活動所需的資金需求，擴建既有資料中心的營運及增購設備。Google 2013 年於彰化彰濱工業區啟用資料中心後，日前宣布在台南購地建置下一個資料中心基地，Google 表示將繼續尋求在台擴展的機會，並擴大實習計畫，為台灣帶來更多的就業機會。台積電周一 (28 日) 宣布與格芯 (GlobalFoundries) 達成專利訴訟和解，雙方同意撤回雙方之間與客戶相關的所有法律訴訟，並同意對現有及未來十年的半導體技術專利，達成全球專利交互授權協議。雙方在聲明中指出，台積電與格芯宣布撤銷雙方之間以及與客戶相關的所有法律訴訟，隨著台積電和格芯持續大幅投資半導體研究與開發，雙方已就現有及未來十年將申請之半導體技術專利達成全球專利交互授權協議，此項協議將確保台積公司及格芯的營運不受限制，雙方客戶並可持續獲得兩家公司各自完整的技術及服務。晶圓代工龍頭台積電周六 (2 日) 舉行第 28 屆運動會，約 1.1 萬名員工及 7000 名眷屬參加，董事長劉德音表示，今年整體半導體產業雖遭遇逆風、台積電面對許多挑戰，但今年台積電營收仍將逆勢微幅成長，且明年在大幅投資產能佈建下，將是大大成長的一年，劉德音表示，明年 5 奈米就會接續 7 奈米的腳步，締造又一個世界最先進半導體技術的里程碑，再一次同時提供世界所有創新者，最先進的技術，至於下一個世代的 3 奈米製程，目前也正依照計畫進行，順利開發中。劉德音也宣布，將對 3.9 萬名員工，每人加發 1.2 萬元紅包，共將發出 4.68 億元紅包。經濟部周四 (31 日) 再公布通過投資台灣 3 大方案共 9 家帶來逾 53 億元的投資，其中，台商回台的部分，累計投資金額已達 6236 億元，經濟部長沈榮津表示，未來重點還是放在落實投資上，預計今年底前目標落實 2000-2100 億元。對於行政院主計總處上修今年第 3 季經濟成長率概估至 2.91%，沈榮津表示，台灣經濟前景樂觀主要歸功於三大因素，包括台商回台投資、美中貿易摩擦產生轉單效應及政府持續擴大內需。"
843,2019/11/02,〈台積運動會〉劉德音：地緣政治不會就此結束 將持續與政府配合維持穩定,晶圓代工龍頭台積電 () 今 (2) 日舉行運動會，創辦人張忠謀表示，半導體業還看不到任何東西能取代 Silicon IC，在這之前台積電都是地緣策略家必爭之地，領導人必須隨時調整，靠智慧因應；董事長劉德音則認為，地緣政治因素不會就此結束，反而會延長，台積電要在其中維持穩定，需持續與政府配合。張忠謀今日在運動會上致詞時提到，近來世界局勢變化大、不再平靜，台積電成地緣策略者的必爭之地。他並認為，半導體業目前還看不到任何東西可以代替 Silicon IC，在此之前，台積電都會是地緣策略家必爭之地。對於如何因應，張忠謀說，要隨時調整，靠領導人的智慧，沒有一定的方程式，領導人必須保持頭腦清醒，與堅守誠信正直為首的基本價值觀及公司優勢，若失去競爭優勢，就不會是必爭之地了。劉德音也認為，要靠經營者的智慧，既然是必爭之地，做錯決定會影響地緣政治的平衡，但台積電與客戶合作緊密，要做的就是保護客戶，確保客戶得到最大助力，如此一來生意也會更大。不過，劉德音認為，台積電要在地緣政治策略中穩定，光靠一間公司是不夠的，台灣本身政治情況也是重要考量，將持續與政府配合，確保台灣重要企業，能在地緣政治競爭中，維持台灣最大利益。他並認為，地緣政治因素不會就此結束，而會延長，且變化並非突然，而是慢慢改變。劉德音說，當產品沒有競爭力，國防上更有疑慮，因此美國政府也非常小心謹慎，與台積電及客戶保持開放溝通，而台積電也會幫助客戶獲取最大商業利益，並兼顧國防安全要求。針對日前提到，台積電正與美國普渡大學共同做研究，要打造可追蹤、或遭修改後能感測到的晶片，劉德音則說，目前仍在研究階段，還需要一些時間，但若成功研發出來，全世界許多客戶都會受益。
844,2019/11/02,〈台積運動會〉魏哲家：絕不輕易妥協 考量客戶信任才與格芯和解,晶圓代工龍頭台積電 () 今 (2) 日舉行運動會，對於日前與格芯達成專利侵權訴訟和解，總裁魏哲家說明，客戶要進行 5G 與人工智慧佈局，纏訟在訴訟中恐對客戶造成不便，台積電絕不會輕易妥協，但考量客戶對公司的信任，才決定和解；他並說，若格芯產品用到台積電的技術，不會提告，但前提是格芯要做得出來。格芯 (GlobalFoundries) 今年 8 月底向美國國際貿易委員會 (ITC) 等，控告台積電侵害其 16 項晶片專利技術，其中包含 7 奈米、10 奈米、12 奈米、16 奈米及 28 奈米等製程技術，並要求美國貿易當局對其產品發布進口禁令，且包括蘋果、Google、華碩、高通、輝達等台積電客戶，同樣遭列被告。台積電也在 9 月 30 日作出反擊，宣布已於美國、德國及新加坡三地，對格芯提出多項法律訴訟，控告其侵犯台積電包括 12 奈米等製程的 25 項專利，並要求法院核發禁制令，禁止其生產及銷售侵權的半導體產品，及尋求實質性的損害賠償，正式在法庭上迎戰格芯。不過，台積電在 10 月 29 日宣布與格芯和解，共同撤銷雙方間、及與其客戶相關的所有法律訴訟，2 家公司將就其現有及未來 10 年將申請的半導體技術專利，達成全球專利交互授權協議。對此，魏哲家表示，起初台積電也想要反擊，反擊動作也就緒，但在 5G 與人工智慧等新科技大力發展下，台積電要提供客戶最先進的技術，纏訟在訴訟中，對客戶有很大的不便。魏哲家強調，台積電絕不會輕易妥協，但經深思熟慮後，公司在技術領先、卓越製造、客戶信任的三大優勢中，客戶對台積的信任是最大的考量，為因應客戶佈局人工智慧與 5G 的需求，才決定與格芯和解。魏哲家並說，「若格芯做出的產品用到台積電的技術，台積電也不會告他，但格芯要做得出來」，專利相互授權並不牽涉到雙方技術授權，這是兩回事，且若格芯易主，接手方也無法使用台積電的專利。
845,2019/11/02,〈台積運動會〉張忠謀談退休三大計畫進度 自傳下冊明年底前完成,晶圓代工龍頭台積電 () 今 (2) 日舉行運動會，創辦人張忠謀談及自己的退休三大計畫，目前正積極進行自傳下冊，盼能在明年底完成，將分為「德儀盛衰」與「台積奇蹟」兩大篇，過去一年半也參加世界盃橋牌比賽，與許多世界好手交手，相當滿足，也與夫人張淑芬一起到法國巴黎、澳洲雪梨旅行。張忠謀去年宣布退休後，曾提到退休後要做三件重要的事，第一為寫自傳下冊，第二是參加橋牌比賽，第三則是與太太張淑芬一起旅行，他並藉由今日出席台積電運動會，向大家報告進度。張忠謀說，自傳下冊從 1964 年說起，將分為 2 個大篇，第一大篇為「德儀盛衰」，細數自己在德州儀器待了 25 年，對半導體部門建立與強盛，有相當的貢獻，也是自己人生很重要的一部分，初稿上周已完成，多達 7.5 萬字。第二大篇則為「台積奇蹟」，規劃 10 萬字，但兩大篇中有插曲，將以 2 至 3 千字，敘述自己在通用儀器擔任總裁一年多的期間，盼明年年底前完成自傳下冊。橋牌比賽方面，張忠謀說，過去一年半參加好幾個橋牌比賽，最大的成就是在世界盃橋牌比賽中，獲得長青組第五至第八名，他指出，世界盃長青組中有許多以前的世界冠軍與橋牌好手，共 24 隊參加，自己的隊伍成功打入前八強，與許多世界好手交手，已相當滿足。而在過去一年半，張忠謀與太太張淑芬印象最深刻的旅遊，就是一起到法國巴黎與澳洲雪梨，兩人一同去巴黎看趙無極畫展，5 天走了 4 間博物館，也吃了很多餐廳美食，且張淑芬還將兩人看畫展時，手牽手依偎看畫的背影，畫出〈執子之手 2〉，並說太太畫畫也是在創造奇蹟，2006 年開始畫畫，從不會畫到上拍賣市場，跟他創造台積電奇蹟有得比。張忠謀說，兩人也到澳洲雪梨，花了十幾天繞了南岸，看到許多好看的花、植物，還有包括長頸鹿在內等稀有動物。
846,2019/11/02,〈台積運動會〉股價頻創高 張忠謀：並不感到意外 對投資人而言可能是,晶圓代工龍頭台積電 () 今 (2) 日舉行第 28 屆運動會，創辦人張忠謀說，自己還是會與董事長劉德音與總裁魏哲家見面，但要求不要聽到公司秘密，想保有隨時自由買賣台積電股票的權利，他並說，台積電股價上漲對投資人來說是意外，但對他來說從不是意外。張忠謀去年 6 月股東會後退休，今年為其退休後，首度回台積電參加運動會。張忠謀致詞時表示，今天早上一到運動會現場，受到同仁熱烈歡迎，感覺回家了，並解釋去年沒參加運動會的原因，是因退休前參加多場歡送會，同仁都依依不捨地向自己說再見，「若幾個月後又回來向大家揮手，好像送不走似的」。不過，張忠謀也說，去年也跟董事長劉德音說，若明年自己還健在，台積電也繼續成功，就會來。他並提到，既然如劉德音所說，明年會是台積電成長很快的一年，明年小禮物 (紅包) 或許可以加碼了，語畢，現場員工立刻發出一陣熱烈歡呼聲。張忠謀會後受訪時也透露，還是常跟劉德音與魏哲家見面，但非定期會面，而是很自然、非正式的碰面，最近一次見面是在日前台積電法說會時，他說，每次法說都會在辦公室看，上次與劉德音一起觀看，會後魏哲家也前來碰面，自己的要求就是不要聽到公司的秘密，想保有隨時自由買賣台積電股票的權利。對於台積電近期股價衝上 300 元大關，張忠謀則說，台積電股價上漲對千千萬萬投資人來說是意外，但對他而言，從來都不是意外，確實覺得台積電是一個奇蹟。談及個人投資理財，張忠謀表示，當初在德州儀器 (TI) 工作時，就是因為對公司有信心，而持有 TI 股票，也實現所謂的美國夢；自己的人生只有兩個階段，第一個階段為德儀效命，投資德儀股票，第二個階段則是為台積電效命，投資台積電股票。
847,2019/11/02,〈熱門股〉鴻海Q3財報可期 外資連買力挺股價創近半年新高,鴻海 () 受惠子公司第 3 季營運報喜，加上 iPhone 熱銷，近期外資不但紛紛出具報告喊買，更以行動力挺，國慶連假後連 15 買，昨 (1) 日單日更大買近 4.8 萬張，近 19 個月單日最多，推升鴻海本周完成填息，來到近半年新高，市值也達 1.17 兆元，周增 5960 億元。鴻海旗下子公司近期營運報喜，富智康預告第 3 季可望轉虧為盈；工業富聯第 3 季稅後純益來到 47.07 億元，季增 80.8%、年增 9.2%，每股純益 0.24 元，加上今年新 iPhone 熱銷，外資看好，都有助鴻海第 3 季獲利表現。鴻海第 3 季營運可期，外資也從國慶連假後、10 月 14 日開始連續買超 15 天，一共買超逾 28.51 萬張，1 日大買近 4.8 萬張，更是 2017 年 4 月 5 日以後，近 19 個月單日最多，外資持股比率也回升至 42.7%。在外資以行動力挺下，鴻海本周股價漲逾 5%，1 日收在 84.8 元，不但成功完成填息，也創今年 5 月 13 日以來近半年新高。鴻海也暫定於 11 月 13 日召開法說，也是董座劉揚偉接任後首份成績單，預計除了第 3 季財報外，內部組織轉型及整合近況、第 4 季及明年展望、還有印度與越南等地擴產新進度，都將是法說關注重點。
848,2019/11/02,〈熱門股〉不利因素干擾 神盾股價周跌17% 痛失300元大關,指紋辨識晶片大廠神盾 () 受二大不利消息影響，包括競爭對手匯頂最快年底前推出 LCD 屏下指紋辨識方案，加上三星屏下指紋辨識出包，恐影響手機廠商後續採用意願，神盾本周股價一路下跌，周五收在 263.5 元，摜破所有均線，300 元大關得而復失，跌幅達 17%。屏下指紋辨識主要用於 OLED 螢幕，被視為是高階機種必備功能，但因其技術限制，無法將相關應用延伸至 LCD 螢幕，匯頂前日宣布，最快今年年底將推出 LCD 螢幕的屏下指紋辨識量產方案，引起市場討論。市場解讀，目前 OLED 螢幕在手機市場滲透率逐步攀升，但仍以 LCD 為主，比重近 7 成，若匯頂搶先量產 LCD 螢幕屏下指紋辨識方案，可望挾市場先進者優勢，取得高市占，且其客戶均為一線品牌大廠，市占率同樣看增，恐不利神盾發展。再者，三星最新 2 款手機 S10、NOTE 10 ，均因屏下指紋辨識系統出現漏洞，影響消費者支付安全性，市場認為，雖三星宣布可透過軟體更新解決問題，中國廠商後續若卡在支付問題而降低採用意願，也將連帶衝擊神盾出貨。神盾仍以屏下指紋辨識為主要營收來源，若屏下指紋辨識市場接受度下滑，神盾出貨也將受衝擊，本周股價一舉摜破所有均線，300 元大關得而復失，收在 263.5 元，跌幅逾 17%，以籌碼面來看，本周三大法人皆站在賣方，合計賣超 7640 張，其中，以投信賣超最積極，達 5362 張。
849,2019/11/02,〈熱門股〉華通5G需求推升成長 股價周漲5.52%,PCB 廠華通 () 今 (2019) 年起營收將連 3 年創新高，重返成長軌道，外資調高目標價上看 50 元，本周股價滾量上漲收 43 元，一周上漲 5.52%。外資出具最新報告指出，華通高階 HDI 及 SLP 受惠市場需求帶動，最快 2020 年下半年旺季就可看到毛利率重返 16-17% ，未來 3 年營收將重返 2015-2017 年的成長軌道，估今年全年營收 552.94 億元，創新高，每股純益 2.64 元。華通累計今年前 9 月營收 388.38 億元，年增 7.22%。華通股價本周滾量上攻，沿 5 日走揚，並已站上 11 個月來新高，線型呈現多頭排列，KD 值在高檔交叉，在外資目標價訂 50 元激勵下，加上基本面刺激上漲。
850,2019/11/02,〈熱門股〉精元明年出貨蘋果占比下滑 股價周跌逾8%,天風證券分析師郭明錤日前出具報告指出，明年蘋果 MacBook 剪刀腳鍵盤供應商中，精元 () 出貨比重不如預期，儘管精元駁斥並強調為產品獨家供應商，本周股價仍重挫，一度打入跌停，周跌幅逾 8%。郭明錤表示，蘋果明年第 3 季前將會有新的 MacBook 機型，採用剪刀腳鍵盤，其中緯創 () 為剪刀腳鍵盤主要供應商，茂林 - KY() 為導光板獨家供貨商。郭明錤預測，精元將是 MacBook 剪刀腳鍵盤最大受惠廠商，原預期明年供貨比重將達 7 成以上，不過最新修正預測，估精元 2020、2021 年 MacBook 與 iPad 鍵盤供貨比重恐低於預期，從 70% 降下修至 35%，此外，在鴻海 () 生產優勢下，明年也恐無法進入 iPad 鍵盤供應鏈。精元對此澄清，仍是蘋果新品的獨家供應商，且第 3 季量產出貨，訂單能見度至少有 1 個月，本季也將視客戶訂單狀況而定。精元 9 月營收 14.26 億元，月增 35.42%，年增 40.61%；累積前 9 月營收 91.18 億元，年增 20.18%；第 3 季營收 35.15 億元，季增 11%、年增 28.3%。
851,2019/11/02,〈熱門股〉橙的下半年業績跳升可期 股價創逾2年新高,胎壓偵測器 (TPMS) 大廠橙的 () 第三季合併營收年增幅高達 40.65%，顯示主要歐美 AM 市場的客戶備貨需求穩定增溫，市場看好下半年獲利表現，股價先行反應，本周漲幅多達 16%，最高價來到 33.4 元，創 2017 年 8 月以來新高。橙的今年以來業績仍呈現衰退，前三季合併營收 2.53 億元，年減 16.78%，不過，第三季單季合併營收成功終結連 10 個季度衰退，一口氣轉為正成長 40.65%。橙的表示，正全力布局兩岸和歐美 TPMS 市場，策略逐漸奏效，歐美 AM 和中國客車 OEM 客戶維持穩定的拉貨力道。從今年第三季橙的銷售地區營收來看，歐美和中國地區營收比重分別為 53%、11%，其中，中國地區較去年同期大增 74%。橙的指出，隨著中國對於安裝 TPMS 的法規推動，未來可望打入更多與品牌車廠、輪胎通路和汽車零件通路，尤其要搶攻重型車輛利基型市場。展望第四季，時序進入汽車 AM 傳統旺季，橙的看好隨著歐洲雪胎出貨旺季到來，將有機會帶動歐美 AM 營收比重持續提升。
852,2019/11/02,〈熱門股〉環宇可望受惠華為PA轉單 周漲18%創16個月新高,砷化鎵廠環宇 - KY() 近期傳出可望受惠華為 PA 轉單三安，未來將藉由三安拿下部分華為訂單，消息激勵環宇 - KY 本周股價大漲 18.7%，創近 16 個月新高，預期在資料中心、5G 基地台建置需求帶動，第 4 季營收將成長 5-10%。華為近期調整 PA 策略，市場傳，華為將擴大與中國 LED 龍頭三安合作，由三安生產砷化鎵 (GaAs)、氮化鎵 (GaN) 等產品，應用在通訊產品，據了解，華為預計將中低階 4G PA 委託三安生產，而非技術含量較高的 5G PA。環宇表示，上半年受貿易戰、部分產品遞延交貨，預期下半年需求將逐步回溫，回到過往水準，未來成長動能將由 KDG(自有品牌)、氮化鎵帶動，展望第 4 季，雖然仍需關注貿易戰後續，預期資料中心、5G 基地台建置需求帶動，KGD 將成為主要成長動能。另一方面，環宇表示，RF 射頻產品也因為如氮化鎵 (GaN) 等毛利高的產品比重增加，在單價、出貨量成長帶動下，預期第 4 季個別產品營收將成長 5-10%，而先前與晶成半導體的合作案，目前仍照計畫進行中，將著重氮化鎵 (GaN)、VCSEL 產品發展，預期客戶提供訂單需求後，明年下半年就會有明顯貢獻。
853,2019/11/02,〈熱門股〉亞德客-KY明年展望佳外資喊買 股價創半年新高,氣動元件大廠亞德客 - KY() 第 3 季財報表現雖不如預期，但明年展望佳，外資紛紛喊買並上調目標價，最高上看 500 元，激勵本周股價走勢強勁，周五 (1 日) 終場收在 444 元，創近半年來新高，股價周漲 6.6%，周 K 翻紅。亞德客第 3 季營運受到美中貿易戰影響，部分客戶採觀望態度，使需求回溫狀況較預期來得慢，加上受到匯損壓力影響，導致第 3 季營運表現不如第 2 季與去年同期。不過，近來已可見客戶需求回溫，亞德客指出，雖然第 4 季為傳統淡季，但需求已從 9 月下旬起回溫，且 10 月以來，日出貨金額平均約在 1200-1300 萬元水準，維持 8、9 月出貨與需求動能。外資認為，從中國需求來看，訂單疲弱情況應已落底，且近期也可見需求逐步回溫，而亞德客中國營收占比高達 9 成，在中國自動化市場景氣可望較其他市場提早落底反彈下，營運將優先受惠，紛紛喊買並上調目標價。亞德客第 3 季稅後純益 4.38 億元，季減 43.33%，年減 10.25%，每股純益 2.32 元，為近 11 季低點；前 3 季稅後純益 18.97 億元，年減 12.14%，每股純益 10.04 元。
854,2019/11/02,〈研之有物〉真菌也會玩樂高？還組合出「天然物」戰艦！,"科學家竟能看到你看不到的？別怕，這不是恐怖故事，而是存在於大自然的「微觀世界」。中研院生物化學研究所的林曉青助研究員，拿出分子模型帶你一同想像：真菌是如何像玩樂高，組合出結構複雜的天然物。「印象深刻的實驗，反而是最害怕的實驗！」林曉青的瞳孔略為地震，說出這句話刺破一般對科學家的幻想泡泡。「高中同學解剖著牛蛙，我就躲在遠遠的地方看……」要養成一名科學家，有各種途徑，而擅長「 」生物合成研究的林曉青，並非從實驗室裡冒著泡泡的「化學物 X 」溶液中誕生，反而是「最不化學」的場域──家鄉宜蘭的田野。在宜蘭田野中長大，更精確地說，是還沒被農舍民宿佔據的宜蘭田野中長大，林曉青有許多機會接觸自然環境，國小最有興趣的就是自然課。當時的《國語日報》中每天都有自然科學專欄，介紹一些動植物、昆蟲、自然現象，報紙前方睜著林曉青圓滾滾的大眼睛，興味盎然地探索這個世界。「這個卡通是在講人體的微觀世界，把每種細胞擬人化。每一集有不同主題，像是演人體被細菌攻擊後，白血球會啟動防禦；或是人體吃東西後，醣類及脂肪如何代謝。」雖然觀看的時間已有些久遠，回憶起動畫內容，林曉青仍像個充滿好奇心的小孩。要解釋這種有機化合物，可以像教科書搬出一幅幅如外星人秘語的化學結構圖，然而林曉青換了個方式：「避免失憶的銀杏、我們常喝的咖啡，它們對人體有一些特定作用，都是源於天然物。」這些「特定作用」是天然物的生物或藥理活性，會如何對人體有效，是生產天然物的真菌、細菌、植物們始料未及的，因為一開始它們生產天然物是為了自己與環境，例如趕走環境中的勁敵，或是幫助共生的宿主。例如 okaramine 這種天然物，是一種含氮的生物鹼，有其特殊的「交流用途」。""okara"" 是日文「豆渣」的意思，""amine"" 是含有氮原子的化合物。過往的科學家發現 Penicillium 屬的真菌會生長在豆渣上，並生產這種 okaramine 天然物，而其他化學家進一步發現， okaramine 天然物具備選擇性的「殺蟲」生物活性。用白話文來說，該真菌在豆渣上生長、生產 okaramine 天然物，意思就是跟其他會競爭生存的蟲蟲嗆聲：「這裡只有我可以生長！亂闖者格殺勿論！」微觀世界裡這個熱鬧搶地盤的景象，看在化學家眼中饒富趣味。化學家思考著，這種天然物能否被人工合成出來呢？但至今仍未發展出完整的化學合成方法。想找出方法，首先得了解──究竟生物是運用哪些原子、透過哪些途徑，像玩樂高般蓋出這個天然物結構。林曉青比喻，研究天然物就像在「玩樂高」。有機原子「碳、氫、氧、氮」等就像一塊塊樂高積木，一開始科學家看到真菌組好了一台樂高戰艦 (天然物)，可以對抗入侵生存環境的蟲蟲敵人，但卻不知道中間是透過什麼方法組裝？ 距今一百多年前開始，科學家在實驗室中試著用「化學合成」的方法，也就是用高反應性的化學物質、在高溫或高壓的反應條件中進行化學反應，嘗試組合出複雜結構的化合物。而自然界的生物體中，存在各種功能的「酶 (enzyme)」，用來催化各種化學反應。不同生物體有自己的基因序列，酶具有什麼功能都寫在 DNA 中。隨著近年來「基因體定序」技術的進步，科學家有機會知道自然界是以哪些基因、哪些酶進行生物合成反應，產生各種化合物。除了基因組探勘，再加上基因剔除、異源性表達、化學結構解析等技術，讓林曉青團隊得以進入微觀的世界，觀察生物體內負責合成化合物的關鍵基因、關鍵酶是誰，於合成過程中發揮什麼功能。並再於模仿自然界的常溫、一般氣壓環境下，在放了受質、輔因子的水溶液中，試驗催化生物合成反應。「我們的生物合成方法，不同於早期的化學合成方法，不需要用到高反應性、毒性較強的化學物質。」林曉青說明。林曉青拿出像樂高玩具的 okaramine 化合物模型，可以看見黑色的碳原子、藍色的氮原子、紅色的氧原子如何鍵接。如下圖黃圈處，真菌在組合 okaramine 時，透過 OkaE 這種「酶」催化合成反應，像樂高關節般「咔咔」地，將原本分離的兩個碳原子組合起來，與另一個碳原子、氮原子組合成四環。林曉青拿著 okaramine 化合物模型，徒手嘗試組裝兩個碳原子時，費了點力穩住結構才能將模型接上。「用手就需要點力氣了，在真菌體內要接上四環，也需要點能量，而自然界就派出 OkaE 酶負責催化這個過程。這是我們團隊最先發現的喔！」林曉青露出開朗的笑容。雖然天然物的催化酶已知仍有限，自然界的生物合成途徑也尚未被透徹了解，但林曉青認為這正是研究天然物的樂趣，還有好多未知等著被發現。「而且研究天然物，會覺得….. 真理只有一個！」眼前的林曉青，瞬間變成眼鏡反光的柯南。團隊努力研究天然物的另一個動力，是未來的藥學潛能。以用於治療癌症的 為例，這也是一種天然物，除了從太平洋紅豆杉 (Taxus brevifolia) 樹皮可分離取得，後來發現由另一相近樹種 (Taxus baccata) 的葉部可分離得到中間物，進而以半合成 (semi-synthesis) 方式合成紫杉醇。然而天然生產的量非常少，造成當時研發成為臨床用藥的瓶頸，而延長了藥物發展的時程。若能了解大自然合成天然物的途徑、參與的基因與酶等知識，未來可望由合成生物學的方式進行製備、並取得藥物來源。大量人工合成天然物，會影響自然環境嗎？林曉青慎重地思考後回覆：「不同天然物有不同的生物活性，若決定大量做出某種有機化合物，要先想清楚做的目的。」並補充道，天然物原本就合成於自然，自然必定也存在對應的生物降解機制。即使肉眼看不到，或許現在窗外那棵樹、身邊附近的某個真菌，在微觀世界正熱鬧地玩著「樂高」，生產各種天然物。"
855,2019/11/02,〈台積運動會〉加發4.68億元紅包 劉德音：明年會是大大成長的一年,晶圓代工龍頭台積電 () 今 (2) 日舉行第 28 屆運動會，約有 1.1 萬名員工及 7000 名眷屬參加，董事長劉德音表示，今年台積電面對許多挑戰，還是一步步走了過來，半導體業雖遭遇逆風，台積電今年營收仍將逆勢微幅成長，且明年在大幅投資產能佈建下，將是大大成長的一年，他並宣布，將對 3.9 萬名員工，每人加發 1.2 萬元紅包，共將發出 4.68 億元紅包。劉德音說，回顧過去一年，台積人一起面對許多大大小小挑戰，有從產業景氣來的，有從供應商瑕疵來的，有從競爭者突襲來的，有從國際地緣政治來的，但還是一步步走了過來，回想過去一起走過的台積年歲之中，不也都是重重挑戰。劉德音表示，台積人總是團結一致，秉持共同珍惜的台積核心價值，步步朝共同願景邁進，每當挑戰來臨，同心協力克服挑戰，就算偶有挫敗 也從中學得教訓，變更強壯，如創辦人張忠謀在台積創新館送給台積電的題字，「嚴峻挑戰後面，是美好的未來」。劉德音說，過去一年來，台積在「技術領先、卓越製造、客戶信任」三大優勢中，都有長足進步，台積電最先進的 5 奈米製程即將準備就緒，過去一年多，新竹晶圓 12 廠、台南 18 廠，同仁投入大量心力與時間，也交出很好的成績，客戶也十分滿意。劉德音並說，明年 5 奈米就會接續 7 奈米的腳步，締造又一個世界最先進半導體技術的里程碑，再一次同時提供世界所有創新者，最先進的技術，同步推出各樣最先進的產品，讓人類社會更永續發展、更繁榮進步。至於下一個世代的 3 奈米製程，劉德音表示，也正依照計畫進行，順利開發中，再下一世代 2 奈米的 Pathfinding 也加速進行；特殊製程方面，過去一年，無論是 RF 技術、CIS 技術、3D IC 或先進封裝技術，或是 PMIC、MCU 技術，都有長足進步。劉德音說，在台中晶圓 15 廠，7 奈米近 2 年也進行獨步全球的快速 Ramp-up 與大量生產，在 7 奈米學習曲線上，已產出超過 100 萬片 12 吋晶圓，而首次以極紫外光 (EUV) 應用的 7 + 奈米技術，也於今年 6 月起大量生產，且有很好的良率表現。整體而言，劉德音表示，2019 年是半導體遭遇逆風的一年，全球半導體預估衰退 12%，半導體除記憶體外也預估衰退 3%，但可以確定 2019 年台積的營收，將較 2018 年微幅成長，雖然不夠多，但也是逆勢成長，成績算是突出的，更重要的是，已為 2020 年做好準備，大幅投資產能的佈建，展望 2020 年，將會是大大成長的一年。最後，劉德音更宣布，今年 5 月 31 日以前到職，職級 60-64 的直接人員、職級 20-26 的行政與技術人員，及職級 31-33 的工程師與管理師，總共約 3.9 萬名同仁，將在下月發放每人 1.2 萬元的紅包，感謝大家對台積的貢獻。
856,2019/11/02,〈台積運動會〉張忠謀：世界紛亂 台積電成地緣策略者的必爭之地,晶圓代工龍頭台積電 () 今 (2) 日舉行第 28 屆運動會，今年為創辦人張忠謀退休後，首度回台積電參加運動會，張忠謀認為，他退休以來，台積電創造很成功的一年半，而近來世界局勢變化大、不再平靜，台積電成地緣策略者的必爭之地，但更要堅守崗位與價值，發揮三大競爭優勢，相信必能繼續繁榮。張忠謀說，去年台積電在董事長劉德音與總裁魏哲家領導下，是相當成功的一年，當然有許多困難，有些令人不太滿足的地方，但總體來說，他退休後，台積電創造很成功的一年半。張忠謀表示，過去一年半以來，台積電發揮技術領先、製造優越、客戶信任這三大優勢，也是看家本領，「假如失去三個優勢任何之一，都不是我們要的台積電」。除了上述三項優勢，張忠謀指出，這 2 年世界局勢變化也相當多，已經不能再是安寧的世界，如原定下月與 Sophie(夫人張淑芬) 共同出席位於智利的 APEC 高峰會，會見到美國總統川普、中國國家主席習近平與日本首相安倍晉三等，但智利 10 月 18 日起發生抗議、遊行，且規模越來越大，日前智利總統忍痛取消 APEC 高峰會，這只是世界很亂的一端、一個小角。回到台積電來看，張忠謀說，在動亂的世界裡，台積電一直是非常重要的公司，在 IT 供應鏈是重要的一環，但從這個層面來看，還是看小了台積電，較正確地說，台積電在和平時代，就是安安靜靜做供應鏈的一環，但當世界不安靜了、也就是現在，台積電變成地緣策略者的必爭之地。張忠謀進一步說，也因成為地緣策略者的必爭之地，台積電更要堅守崗位與價值，及三項競爭優勢，並持續秉持以誠信、正直為首的經營理念，這是我們最好的寶物，在這亂紛紛的世界，相信台積電還是能繼續繁榮，繼續作為世界、社會非常有用的一員。
857,2019/11/02,祥碩Q3毛利率寫新猷 前3季EPS 12.06元也創高,IC 設計廠祥碩 () 今 (1) 日公布財報，第 3 季毛利率衝上 51.43%，創新高，稅後純益 2.43 億元，季增 15.71%，年減 11.96%，每股稅後純益 4.06 元，前 3 季稅後純益 7.24 億元，年增 13.48%，每股稅後純益 12.06 元，創新高。祥碩第 3 季合併營收 9.2 億元，季增 18.4%，年減 11.88%，毛利率 51.43%，季增 0.99 個百分比，年減 3.75 個百分比，營益率 32.98%，季增 3.11 個百分比，年增 0.74 個百分比，稅後純益 2.43 億元，季增 15.71%，年減 11.96%，每股稅後純益 4.06 元。祥碩前 3 季合併營收 27.45 億元，年增 7.18%，毛利率 49.75%，年增 2.46 個百分比，營益率 31.03%，年增 2.57 個百分比，稅後純益 7.24 億元，年增 13.48%，每股稅後純益 12.06 元。祥碩第 3 季受惠大客戶超微的 Ryzen 處理器熱賣，加上 USB 3.2 滲透率提升，帶動營運較上季回溫，產品組合也持續改善，毛利率已連 2 季站穩 5 字頭，毛利率則創歷史新高，來到 51.43%。
858,2019/11/01,富邦華一銀行廣州分行開業 完整布局中國「北上廣深」一線城市,富邦金 () 旗下富邦華一銀行廣州分行今 (1) 日正式開業，領先台資銀行同業完整佈局「北上廣深」大陸一線城市，這是富邦華一銀行在粵港澳大灣區的第 3 家營業據點，目前富邦華ㄧ在大陸營業據點總數已達 26 家（包括即將於 11 月 6 日正式開業的重慶分行），為大陸營業據點最多的台資銀行，遍布大陸 9 個省和直轄市，實現台商主要聚集區全覆蓋。富邦華一銀行行長陳峰表示，粵港澳大灣區是全球第四大灣區，以香港、澳門、廣州、深圳四大中心城市爲區域發展引擎，是目前大陸開放程度最高、經濟最爲活躍的區域之一，具有重要的戰略地位。陳峰表示，粵港澳大灣區市場廣闊，金融需求旺盛，並確立了建設國際金融樞紐的具體目標，富邦華一銀行將搶抓這一難得的歷史契機，積極主動參與大灣區建設，著眼於「服務台商」、「服務實體經濟」兩個本源的戰略目標，確實發揮台資銀行特色和優勢，以金融服務促進區域實體經濟繁榮，推動銀行轉型和實現高質量的發展。廣州是大陸首批沿海開放城市，所在的珠三角是台商在大陸投資最早進駐和開拓的市場之一。粵港澳大灣區涵蓋珠三角九市，其發展規劃的落地備受台商矚目，也讓台商看到了巨大的商機。陳峰指出，富邦華一銀行在廣州設立分行，通過與深圳分行、深圳前海支行的緊密聯動，逐步擴大在粵港澳大灣區的業務輻射範圍。陳峰表示，富邦華一銀行同時整合資源、創新聯動模式，借助富邦橫跨銀行、保險、證券、投信等領域的資源優勢，並結合富邦華一銀行在地的全牌照優勢，更好地滿足區內台商和中小企業的金融需求，爲台商和中小企業轉型發展提供強勁動能。陳峰在開業儀式上指出，廣州分行將緊跟粵港澳大灣區戰略規劃，著重挖掘製造業、物流、現代服務業等產業的客戶，鞏固台商和中小企業客戶基礎，促進在地融合發展；此外，深化跨境融資業務特色，創新跨境融資模式，爲企業客戶提供靈活、彈性的跨境融資安排。富邦華一銀行廣州分行也積極開拓零售業務，針對粵港澳大灣區高淨值客群提供包括留學、投資、移民和跨境財富管理在內的綜合金融解决方案，即將推出的信用卡業務，也將進一步滿足在大灣區內工作和生活的港澳臺人士消費需求。陳峰表示，廣州分行是富邦華一銀行的首家輕型化網點，未來將加快金融科技創新，深化與大灣區內互聯網金融企業的戰略合作，實現線下業務線上化、線下業務與線上業務融合發展。
859,2019/11/01,昇陽半Q3純益季增逾15% EPS 0.83元創上市來新高 前3季每股賺 2.07元,再生晶圓廠昇陽半 () 今 (1) 日公布第 3 季財報，稅後純益 1.09 億元，季增 15.96%，年增 69.4%，每股稅後純益 0.83 元，創上市來單季新高；前 3 季稅後純益 2.73 億元，年增 72.78%，每股稅後純益 2.07 元。昇陽半第 3 季合併營收 7.34 億元，季增 30.37%，年增 30.2%；前 3 季合併營收 19.9 億元，年增 28.55%。昇陽半第 3 季受惠轉單效應及旺季加持，再生晶圓、晶圓薄化 2 大業務需求暢旺，帶動營收創下 13 季來新高。昇陽半表示，第 4 季受惠 5G 應用帶動，2 大業務產能皆滿載，訂單能見度已看至年底，估本季營運維持上季高檔。
860,2019/11/01,◆投信連續3日賣超個股,投信連續 3 日賣超個股1. 投信連續賣超 3 日的股票(6153) 聯電、(2345) 開發金、(2337) 喬山、(8046) 台聚、(2316) 帆宣2. 投信連續賣超 2 日的股票(6153) 嘉聯益、(8046) 南電、(2345) 智邦、(4958) 臻鼎 - KY、(2892) 第一金3. 投信當日 (1) 賣超的股票(6153) 嘉聯益、(8046) 南電、(2345) 智邦、(3443) 創意、(3376) 新日興
861,2019/11/01,◆投信連續3日買超個股,投信連續 3 日買超個股1. 投信連續買超 3 日的股票(6269) 台郡、(3037) 欣興、(2313) 華通、(2392) 正崴、(2454) 聯發科2. 投信連續買超 2 日的股票(6269) 台郡、(2313) 華通、(3037) 欣興、(2317) 鴻海、(2392) 正崴3. 投信當日 (1) 買超的股票(6269) 台郡、(2313) 華通、(2317) 鴻海、(3037) 欣興、(6257) 矽格
862,2019/11/01,◆外資連續5日賣超個股,外資連續 5 日賣超個股1. 外資連續賣超 5 日的股票(00672L) 元大 S&P 原油正 2、(2409) 友達、(2801) 彰銀、(3481) 群創、(00632R) 元大台灣 50 反 12. 外資連續賣超 4 日的股票(00672L) 元大 S&P 原油正 2、(2409) 友達、(2801) 彰銀、(3481) 群創、(00632R) 元大台灣 50 反 13. 外資連續賣超 3 日的股票(00672L) 元大 S&P 原油正 2、(2801) 彰銀、(2409) 友達、(3481) 群創、(00632R) 元大台灣 50 反 14. 外資連續賣超 2 日的股票(00672L) 元大 S&P 原油正 2、(2801) 彰銀、(2409) 友達、(3481) 群創、(00632R) 元大台灣 50 反 15. 外資當日 (1) 賣超的股票(00672L) 元大 S&P 原油正 2、(2801) 彰銀、(2409) 友達、(2313) 華通、(2885) 元大金
863,2019/11/01,◆外資連續5日買超個股,外資連續 5 日買超個股1. 外資連續買超 5 日的股票(2317) 鴻海、(00637L) 元大滬深 300 正 2、(2330) 台積電、(2303) 聯電、(2891) 中信金2. 外資連續買超 4 日的股票(2317) 鴻海、(00637L) 元大滬深 300 正 2、(2330) 台積電、(2303) 聯電、(2891) 中信金3. 外資連續買超 3 日的股票(2317) 鴻海、(2303) 聯電、(00637L) 元大滬深 300 正 2、(2330) 台積電、(3711) 日月光投控4. 外資連續買超 2 日的股票(2317) 鴻海、(00637L) 元大滬深 300 正 2、(2303) 聯電、(3711) 日月光投控、(2330) 台積電5. 外資當日 (1) 買超的股票(00637L) 元大滬深 300 正 2、(2317) 鴻海、(2303) 聯電、(00633L) 富邦上証正 2、(2330) 台積電
864,2019/11/01,〈鴻海董座開講〉法說11/13登場 劉揚偉接董座後首張成績單揭曉 聚焦四重點,鴻海 () 董事長劉揚偉今 (1) 日透露，預計將於 13 日召開法說並公布財報，這也是他接任董座後的首份成績單，可預期法說將吸引市場不少目光，法人表示，鴻海法說將著重在四大重點，包含鴻海第 3 季財報、劉揚偉接任後的近況、鴻海第 4 季及明年展望、還有印度與越南等地擴產新進度。劉揚偉今日出席「IT×M 高峰論壇」，會後受訪時表示，目前還是得密切關注 12 月中美中關稅的情形，他也透露，目前預計將於 11 月 13 日召開法說會。鴻海旗下子公司近期營運報喜，工業富聯第 3 季稅後純益來到 47.07 億元，季增 80.8%、年增 9.2%，每股純益 0.24 元，富智康更預告第 3 季可望轉虧為盈，加上今年新 iPhone 買氣回溫，都有助鴻海第 3 季獲利表現。值得注意的是，鴻海第 3 季財報，是劉揚偉接任董座後的首個成績單，法人高度關注財報表現與細項，近期市場也傳，第 3 季獲利表現不俗，屆時可望見真章。再者，劉揚偉接董座後，外界也好奇其帶領風格，及整合鴻海各大事業群的進度，還有對整體龐大組織的發展方向。第三，外界多看好，5G 將帶動鴻海網通、雲端設備明後年出貨表現，尤其蘋果傳出明年將推出 5G 版本 iPhone，加上既有 iPhone 11 銷售頻傳捷報，鴻海明年展望也是重點。最後，鴻海近期積極加碼投資印度與越南，在美中貿易戰下，代工廠持續分散風險，創辦人郭台銘也提過，美中貿易戰台灣將受惠，但不能只是在意小利，而要追逐 20 年，鴻海集團作為台灣代工業領頭羊，擴產分散產能的進度，也將成重點。
865,2019/11/01,世芯Q3純益年增24.73% 前3季EPS 4.86元,AISC 廠世芯 - KY() 今 (1) 日公布第 3 季財報，稅後純益 1.16 億元，季增 52.63%，年增 24.73%，每股稅後純益 1.93 元，累計前 3 季稅後純益 2.92 億元，年減 10.43%，每股稅後純益 4.86 元。世芯第 3 季合併營收 9.1 億元，季增 5.2%，年增 4.48%，累計前 3 季合併營收 28.92 億元，年增 8.63%，世芯第 3 季量產業務受新舊產品交替，成長動能趨緩，影響營收僅季增 5%，但產品板塊消長下，NRE(委託設計) 營收比重攀升，帶動稅後純益季增幅逾 5 成。世芯第 4 季受惠中國 CPU 需求提升，加上博弈機晶片開始放量，量產出貨動能較上季升溫，法人估，世芯第 4 季營收將攀全年高峰，季增幅達 2 成。
866,2019/11/01,統一超Q3獲利較去年同期微減 前3季EPS 7.95元,連鎖超商龍頭統一超 () 今 (1) 日公布第三季財報，單季稅後純益 27.72 億元，年減 0.07%，每股純益 2.67 元，累計前三季稅後純益 82.7 億元，年增 4.1%，每股純益 7.95 元。統一超第三季合併營收 660.89 億元，年增 4.9%，營業毛利 227.97 億元，年增 5.13%，毛利率 34.5%，較去年同期成長 0.08 個百分點，不過因營業費用年增近 5.8%，使營業利益 34.06 億元，僅年增 1.54%，營業利益率下滑 0.17 個百分點至 5.15%。統一超說明，今年前三季受惠 7-ELEVEN 持續展店、創新店型推出、鮮食和 CITY CAFE 等消費需求攀升，再加上轉投資企業獲利挹注，合併營收較去年同期成長 4.33%。超商本業部分， 7-ELEVEN 從生活提案出發，今年發揮「X」聯名的力量，目前已有 6 家結合最多複合類型的「Big7」門市，做出超商的差異化並帶動來客和營收成長。對於超商的「黑金」項目，CITY CAFE 正深耕精品咖啡市場，目前「CITY CAFE PREMIUM」店數已突破 1200 店，超越今年 1000 店目標，並首度結合 7-ELEVEN APP 推出咖啡抽抽樂活動，帶動來客攀升。轉投資事業上，菲律賓 7-ELEVEN 維持展店腳步，9 月底已達 2726 店，在當地超商市占率超過 60%；星巴克則持續深化精品咖啡經營，業績穩定成長。進入第四季後， 7-ELEVEN 將持續掌握聖誕節、跨年、農曆年前送禮等重大節令商機，搶攻冬季體感商機，期望掀起另一波消費需求。
867,2019/11/01,新鼎擬斥7.4億元 取得萬鼎99.05%股權,新鼎（5209-TW）今（1）日召開重訊宣布，經董事會決議以每股 30 元，斥資 7.4 億元，取得萬鼎 99.05% 股權。新鼎表示，藉由投資萬鼎，未來業務可望擴及智慧建築與智慧園區，盼帶動營運成長及獲利表現。新鼎和萬鼎同屬國內最大統包工程承攬商中鼎（9933-TW）集團，新鼎董事會決議通過以每股 30 元，總交易金額約 7.4 億元，取得萬鼎公司 99.05% 股權，以擴大專業領域提升市場競爭力。新鼎以儀控及機電設計起家，業務方面主要經營石化、軌道及高科技業之自動化、推動工業 4.0 協助產業推動數位化與智能化，包括節能、減排、製程優化與安全、物聯網等。新鼎指出，雖然擁有扎實的儀控機電工程基礎與先進創新的智能技術，但因侷限於本身現有核心能力與專業的限制，無法順利突破市場限制取得特定製程統包工程的承攬資格，也造成近幾年來營收一直無法大幅突破。新鼎表示，智慧建築與智慧園區等工程是萬鼎主要發展方向，不管在業務領域或是設計與顧問專業技術方面，都是新鼎現階段與未來發展所欠缺的一塊拼圖，因此，未來藉由雙方專業的結合，可望建立更全面性的智慧核心專業，並提供特定製程統包工程總體解決方案，以促進公司營運成長，並創造更高更穩定的獲利。
868,2019/11/01,華新Q3純益跌破1億元關卡 近4年半新低 前3季EPS 0.66元,華新麗華 () 今 (1) 日公佈第 3 季財報，受到不鏽鋼景氣慘淡影響，營運大幅縮水，稅後純益跌破 1 億元大關、僅 8846 萬元，創近 4 年半新低，年減逾 9 成，每股純益 0.03 元；累積前 3 季稅後純益 22.11 億元，年減 79%，每股純益只剩 0.66 元。華新麗華第 3 季營收 299.31 億元，季減 19.4%、年減 34%；毛利率 6.53%，季增 1.3 個百分點、年增 1.6 個百分點；營利率 2.3%，季增 0.6 個百分點、年增 0.75 個百分點；稅後純益 8846 萬元，季減 94.5%、年減 97%；每股純益 0.03 元。華新麗華累積前 3 季營收 1041.15 億元，年減 29.4%；毛利率 5.58%，年減 4 個百分點；營利率 2.05%，年減 5 個百分點；稅後純益 22.11 億元，年減 79%；每股純益 0.66 元。展望後市，法人表示，將觀察華新在中國南京「璟園」第 3 期住宅案，若順利銷售、交屋，每戶單價最高達 4000 萬元，則有望讓營運回溫。
869,2019/11/01,外資簇擁台股週線連三紅 慎防漲多賣壓出籠逆襲,外資持續湧入推升台股持續攻高，週線連三紅，全體上市公司總市值增加 3164 億元共 34.5 兆元，投信表示，台股多頭格局仍在，但觀望氛圍導致交易量縮，盤勢狹幅整理，後市須觀察產業庫存與財報表現，並留意部分個股漲多的獲利了結賣壓。台股今 (1) 日在鴻海與鴻家軍拉抬下，指數終場上漲 40 點收在 11399.53 點，單週上漲逾百點，產業類股以電子類漲幅 4.17% 居冠，電器電纜類指數單週下跌 0.94% 較為疲弱。權值龍頭股台積電股價本週一度站上 300 元天價，除成為推升大盤的功臣外，也讓半導體族群成為本週交易熱門標的，單週交易金額共 1757.49 億元，成交金額占上市股票約 27%。另外，電子零組件成交金額 1491.91 億元、占比約 23.59%；光電族群成交金額 640 億元、占比約一成。富蘭克林華美投信表示，台股本週先由電子權值股領盤上攻，大盤指數一度衝上 11428.42 點波段新高，但下半週起獲利了結賣壓壓抑盤勢，電子股漲多拉回，改由觀光、水泥、汽車與紡織等傳產族群接棒發動漲勢。安聯台灣科技基金經理人廖哲宏表示，台股本週靠基本面與資金面等挹注持續挑戰新高，但短線需留意高檔獲利調節壓力，整體而言在重要指標股表態撐腰下，維持偏多格局。在技術面上，安聯台灣智慧基金經理人鍾安綾分析，大盤指數強勢在 5 日線緩步向上作為近期支撐，後續要觀察未來兩季電子業庫存水位，原因在於在美中關稅戰的不確定性下，供應鏈拉貨節奏混亂，零組件為提前備貨或是真實需求難以釐清，因此第三季與第四季財報呈現的庫存水位值得留意。富蘭克林華美第一富基金經理人林彥豪認為，台股雖呈現狹幅整理但基本面不差，應有機會持續墊高。受到國外大廠蘋果、臉書財報激勵，台灣相關企業展望樂觀，加上預期明年 5G 產業成長性可期，包括半導體、IC 設計等股價表現亮眼。林彥豪提醒，時序進入第 4 季，不少個股股價已經反映明年預期表現，應特別留意漲多風險，宜分散布局。
870,2019/11/01,M17 集團宣布併購MeMe直播 集團營收朝10億美元邁進,亞洲最大社交娛樂集團 M17 集團今 (1) 日宣布，正式併購由趣加 FunPlus 投資、經營亞太區直播市場的 MeMe 直播，未來將結合雙方平台資源、內容創作者與用戶，併購 MeMe 直播後，M17 集團在亞洲直播產業市佔率將一舉突破 6 成，也將加速全球佈局及拓展據點的腳步。M17 集團共同創辦人暨執行長潘杰賢表示，目前 M17 集團在亞太區，包括台灣、日本和香港直播市場，市佔率均為第一，未來將朝整合全球直播市場、擴大新市場及持續創新內容三大策略方向投入，此次 MeMe 直播加入，是達成目標的重大決定之一。M17 集團近年致力於推動多元內容創作，並努力開拓海外市場，包括日本及近期剛成立據點的美國。MeMe 直播納入 M17 集團後，除能豐富集團旗下的直播平台與內容，其於印度市場的耕耘，也將協助 M17 集團拓展營運版圖至印度，跨足發達亞洲區域，集團年營收也朝突破 10 億美元目標邁進。M17 集團成立於 2017 年 4 月，目前集團旗下擁有 17 Media、Paktor 拍拖、HandsUP 直播電商、由你娛樂等品牌。併購完成後，集團旗下的兩大直播品牌 17 Media 與 MeMe 將各自獨立營運，但會結合雙方的技術及經驗，水平整合應用，擴大人才與資源的交流，產生營運綜效，發展更多創新可能。
871,2019/11/01,〈瑞昱法說〉Q4不淡營收估減5%內 明年續成長增幅少於今年,IC 設計大廠瑞昱 () 今 (1) 日舉辦法說會，發言人黃依瑋指出，第 4 季消費性產品需求趨緩，但網通受惠標案挹注，成長強勁，加上 TWS(真無線藍芽耳機)需求回升，整體營運雖較第 3 季下滑，但減幅有限，法人估，瑞昱第 4 季營收季減幅 5% 內，營運淡季不淡，明年也將持續成長，不過增幅少於今年。法人估，瑞昱第 4 季營收將持穩 150 億元，全年營收可望逾 590 億元，逼近 600 億元大關，創新高，較去年成長逾 25%。展望明年，黃依瑋認為，明年將以二大面向為主，首先，將既有產品優化，包括降低成本、提高對應用的掌握度等，再者，將既有產品搭配新應用，擴張應用廣度，預計明年營收將繼續成長，但成長幅度低於今年。黃依瑋表示，瑞昱第 4 季產品結構改變，電視、PC 等消費性需求較上季趨緩，網通則因中國標案挹注，較上季成長，TWS 市場需求也回溫，雙引擎驅動下，淡季效應可望減少許多，法人看好，隨著消費性等低毛利產品比重下滑，瑞昱第 4 季毛利率可望回升至上季水準，約 44%。以產品來看，黃依瑋指出，電視晶片目前 4K 的出貨比重遠大於 2K，且產品持續優化下，毛利率雖較公司整體低，仍可維持一定水準，TWS 方面，目前已轉往中高階市場發展，也推出 ANC(主動式降噪) 功能，提高產品附加價值，惟客戶接受度較公司預期慢，但蘋果推出 AirPods Pro 後，市場可望跟進，預計明年第 1 季是觀察重點。WiFi 方面，仍以 802.11 ac 為主，占 WiFi 相關的營收比重約 52%，主要應用在 PC、標案， 802.11 n 則以物聯網為主要應用，而最新規格的 802.11 ax，黃依瑋則坦言，明年將有產品問世，但營收貢獻不多，預計 2021 年才開始放量出貨。此外，市場關注 UWB(超寬頻) 技術，黃依瑋表示，蘋果使用 UWB 主要是應用在精準的室內定位，此技術 WiFi、Bluetooth(藍芽) 皆有相似功能，且 UWB 的國際標準尚未制定完成，未來仍以有國際標準的產品為主，目前也沒有客戶提出相關要求。
872,2019/11/01,中國長假影響 毅嘉10月營收5.56億 月減5%,毅嘉 () 今 (1) 日公佈自行結算 10 月合併營收 5.56 億元，月減 5%、年減 25%，毅嘉表示，由於中國十一長假工作天數縮減，導致 10 月營收下滑，但車載、光通訊產品持續穩定出貨，本季獲利仍可期。毅嘉自行結算 10 月合併營收 5.56 億元，月減 5%、年減 25%；累積前 10 月合併營收 52.1 億元，年減 14%；產品營收方面，機構整合元件 1.48 億元，月減 9.2%、年減 26%；軟板整合元件 4.11 億元，月減 2.6、年減 24%。毅嘉日前公佈第 3 季自結，合併營收 16.6 億元，季增 5%、年減 14.9%；毛利率 13%，季增 1.4 個百分點、年增 1.6 個百分點；營利率 7.1%，季增 2.5 個百分點、年減 1.1 個百分點；稅前純益 1.07 億元，季增 5.9%、年增 15%。毅嘉累積前 3 季毛利率 11%，年增 5 個百分點；營利率 4.4%，較去年同期轉為正數；稅前純益 2.1 億元，年增 2.5 倍。展望本季，毅嘉表示，消費性電子產品旺季需求已趨於保守，不過，依現有的訂單排程，加上車載及光通訊等利基型產品穩定出貨，有望延續第 3 季獲利表現。
873,2019/11/01,湯石照明Q3雙率再創高 EPS 0.84元近6季高點,LED 燈具廠湯石照明 () 今 (1) 日公告第 3 季財報，受惠成本管控效益顯現，加上設計代工業務持穩，且毛利率表現較佳的自有品牌業務，營收占比續拉升，雙率再創高，單季稅後純益 3300 萬元，季增 1.38 倍，年增逾 5%，每股純益 0.84 元，為近 6 季高點。前 3 季稅後純益 6763 萬元，年減 65%，每股純益 1.72 元。湯石照明第 3 季合併營收 2.84 億元，季減 3.4%，年減 1.27%，毛利率 38.57%，季增 0.14 個百分點，年增 4.49 個百分點，營益率 15.57%，季增 0.48 個百分點，年增 5.8 個百分點；稅後純益 3300 萬元，季增 1.38 倍，年增 5.79%，每股純益 0.84 元。湯石照明前 3 季累計營收 8.04 億元，年增 1.32%，毛利率 37.63%，年增 3.88 個百分點，營益率 13.82%，年增 5.86 個百分點；稅後純益 6763 萬元，年減 65.2%，每股純益 1.72 元。湯石照明近年營運採「設計代工」與「自有品牌」雙軌並進，目前 ODM 產品營收占比達 8 成，OBM 則約 2 成。在 OBM 產品獲利結構較佳帶動，加上中國降稅減費、成本管控效益顯現下，湯石第 3 季雙率再改寫新猷。展望後市，由於湯石 ODM 業務持穩，且 OBM 品牌營收占比持續拉升，可帶動毛利率提高，雖然品牌業務費用高，不過本業損益仍維持穩定，且業外轉投資對獲利影響逐漸減少，預期下半年營運將優於上半年，法人估湯石全年營收年增上看 3%，每股純益可望達 2.5 元。
874,2019/11/01,台灣高鐵對北市府提行政訴訟 最高法院駁回發回台北高等行政法院,台灣高鐵 () 對台北市政府所提行政訴訟，最高行政法院判決今 (1) 日出爐，結果為原判決廢棄，發回台北高等行政法院，台灣高鐵表示，將配合法院通知進行後續訴訟程序，對公司財務無重大不利影響。台灣高鐵說明，台北市政府於 2014 年 12 月 23 日對高鐵北區運轉課進行勞動檢查，認為公司未依法給加班費及未給予應放假之日，違反勞動基準法第 24 條及第 37 條規範，並於 2015 年 3 月 3 日對高鐵分別裁罰 15 萬元整，合計 30 萬元整。台灣高鐵對此行政處分不服，提起訴願，經勞動部訴願審議委員會駁回後，向台北高等行政法院提起行政訴訟，請求撤銷前開行政處分及其訴願決定，而後又遭台北高等行政法院審理後駁回，台灣高鐵不服再向最高行政法院提起上訴。台灣高鐵進一步說明，已針對本案所涉影響的加班費金額提列負債準備，未來將視法院確定判決結果，依公司和員工簽署的協議書辦理，對公司財務尚無重大不利影響。
875,2019/11/01,研華Q3、前3季純益雙衝高 前3季EPS 8.08元,工業電腦大廠研華 () 今 (1) 日公告第 3 季財報，在應用電腦事業群 (ACG)、網路暨通訊事業(NCG) 大幅成長、中國市場回溫等因素帶動下，稅後純益 21.4 億元，季增 13%、年增 25.1%，每股純益 3.06 元；前 3 季稅後純益 56.51 億元，年增 25.6%，每股純益 8.08 元，第 3 季與前 3 季純益與每股純益皆創歷史新高。研華第 3 季營收 143.82 億元，季增 2.9%、年增 16.4%；毛利率 39.61%，季增 0.9 個百分點、年增 1.09 個百分點；營益率 18.3%，季增 1.61 個百分點、年增 2.91 個百分點；稅後純益 21.4 億元，季增 13%、年增 25.1%，每股純益 3.06 元。研華累計前 3 季營收 406.59 億元，年增 11.8%、毛利率 38.94%，年增 0.74 個百分點、營益率 16.78%，年增 1.69 個百分點、稅後純益 56.51 億元，年增 25.6%，每股純益 8.08 元。研華無論是第 3 季或是前 3 季的營收、獲利均來到歷史新高，公司表示，進入第 3 季後，中國市場需求轉好，但歐洲營收轉弱，全年營收成長可能仍落後於年初預期。不過，研華受惠營運規模擴增、原物料價格趨弱、費用優化等因素，獲利率仍維持一定水準。以研華各事業群表現來看，受惠今年 2 月併入 ATJ，帶動應用電腦事業群 (ACG) 營收年增 67% 最為突出，其次為網路暨通訊事業群 ( NCG) 年增 18%，嵌入式運算核心事業群 (EIoT) 則年增 8%，符合公司預期。智能服務事業群 (SIoT) 營收則成長 2% YoY，雖低於公司預期，但第 3 季後動能恢復，呈現季增，工業物聯網事業群 (IIoT) 由於受惠於中國市場基礎建設於第 3 季開始加溫，累計營收衰退縮減到 2%。
876,2019/11/01,台新證擬與南京紫金投資集團設立合資證券公司,台新金 () 今 (1) 日公告，董事會通過旗下台新綜合證券擬與南京紫金投資集團，簽署非拘束性合作備忘錄，雙方將就設立合資證券公司進行合作，不過，後續投資尚需經主管機關核可。據了解，台新證與南京紫金投資集團的合作，雙方已洽談一段時間，此次簽訂合作備忘錄，是為了之後可繼續合作細節討論，不過，台新金仍須先通過台灣主管機關的同意。台新金近年積極拓展承銷業務，由於擁有專業的團隊，據悉其有意擴大服務觸角，藉由合資證券公司進一步服務在中國的台商，同時，也可望拓展經紀業務。據券商公會資訊，目前國內已有不少券商和中國當地金融機構有業務上的交流，並設立辦事處，不過，設立合資證券公司的案例相當少，目前進行的還有統一證券於 2016 年與廈門金圓投資集團合資設立全牌照證券公司，仍等待審批中。
877,2019/11/01,9月大量解僱1528人 單一貨運公司資遣逾900人,勞動部今 (1) 日公布 9 月大量解僱 1528 人，共通報 19 件，其中以運輸及倉儲業的 915 人最多，據了解，這是同一家貨運公司解僱導致。另外，勞動部也公布最新一期實施無薪假事業單位，總計 47 家，人數達 2040 人。根據勞動部統計，今年 9 月通報 19 件大量解僱案共 1528 人，較上月大增 555 人，其中以運輸及倉儲業 915 人最多，醫療保健及社會工作服務業 296 人居次，製造業則有 163 人。據勞動部官員透露，運輸及倉儲業資遣逾 900 人，主要來自一間貨運公司要轉型退出貨運業，4 月就已經通報大量解僱計畫書。另外，醫療保健及社會工作服務業有近 300 人遭到資遣，則是一家醫院歇業導致。同時，勞動部今日也公布最新一期無薪假統計，截至 10 月底止，實施無薪假事業單位總計通報 47 家 2040 人，與上期 (截至 10 月中旬) 相比，停止實施 2 家，但又新增了 10 家，累計增加 44 人。以實施無薪假產業別來看，金屬機電工業仍是最大宗 1172 人，但未見明顯增加；資訊電子工業 476 人居次，較上期增加 54 人。
878,2019/11/01,宇瞻Q3純益季增81% 創逾6年新高 EPS 1.34元,記憶體模組廠宇瞻 () 今 (1) 日公告第 3 季財報，受惠旺季需求帶動，加上記憶體價格止跌回升，市場需求增溫、獲利攀揚，單季稅後純益達 1.35 億元，季增 81%，年增 39%，創近 25 季來新高，每股純益 1.34 元；前 3 季稅後純益 2.77 億元，年減 5.75%，每股純益 2.74 元。宇瞻第 3 季合併營收 18.29 億元，季增 2.06%，年減 20.82%，毛利率 23.32%，季增 5.51 個百分點，年增 8.69 個百分點，營益率 10.48%，季增 5.13 個百分點，年增 5.34 個百分點；稅後純益 1.35 億元，季增 81.15％，年增 39.2%，每股純益 1.34 元。宇瞻前 3 季累計營收 55.64 億元，年減 22.9%，毛利率 18.75%，年增 4.89 個百分點，營益率 6.73%，年增 1.74 個百分點；稅後純益 2.77 億元，年減 5.75%，每股純益 2.74 元。展望全年，宇瞻表示，今年不太容易達到過去上半年營收占比 4 成、下半年 6 成的營運軌跡，可能是上半年 45%、下半年 55%，雖然營收成長有限，但預期在客戶設計導入 (design-in) 與取得訂單 (design-win) 帶動下，獲利表現將更佳。
879,2019/11/01,三大法人斥近百億元買超台股 押寶陸股ETF、鴻海,台股今 (1) 日靠鴻家軍拉抬維繫多頭格局，指數上漲 40.82 點收在 11399.53 點，三大法人外資與自營商持續買超台股，合計買超金額共 99.12 億元，同步押寶陸股，元大滬深 300 正 2 獲買超 9.4 萬張，鴻海也獲買 5.3 萬張。台股攻高至 29 年高點，投資人居高思危開始觀望，今天成交量降至 1332.48 億元，不過三大法人持續正向看待台股，僅投信賣超 2.98 億元，外資、自營商仍持續買超，前 5 大買超標的鎖定陸股 ETF 與鴻海。外資買超前五大個股中，元大滬深 300 正 2 獲買超 4.8 萬張居冠，鴻海則以 4.7 萬張緊追在後，聯電獲買超 3.4 萬張、富邦上証正 2 獲買超 1.1 萬張，台積電獲買超 6384 張。外資賣超前五大標的分別為，元大 S&P 原油正 (7.6 萬張)、友達 (1.4 萬張)、華通 (1.03 萬張)、元大金 (8307 張)、國泰金 (7474 張)。自營商今天買超標的主要瞄準指數股票型基金，前四大買超標的分別為，元大滬深 300 正 2(4.5 萬張)、元大 S&P 原油反 1(1.6 萬張)、元大美債 20 正 2(6469 張)、國泰中國 A50 正 2(5808 張)，鴻海獲買超 5077 張。賣超前五大標的為：元大 S&P 原油正 2(6 萬張)、元大高股息 (5118 張)、元大 S&P 石油 (3234 張)、長榮 (1396 張)、富邦美國特別股 (1091 張)。投信買賣超主要鎖定電子族群，買超前五大分別為：台郡 (2086 張)、華通 (2060 張)、鴻海 (1295 張)、欣興 (788 張)、矽格 (774 張)；嘉聯益 (5919 張)、南電 (2976 張)、智邦 (1545 張)、創意 (927 張)、新日興 (829 張)。
880,2019/11/01,〈5G論壇〉政府擬放寬三共 中華電：共頻全球少有案例恐難實行,下個月即將競標 5G 頻譜，政府擬放寬共頻、共網、共建 (三共)，中華電 () 行動通信分公司總經理陳明仕今 (1) 日表示，共頻難以執行，因為背後有複雜的技術，管理層面難控制，全球也少有類似案例。據 NCC 規劃，為讓未得標的頻譜業者，能與其他業者共頻、共網，擬放寬三共原則，其中主頻段 3.5GHz 共頻上限為 100MHz、28GHz 頻段共頻上限為 800MHz，多餘頻譜則彈性開放業者轉讓、轉售等。陳明仕對此表示，偏鄉地區已開始實施共網、共建，但最難的是共頻，就技術層面來看，5G 是疊加在 4G 上，設備的廠牌需相容，與其他業者討論分配建置也需長時間討論，雖然政府積極推動三共，但技術複雜、牽涉太多議題，且全球幾乎沒有國家實施共頻。陳明仕指出，最快明年年中 5G 可望開台，但照目前首波 5G 頻譜來看，3.5GHz 頻段釋出 270MHz 頻寬，1 家電信商至少需要 60-100MHz 頻寬，5G 效益才夠顯著，台灣共有 5 家電信商，最少要 300MHz 頻寬才能滿足各家需求。未來布局方面，陳明仕表示，開台後的商用服務，會先以科技發展、人口密集的區域為主，後續再逐步擴展。
881,2019/11/01,〈瑞昱法說〉Q3、前3季純益雙創高 前3季已賺逾一股本 EPS 10.12元,IC 設計廠瑞昱 () 今 (1) 日舉辦法說會，並公布財報，第 3 季稅後純益 19.22 億元，季增 4.2%，年增 11.7%，每股稅後純益 3.78 元，前 3 季稅後純益 51.46 億元，年增 58.1%，每股稅後純益 10.12 元，獲利表現亮眼，第 3 季及前 3 季稅後純益、每股純益皆創歷史新高，前 3 季更已賺逾一個股本，表現相當亮眼。瑞昱第 3 季合併營收 160.43 億元，季增 5.7%，年增 32.7%，毛利率 42.9%，季減 1.4 個百分比，年減 4.1 個百分比，營益率 10.4%，季減 0.6 個百分比，年減 0.2 個百分比，稅後純益 19.22 億元，季增 4.2%，年增 11.7%，每股稅後純益 3.78 元。瑞昱前 3 季 440.59 億元，年增 30.11%，毛利率 43.7%，年減 0.88 個百分比，營益率 10.3%，年增 1.87 個百分比，稅後純益 51.46 億元，年增 58.1%，每股稅後純益 10.12 元，賺超過一個股本。瑞昱第 3 季全產品線成長，帶動營收創高，其中三類產品表現最好，包括電視、乙太網路、音頻晶片，電視因週期性旺季帶動，乙太網路受惠 IP Cam 及 PC 動能轉強，出貨增溫，音頻晶片在 PC、非 PC 產品表現同樣亮眼，至於毛利率，由於低毛利消費性產品出貨比重增加，影響毛利率較上季滑落。
882,2019/11/01,頻率元件雙雄前3季純益 晶技微幅成長 希華衰退,頻率元件廠晶技 ()、希華晶體 () 陸續公布今年前 3 季財報，其中晶技稅後純益 4.49 億元，較去年微幅成長，每股純益 1.45 元；而希華稅後純益 1.28 億元，年減 34 %，每股純益為 0.8 元。法人估，晶技全年每股純益將達 2.2 元，可望優於去年 2.08 元。希華 2019 年第 3 季營收 6.23 億元，毛利率為 22.56%，季增 1.36 個百分點，年減 2.14 個百分點，稅後純益 5379 萬元，季增 24.99%，年減 17.3%，單季每股純益為 0.34 元。希華 2019 年前 3 季營收 17.29 億元，毛利率為 21.7%，年增 0.04 個百分點，稅後純益為 1.28 億元，年減 34.05%，每股純益為 0.8 元。晶技第 3 季營收 24.28 億元，改寫 11 季以來新高，雖然第 4 季看法略為保守，但法人估計，晶技 2019 年營收與獲利，都將較 2018 年回升，法人估，晶技全年每股純益將達 2.2 元，優於去年 2.08 元。晶技受惠網通、手機高階應用產品出貨順暢，小型化元件 1008 產品也順利出貨，受惠主要手機品牌廠大舉推出旗艦機，及中國廠商十一長假提前拉貨，9 月營收攻高到 8.45 億元，寫 33 個月來新高。由晶技歷年營收走勢來看，第 4 季營收可能較第 3 季下滑，但法人指出，晶技前 3 季營收 59.96 億元，追平去年同期，今年營收將可超越去年的 81.56 億元營收水準。
883,2019/11/01,台股10月大漲炒熱權證 單月交易額465億元繳出雙成長佳績,台股 10 月大漲連帶炒熱權證行情，證交所統計，10 月受託交易權證金額 465.6 億元，分別較前月、去年增加 1 成；累計前 10 月受託交易權證金額共 4028.7 億元，較去年同期減少 29%。台股在資金行情簇擁下，大盤指數站上近 29 年新高，單月指數大漲 529 點，成交量也放大至 2.7 兆元，台股交投熱絡也讓權證交易金額跟著成長，單月發行認購權證檔數合計 2855 檔、發行金額共 343 億元，受託交易金額共 465.6 億元，較前月增加 12%。證交所統計，10 月熱門為推升台股衝高的台積電，單月發行檔數 156 檔居冠，台股指數發行檔數 135 檔居次，另外，包括聯發科、鴻海與大立光等權值龍頭股也是市場追逐重點。累計前 10 月熱門標的則以台股指數 1031 檔居冠、台積電 941 檔、大立光 909 檔緊追在後，另外，鴻海、國巨、聯發科等主要權值股也是今年以來權證市場的熱門標的。證交所統計，受託交易前五大券商分別為：元大證券 1418 億元、群益金鼎證券 1197 億元、凱基證券 1071 億元、永豐金證 766.7 億元、元富證券 766.6 億元。
884,2019/11/01,11月天然氣價格連5降 桶裝瓦斯再凍漲,中油今（1）日宣布，從明（2）日凌晨零時起，11 月份液化石油氣（桶裝瓦斯）維持凍漲，天然氣價格則平均調降 4.72%，呈現連 5 個月降價，一般家庭用戶每月可望省下 22.5 元。中油指出，依據政府核定的天然氣價格公式計算，國內天然氣價格從 2 日起平均調降 4.72%，其中，公用天然氣事業 NG(1) 每立方公尺調降 0.5 元，以家庭用戶月平均用量約 30 至 45 立方公尺計算，每月減少約 15 至 22.5 元支出。中油表示，11 月份家用液化石油氣、工業用丙烷、丁烷、混合丙丁烷及車用液化石油氣價格皆不予調漲。針對液化石油氣的部分，國際價格呈現有漲有跌，不過，本月國際液化石油氣合約價 CP 較上月上漲，原本每公斤應調漲 0.7 元，但為照顧民生及避免對物價造成衝擊，決議價格不調漲，未調足之 0.7 元，由中油暫時吸收，加計 10 月起已吸收的每公斤 2.9 元，累計達 3.6 元，將於日後跌價時回補。
885,2019/11/01,全新Q3純益季增6% 近13季新高 前3季每股賺2.11元,砷化鎵廠全新 () 今 (1) 日公告第 3 季財報，受惠客戶手機新品帶動射頻元件 (RF)、VCSEL 需求持續提升，單季稅後純益達 1.53 億元，季增 6.25%，年增約 1.26 倍，創近 13 季新高，每股純益 0.83 元。前 3 季稅後純益 3.88 億元，年增 21.73%，每股純益 2.11 元。全新第 3 季合併營收 6.98 億元，季增 12.7%，年增 24.9%，毛利率 40.91%，季減 0.51 個百分點，年增 4.26 個百分點，營益率 27.43%，季增 1.32 個百分點，年增 9.15 個百分點；稅後純益 1.53 億元，季增 6.25%，年增約 1.26 倍，每股純益 0.83 元。全新前 3 季累計營收 17.88 億元，年增 13.61%，毛利率 41.75%，年增 4.13 個百分點，營益率 25.9%，年增 2.56 個百分點；稅後純益 3.88 億元，年增 21.73%，每股純益 2.11 元。展望本季，全新預期，客戶需求仍維持高檔，對明年樂觀看待，將有三大動能帶動成長，包括 5G 手機數量提升、Wi-Fi6、ToF(飛時測距) 安卓手機滲透率提升等。全新表示，從客戶需求看來，明年第 1 季動能強勁，並預期在明年 2 月世界行動通訊大會 (MWC) 上，各安卓陣營都會推出 5G 搶市，已有部分廠商需求浮現。
886,2019/11/01,〈5G論壇〉陳柏諭：5G將帶動內容產業升級 但短期難有爆炸性發展,宏達電 () 台灣區總經理陳柏諭今 (1) 日表示，5G 時代來臨後，產業將開始改變，尤其是在 B2B 領域，包括智慧醫療、智慧城市與智慧交通等，內容產業也將大翻轉，如 8K、6D、邊緣運算等，雖然明年年中 5G 可望開台，但應用不會立刻落地，短期難爆發性成長。陳柏諭今日出席「IT×M 高峰論壇」，以「5G 改變 VR 和擴增實境 (AR) 新格局： 5G VIVE Reality」，分享 HTC 發展 VR 的過程。陳柏諭指出，2G 時代為簡訊的傳送，3G 是可以傳輸照片圖像，4G 已開始有不一樣的生活型態，儘管明年中台灣 5G 開台，但基地台、相關設備的建置，仍需要時間，因此，短期內應用難有爆炸性發展，若要有也得視市場發展而定。陳柏諭表示，5G 首波商機將先在 B2B 市場發酵，HTC 看好智慧醫療、教育領域，透過與醫院合作，讓病患使用 VR 完成自身無法體驗的過程，或是透過 VR 達到偏鄉遠端教學等，此外，5G 將會帶動內容產業升級，包括 8K、360 度全景、6D 等。陳柏諭指出，5G 不應只注重速度、傳輸容量、手機硬體設備，而是透過 5G 帶來全新的體驗模式與環境。
887,2019/11/01,日月光結合高雄市教育局、高科大 推動永續城鄉教育深耕計畫,日月光文教基金會結合國立高雄科技大學與在地社區資源，共同推動永續城鄉教育深耕計畫，發掘創新可行方案，至今已邁入第 4 年，今 (1) 日起至 3 日將在駁二藝術特區蓬萊 B4 倉庫，舉辦「2019 永續城鄉＆綠能校園計畫展覽會」，展示年度豐碩成果。「永續城鄉深耕教育計畫」響應聯合國永續發展目標 (SDGs)，以文化保護、災害防治、環境管理、區域發展等永續議題，強化學校師生與社區連結，共同創造美好願景與未來發展，並結合高雄市教育局「綠能校園」計畫，及水土保持局、大學 USR 計畫等，結合靜態展示與互動闖關活動，提供一系列友善環境及永續發展藍圖。今年「永續城鄉深耕教育計畫」以「SDGs11 - 永續城市及社區」為主題，橫跨高雄市 15 個行政區，與 19 所國中小學組成聯盟，在文化保護面向，有荖濃國小的大武壠 (平埔族) 古調新唱與文化探源及廣興國小的廣興國際染旅計畫；災害防治面向，中正國小與小林國小分別以地震與水災，帶領學童對環境的認識及災害的預防。環境管理面向，文府國小與鹽埕國中設有完善的空氣品質教學中心，讓學童與社區居民了解空氣污染的項目及預防；區域發展面向，興仁國中以前鎮造船產業與教育連結，帶領學生認識海洋與船舶木工文化並與社區連結，打造前鎮在地特色。透過專案，讓學童更加認識成長的土地、瞭解自己的故鄉，提升對家園、對環境的關注與永續發展。日月光集團 () 資深副總周光春表示，日月光重視企業永續經營，近年更連結 SDGs 永續發展目標，是投入企業社會責任的重要依據，為號召更多校園及在地企業共同響應，自 2016 年起展開「永續城鄉深耕教育計畫」，今年首度與國立高雄科技大學合作，盼能結合大學的學研能量，協助各級學校將「城鄉發展」議題導入校本課程，並輔導各地國中小學，能各自化為「社區創生」的發展與推動中心。本次展覽另外結合高雄市教育局「綠能校園計畫」的 17 所國中小學，以空品教育、減塑教育、能源教育、永續校園、課程繪本等主題，展出已有具體成果的教育亮點。日月光集團與教育局盼透過本次展覽，促成更多資源串聯，形成更多跨校、跨領域、跨部門、跨世代永續合作模式。
888,2019/11/01,〈鴻海董座開講〉劉揚偉：5G快速成長 造就最好但也是最壞的時代,鴻海 () 董事長劉揚偉強調，5G 技術發展讓現在成為「最好的時代」，但因為成長速度太快「也是最壞的時代」，若現在跟不上，後面就很難保有競爭力。劉揚偉今日出席「IT×M 高峰論壇」，並以「5G 時代的變局與機會」發表專題演說，分享鴻海在面對 5G 時代的企業經營方向。他強調，5G 是 100 倍速的時代，同時也啟動了工業 4.0 時代，最關鍵的轉變就在數位轉型。根據 IHS Markit 最新市場評估數據指出，2035 年時，全球 5G 產值高達 12.3 兆美元，相當於 2016 年美國消費者全部支出，超過中國、日本、德國、英國、法國同年消費支出總和，而台灣可掌握的價值鏈，可望達到 1340 億美元。劉揚偉認為，現在是最好的時代，但也是最壞的時代，5G 帶動很多契機，但也因為 5G 發展不像過去 10 年、20 年的電腦產業是慢慢穩定成長，因此，如果 5G 現在跟不上，後面就很難保有競爭力。因應 5G 來臨，鴻海也大力推動數位轉型，劉揚偉透露，目前配合對象是全球第 1、2 大的，但對方也說，全球有 7 成企業是數位轉型失敗、堅持不下去，因為數位轉型必須要投入大量資源、人力，但若不做或是決策錯誤，都將跟不上新技術的發展。劉揚偉指出，目前也要求同仁們除了去探討 5G 的技術、應用及問題外，也同時要求也要思考 6G，雖然何時進入 6G 不知道，但至少要知道未來可能怎麼發展。
889,2019/11/01,受惠台商回台 潤弘接案量增 下半年入帳金額大成長,營建廠潤弘精密 () 總經理莫惟瀚今 (1) 日指出，潤弘精密與客戶簽訂各項工程合約，在客戶要求快速完工影響下，潤弘精密員工人數已由去年 600 人增加到今年 700 人，且各項工程今年初大量開工下，預計今年下半年入帳金額將明顯增加。美中貿易戰影響下，許多科技業台商想把整個廠搬回台灣，潤弘的預鑄工法能滿足快速建廠需求，因此紛紛獲得生技、科技業青睞，包含台積電 () 新世代製程晶圓廠需求，以及許多國外科技廠來台，都成為潤弘主要業績成長來源。莫惟瀚指出，科技廠商在台蓋廠，從設計、施工到投產，規劃約在 1 年 6 個月，潤弘精密講究「短、平、快」施工，正符合其需求。潤弘現階段在手建案，總合約金額約 367 億元，今年新簽約工程案量約 116 億元，截至 9 月認列 139.5 億元，尚未認列合約金額為 227.5 億元。莫惟瀚今天在證交所的法說會中指出，潤弘上半年營收 46.72 億元，今年初大量工程開工有利情況下，下半年旺季入帳金額動能將加快，第 3 季單季入帳金額達 30.14 億元，累計前 3 季營收已達 76.86 億元。
890,2019/11/01,攜手宏碁智通 台南市智慧路邊停車計費路段將再擴大,台南市政府將於 11 月 4 日啟用「智慧路邊停車計費系統」第二階段路段，從東區擴大建置至安平區，實際營運智慧總停車格格數將成長至近千格；宏碁 () 旗下宏碁智通董事長萬以寧表示，半年多來的實際營運，已為台南市省下數十萬張停車單紙張，環保節能看得見。宏碁智通指出，智慧停車計時器採車輛偵測、車牌辨識、並自動開單計算停車費，民眾不會在車窗上收到紙本停車單，民眾於智慧停車格內停車結束取車時，可持悠遊卡或一卡通於停車計時器上感應繳費，或下載 App 自動扣款，比起過去需持單至超商繳費更為省時便利。萬以寧表示，半年多的實際營運，已為台南市省下數十萬張停車單紙張，環保節能看得見。研發團隊針對車牌辨識方面，採用 AI 車辨，對於路邊停車行為的車牌辨識精準度更高。台南市交通局長王銘德表示，智慧路邊停車計費系統以停車位資源為基礎，透過結合物聯網、無線通信、人工智慧車牌辨識等技術，讓城市停車位資源聯網化、資訊化、系統化，所蒐集到的停車行為及停車熱區的大數據分析，也讓政府能有效精準預知停車位並引導車流交通。王銘德說明，像是車輛集中在成大醫院周邊，導致車輛排隊等候路邊停車位而造成小東路交通壅塞，但僅僅 5-8 分鐘路程之遙的小東路、長榮路段，空餘停車格卻很多，因此，交通局規劃以智慧停車收集到的完整停車樣態，透過路段空餘位顯示、停車導引及差別費率，鼓勵民眾將車輛移動到其他路段，可減少繞行街道造成的交通壅塞。根據調查，約 9 成的民眾肯定市府實施智慧停車格的政策，而實際使用過的民眾則表示，繳費方式便利及節省繳費時間最有感。宏碁智通也與明泰科技 () 合作，同步精進偵測模組，可準確抓到車輛移動的軌跡及距離，有助於拍照角度更精準，高規格與營運實績也讓智慧路邊停車計費系統獲得 2020 台灣精品獎肯定。
891,2019/11/01,台灣虎航將直飛首爾 成韓國航點最多的國籍航空,看準近年「韓流」，台灣旅客前往韓國旅遊人次逐年增加，台灣虎航 () 今 (1) 日宣布，明年 1 月 3 日將正式開航桃園 - 首爾仁川航線，直飛韓國第一大城，是繼大邱、濟州島、釜山之後的第 4 條韓國航線，為飛韓國航點最多的國籍航空公司。台灣虎航規劃，桃園 - 首爾仁川航線開航初期，預計每周營運 3 班，在首爾仁川航線開航後，台灣虎航將擁有 23 個航點、30 條國際航線。除搶進韓國首爾仁川，台灣虎航計畫明年 3 月底開日本新潟航線，初步規劃每周 2 班，持續密集布局旅遊需求熱絡的東北亞市場。為因應持續擴增的航網，台灣虎航日前宣布，將斥資約 7.3 億美元 (約 228.4 億元) 向空中巴士購買 7 架 A320neo，並租 8 架同款機型，預計 2021 年開始交機。台灣虎航正如火如荼展開 IPO 計畫，目前預定 12 月登錄興櫃，明年第 2 季申請上市，最快預計明年第 4 季掛牌上市。
892,2019/11/01,〈鴻海董座開講〉毛利率「說三道四」太低！ 劉揚偉：千萬不要只做代工,鴻海 () 董事長劉揚偉今 (1) 日表示，企業的產品經理 (PM) 必須要朝創造價值為導向，而不是一昧追求 Cost down (降低成本)，台灣企業必須要改變思維，就如鴻海雖然代工做得很好，但代工業常被批評「說三道四」，毛利率太低，且還有削價競爭壓力，「千萬不要只做代工」。劉揚偉今 (1) 日出席「IT×M 高峰論壇」，以「5G 時代的變局與機會」為題發表演說，並分享產品經理的重要性。劉揚偉表示，過去鴻海只有一種產品，就是代工服務，雖然很強，做到世界一流，但代工是產業鏈最下游，價值不高，且還會面臨削價競爭，毛利率「說三道四」、「太低了」。劉揚偉認為，台灣都把降低成本掛在嘴邊，但西方產品經理很少聽到，而是從解決問題、貼近消費者需求為出發點提升產品價值，如美國多家知名企業 Google、Airbnb、微軟、特斯拉、亞馬遜等，都以解決問題為主。最後，劉揚偉三度強調，「千萬不要只做代工」，技術是手段，產品才是王道，台灣過去重技術，但執行力已不再是問題，受限的想像力才是問題。
893,2019/11/01,北市開第一槍訂自治條例 外送員強制納保、颱風天停止外送,台北市政府開出第一槍，「外送平台業者管理自治條例」草案今 (1) 日出爐，內容包含強制業者為外送員納保，並要求業者在簽定契約後 24 小時內完成，颱風天應停止外送等共計 15 條文，若違反規定可依法開罰最高 10 萬元，草案預計 11 月底送市議會審議。日前接連發生食物外送員車禍身亡，引發輿論關注，北市勞動局長賴香伶表示，雙北外送員共有 3.5 萬人，有義務予以保護，但討論過程中發現外送員作業環境無法適用職安法，因此要靠自治條例來彌補「食物外送作業安全指引」的不足，草案預計 11 月底送市議會審議。副市長蔡炳坤表示，北市率先訂定自治條例，無論業者和外送員是承攬或僱傭關係皆適用。草案強制外送平台業者為外送員投保意外險，內容包含因意外傷害致失能或死亡之保險不得低於 200 萬元，意外傷害之醫療險，實支實付者不得低於 3 萬元，或日額支付者，不得低於每日 1000 元，讓外送員外送安全獲得保障。賴香伶表示，該自治條例共條列 15 條文，罰責部分依地方制度法的規定為 10 萬元以下，至於強制納保部分要求業者與外送員簽定契約後 24 小時內完成，現今運用科技、智慧型管理，且簽約的平台相對發達，一定可以做到。針對外送員颱風天是否應提供服務，勞動局表示，颱風天應停止上班，所以平台業者有責任評估外送的風險，若外送員在颱風天外送且死亡，依自治條例可開罰 3 至 9 萬元。
894,2019/11/01,〈金融科技升級〉中信銀APP客戶數突破300萬 轉帳、換匯人數遠高於網銀,中信金 () 旗下中國信託「中信 Home Bank」APP 持續數位優化，中信銀行不僅將生物辨識應用於 APP 登入，亦應用於轉帳、換匯交易驗證，由於使用便利，目前客戶數已經突破 300 萬，且「滑世代」智慧型手機是人手一機，也反映在 APP 使用上，透過 APP 轉帳、換匯、基金交易等的使用人數都遠高於網銀。「中信 Home Bank」APP 客戶數已突破 300 萬，其中，超過 100 萬客戶設定以指紋辨識或臉部辨識方式登入，登入次數占整體登入次數 72%，顯示中國信託銀行便利服務已獲得客戶高度支持。中信銀行分析內部資料指出，「中信 Home Bank」APP 熱門使用時段為上午 10 時至下午 3 時，客戶平均每月登入 9 次。過去客戶登入 APP 耗時且易忘記帳號、密碼，為了提升服務體驗，中信銀行不僅將生物辨識應用於 APP 登入，亦應用於轉帳、換匯交易驗證，讓客戶從登入 APP 到轉帳交易完成可免輸密碼。另一方面，透過「中信 Home Bank」APP 轉帳客戶數占轉帳總人數近 7 成，客戶轉帳熱門時段落在中午 12 時至下午 1 時、晚上 9 時至 10 時，推估客戶多利用午休及睡前時段進行交易。 數位理財已成趨勢，中信銀行推出「智動 GO」基金智能投資、「樂退 GO」退休基金投資計畫等理財產品，客戶可於「中信 Home Bank」APP 進行換匯、基金交易等功能。中信銀行內部數據顯示，透過網路投資基金的客戶高達六成三，半數以上的交易來自「中信 Home Bank」APP；換匯交易部分，七成中信銀行客戶使用網路換匯，其中利用「中信 Home Bank」APP 換匯人數為網路銀行換匯人數的 2 倍，APP 熱門換匯時段為平日早上 9 時至 10 時。
895,2019/11/01,台股盤後－鴻海領軍多頭 觀望氣氛仍濃 量縮收11399點,無懼美股萬聖節全面收黑，台股今 (1) 日歷經早盤震盪整整理後，在外資大買鴻海拉抬下，加上鴻家軍上陣助攻帶領盤勢重啟漲勢，終場上漲 40.82 點，收 11399.53 點，但成交量僅 1336 億元，反映市場心態轉趨保守，周線上漲 1033 點，下周挑戰站穩 11400 點。美中貿易初步協議不確定因素，讓美股四大指數在萬聖節全面收黑，台股早盤也陷入橫向整理，權值三雄中改由鴻海一枝獨秀，旗下富智康第 3 季獲利由虧轉盈，在資金簇擁下股價大漲逾 5%，股價收在 84.8 元站上波段新高。鴻海股價也氣勢如虹，連帶讓鴻家軍小雞們股價跟著沾光受惠，包括訊芯 - KY、GIS-KY、鴻準、京鼎、樺漢與臻鼎 - KY 股價全面收紅，平均漲幅約 2%~3% 之間。10 月多軍主力台積電在攻上 300 元歷史天價後，股價似有漲多休息態勢，台積電因股價攻高，導致買盤觀望猶豫，早盤股價一度拉回震盪整理，所幸靠尾盤拉抬，股價再度翻紅收在 299 元。法人指出，儘管美股企業財報表現優於預期，但美中貿易的初步協議是否順利拍板仍是未知數，導致美股漲多拉回，台股雖持續站上波段高點，帶動部分個股股價衝上新高，雖然多頭格局不變，但因資金輪動快速後續仍需靜待美中貿易協商結果。
896,2019/11/01,【日盛投顧】盤後分析－指數力守5日線,"◆盤勢分析1. 市場因 APEC 會議取消，產生中美貿易協商的疑慮，台股平盤附近整理，中小型個股零星點火，不過尾盤指數再創波段新高，最終上漲 19.25 點，漲幅 0.17%，收在 11,399.53 點，成交金額為 1338.49 億元。三大法人合計買超 99.12 億元，外資買超 87.87 億元、投信賣超 2.98 億元、自營商買超 14.23 億元。2. 由以下三個面向檢驗方向及強弱：（1）量能：價漲量縮，較不利於盤勢表現，後勢仍需回檔量縮，漲時量增。（2）均線：支撐為月線 (約 11150 點) 附近，壓力為 11500 點附近。（3）技術指標：KD 向下，9 日 K 值（86）高於 50，短線偏多震盪，需提防拉回。3. 漲幅 0.62%，收在 145.12 點，相對強勢。支撐為月線（142.8 點) 附近，壓力為 29 日高點 146.06 點附近，KD 指標向下，開口收斂，9 日 K 值（67）高於 50，短線偏多震盪。4. 觀盤重點：指數有望沿五日線走強，但個股呈現兩樣情，時序也即將進入公布第三季財報，此階段個股走勢易有大幅波動，操作建議仍不宜追高，逢拉回不破支撐再行布局。台股選股方向可留意 IC 設計、運動休閒、內需、5G、PCB、設備、伺服器、車用等。◆蘋概、遊戲、IC 設計、設備廠、PA 等族群走強1. 蘋概：蘋果新機銷售佳效應持續，帶動 2317 鴻海、2474 可成、3374 精材、6456 GIS-KY、2383 台光電、6451 訊芯 - KY、6269 台郡等股價表現亮眼。2. 遊戲：近期股價修正後，呈現反彈走勢，包括 3083 網龍本季有手遊大作《黃易 M》、3293 鈊象、4994 傳奇 3Q 營收創高、6111 大宇資已有新遊戲在陸上市、3546 宇竣 9 月營收創高等各擁題材。3. 設備廠：台系設備廠，如 3413 京鼎屬應材供應鏈成員，另外及紫外光光罩盒供應商 3680 家登、設備商 6667 信紘科、6196 帆宣與 2464 盟立、3131 弘塑、無塵室工程 2404 漢唐等，營運都將同步受惠先前 2330 台積電釋出上調資本支出的商機。4.IC 設計：繼 IC 設計指標股 2454 聯發科創高後，IC 設計族群呈現輪漲表現，包括 3034 聯詠、3317 尼克森、3227 原相、3661 世芯 - KY 等股價漲逾 2%。5.PA：受惠未來終端產品提升以及去美化效應延續，8086 宏捷科、2455 全新、3105 穩懋等營運有望持續走升。"
897,2019/11/01,【運達投顧】不猜頭摸底，確實執行合理交易動作,1102 亞泥、1402 遠東新皆為第四季集團作帳極具機會的股票，今日遠東新也順利創下波段高點。2317 鴻海也於 10 月起漲前的整理區間，在產業前景最不被看好時，數次說明該個股具備投資價值，昨日亦特別說明鴻海籌碼集中，今天果然再度大漲拉開底部成本區 17% 以上的幅度。2368 金像電昨日留下上影線，公開提醒投資人不必急著進場追高；就籌碼面視之，同產業的 6269 台郡更是優於金像電，為更適合介入的標的，今日台郡也創下波段新高。3019 亞光的競爭對手 3008 大立光退出車用鏡頭，後勢具有投資機會，3511 矽瑪籌碼面相當優良，持續看好往後發展。※以上內容由運達投顧高維緒分析師 整理提供，投資人於投資前請審慎評估，遵守紀律，嚴設停利停損。
898,2019/11/01,〈車市〉和泰車10月銷量暴增5成 RAV4衝出銷售新高紀錄,10 月車市銷售成績出爐，總新車掛牌數達 41040 台，月增 24.9%、年增 17.1%，前 10 大車商銷售均較上月成長，也多數較去年同期成長，顯示車商進入第四季後拚促銷，有效刺激買氣；其中，車市龍頭和泰車 () 持續作為大贏家，TOYOTA 和 LEXUS 單月銷售合計達 14179 台，年增 50.4%，最亮點是 RAV4 單月掛牌數 3739 台，創新高紀錄。和泰車 10 月總掛牌數達 14179 台，其中，TOYOTA 共銷出 11944 台，年增 52.93%，LEXUS 銷出 2235 台，年增 38.13%。和泰車說明，銷售狀況如此亮眼，主要是因 SUV 產品線的強化，其中，RAV4 單月單月掛牌達到 3739 台，銷售創新高。另一方面，神車 TOYOTA ALTIS 10 月掛牌數 2714 台，在國產中大型房車級距中拿下 76.5% 市占率，SIENTA 掛牌數也有 1050 台的水準，整體品牌車款的買氣熱絡。LEXUS 10 月掛牌數共 2235 台，其中，NX 熱賣 992 台，年增幅高達 73%，RX 銷售 427 台，再加上瞄準年輕族群的入門款 SUV UX 銷售達 337 台，合計 LEXUS SUV 三劍客就為品牌貢獻逼近 80% 的銷量。除了和泰車今年以來幾乎一枝獨秀，排名第二、三分別是中華三菱 () 和裕日車 () Nissan (含 Infiniti)，分別交出 4224、3399 台的成績，年增 10.7%、3.5%；其中，中華三菱仍主要受惠商用車的汰舊換新需求，而裕日車則是 KICKS 熱賣 1610 台的帶動。儘管 10 月車市買氣轉強，不過，前 10 月整體新車掛牌數 353207 台，仍衰退 1.1%，前 10 大車商中，僅和泰車、裕日車、福特和 BMW 成長，全年銷售狀況能否在最後二個月倒吃甘蔗，有待觀察。
899,2019/11/01,【群益投顧】鴻海一夫當關， 大盤指數續守短期均線攀高,一、盤勢分析雖然美國股市周四回跌，但周五台股仍以小漲開出，權值股跌多漲少，股王大立光、台積電多數時候呈現小跌態勢，面板雙虎友達 (2409)、群創 (3481) 連續第二個交易日走跌，盤中皆跌逾 1.5%；鴻海股價大漲逾 5%，可謂一夫當關，除了帶動大盤止穩上漲外，也帶動”鴻家軍”包括鴻準 (2354)、建漢 (3062) 等強漲。二、盤勢預估從周五中大型股表現作觀察，盤面弱勢的區塊，許多是 9 月領先反彈者、如被動元件股；強勢的區塊之一，則是 10 月開始反彈的低基期股，如鴻海，聯電等。跡象顯示，階段類股輪動加速，操作上建議從低基期概念出發，留意輪動脈動。盤面輪動快速，除了從 9 月領先反彈股持續陷入震盪整理、作價時間偏短，可略窺一二外；周五盤面另一類強勢股，則是 10 月上旬大盤朝”萬一”上攻過程幾乎都沒表現、甚至逆勢下跌的族群個股，如工具機雙雄與遊戲軟體股，可看出控盤者時間與股價基期的”戰略”考量。就股價基期的層面來看，雖然聯電目前業績並沒有太大亮點，但一則聯電具有股價基期優勢，在台積電波段大漲、上攻動能有相應趨弱之虞後，由於過去常發生台積電陷入整陷入整理時，聯電股價往往會有”相對補漲”的走勢；再則，聯電已於 10/1 完成併購與富士通半導體合資的 12 吋晶圓廠日本三重富士通半導體 (MIFS)全部股權，將從 4Q 起挹注聯電， 財報表現，屆時聯電年營收可望增加約 10%，在全球晶圓代工市占率將因此提升；相關環境，都挹注聯電股價近期相對強勢的表現。氣動元件廠亞德客 - KY (1590)雖然第 3 季財報不如市場預期，但日系外資發布最新研究報告表示，亞德客 - KY 近 2 個月股價上漲超過 30%，優於大盤漲幅 7%，且單月營收年增率上升，雖為反映匯損而將其 2019 年每股盈餘預估值下調 5% 至 14.49 元，但看好亞德客 - KY 市占持續攀升，調高 2020 年、2021 年每股盈餘預估值 3%、4% 至 17.93 元、20.09 元，重申「買進」評等，並大幅調高目標價。周五盤面另一個特色是指數風險的規避性，盤面再度見到過往指數陷入多空疑慮攀高的環境時，生技股股價往往趁機強勢表現吸引買盤目光的態勢；此外，宅配通 (2642)、富邦媒(8454) 等與指數連動關係甚微的個股強漲，則是連結即將到來的”雙 11”購物消費題材。富邦媒 (8454) 第三季本業獲利已成長逾三成，而第四季除了雙 11 等節慶挹注業績外，去年網頁當機影響銷售時間，今年在資訊網路及物流效能升級下，第四季的業績有機會再創新高。三、強勢股電子：宏捷科 (8086)、 鴻海 (2317)、聯亞 (3081)、台光電 (2383)。非電子： 亞德客 - KY(1590) 、美時 (1795)、富邦媒 (8454) 、康友 -KY (6452)。◆本文係研究員對大盤之看法， 僅供參考， 不做進出依據
900,2019/11/01,9月股市回溫 勞動基金前3季大賺3452億元 收益率近9%,全球資本市場回溫，勞動基金也繳出好績效，勞動基金前 3 季收益數 3452.3 億元，收益率 8.68%，其中新、舊制勞退基金績效分別為 8.47%、9.90%。勞動基金運用局今 (1) 日公布勞動基金投資績效，勞工保險基金、就保基金、職災保護專款及積欠工資墊償基金收益率分別為 9.47%、1.50%、0.70% 與 1.98%；另外，受衛生福利部委託管理國民年金保險基金規模為 3567 億元，收益數為 269 億元，收益率為 8.40%。以基金規模來說，整體勞動基金截至 9 月底止規模為 4.24 兆元，其中新制勞退基金規模為 2.4 兆元，舊制勞退基金規模為 9517 億元，勞保基金規模為 7303 億元，就保基金規模為 1314 億元，職災保護專款規模為 112 億元，積欠工資墊償基金規模為 137 億元。勞動基金運用局表示，9 月美中貿易戰朝正向發展，加上聯準會與歐洲央行等陸續推出量化寬鬆，持續向市場釋放資金，推升全球股市紛紛走揚，MSCI 全球、亞太、新興市場、台股加權股價指數與巴克萊全球綜合債券指數，9 月表現分別為 2.10%、1.79%、1.92%、 1.99% 及 - 1.02%，累計今年表現分別為 16.20%、7.81%、5.42%、11.33% 及 6.32%。展望後市，勞動基金運用局指出，全球貿易爭端持續影響各主要經濟體景氣表現，企業資本支出態度轉趨觀望謹慎，但在多方協商下已互釋善意，並取得進展，加上近期各國仍相繼積極採行寬鬆貨幣政策因應，可望持續支撐金融市 場動能。
901,2019/11/01,致伸電聲產品出貨強 本季營收估個位數成長 全年EPS上看5元,聲學廠致伸 () 受惠真無線耳機 (TWS) 需求帶動，第 3 季純益與每股純益雙創高，展望後市，致伸持續看好電聲產品業務，動能將持續至明年，法人預期，第 4 季營收估將季增，衝今年最高，全年營收將突破 800 億元、每股純益上看 5 元。展望後市，致伸表示，轉投資子公司丹麥聲學廠 Tymphany，耳機新案順利量產、美系客戶出貨動能持續成長，加上相機模組開始貢獻營收，估營收高峰將落在本季，其中耳機產品將是明年營運主要動能，法人預期，第 4 季營收季增個位數，明年營運優於今年。市場傳耳機電池出現缺料問題，致伸指出，雖然電池供給有限縮電聲營收成長，不過已設法解決電池供給問題，對整體出貨影響有限。致伸近期打入 3D 感測技術的鏡頭模組 (CCM) 供應鏈，應用包括車用、工業等，估明年營收占比有機會突破 1 成。致伸第 3 季稅後純益 7.63 億元，季增 84.7%、年增 14.7%，每股純益 1.72 元，純益雙創新高；累計前三季稅後純益 15.32 億元，每股純益 3.45 元；致伸前 10 月營收已達 556.35 億元，年增 20.19%。
902,2019/11/01,2019全球百大科技研發獎出爐 我國科專勇奪五大獎,有科技產業奧斯卡之稱的「全球百大科技研發獎」(R&D 100 Awards) 2019 年獲獎名單出爐，經濟部技術處支持的科技專案大豐收，共有工研院、資策會、金屬中心、紡織所等 4 個單位，勇奪 5 項大獎。經濟部指出，今年獲獎 5 項科專技術分別為「RAIBA 可動態重組與自我調節之電池陣列系統」、「仿生多突狀磁珠製備技術」、「智慧農業數位分身」、「DIFA 高間距噴氣織機」及「協同搬運模組」，與麻省理工學院 (MIT) 林肯實驗室、美國太空總署 (NASA) 等知名機構並列殊榮。經濟部次長林全能表示，感謝研發法人以科技專案，將創新科技驅動產業永續發展，提升國家競爭力。2018 年法人科專促成廠商投資金額 577 億元，平均每投入 1 元經費，就創造 4.39 元的效益，歷年至今科專已累積近 3 萬筆專利暨可移轉技術資料，補足企業的技術研發需求，成效亮眼。工研院全球首創「RAIBA 可動態重組與自我調節之電池陣列系統」，透過人工智慧控制電池模組的放電負載，可整合新、舊電池模組的儲能系統，解決未來電動車數量大增，隨之衍生的汰役電池問題，創造資源永續再利用與再生能源商機。另外，工研院「仿生多突狀磁珠製備技術」，經台大醫院同步測試證實，這項技術可有效活化免疫 T 細胞，為「精準醫療」帶來新商機，預計 2020 年推出臨床用 GMP 等級的產品，成為癌症治療要角。資策會「智慧農業數位分身」技術，讓農民可以依據經驗及現場觀察，選擇設備參數的修改，還能進行修改前的模擬預測，做出最佳的判斷。數位分身技術裡，AI 也會動態學習農民的經驗、知識，進而達到協同運作、決策優化的效果。紡織綜合所獲獎技術為全球首台之非等高「DIFA 高間距噴氣織機」，突破目前市場等高間距機型的限制，能織造出高間距、高密度 3D 立體結構織物，用途廣泛，例如救難船、千斤頂及緩衝材等，有助國內業者進軍高附加價值之產業用紡織品市場。金屬中心的「協同搬運模組」，仿效螞蟻搬運邏輯，不僅結合動力輪模組、平台以及智慧化模擬指揮系統之完整解決方案。同時擁有無線智慧、彈性運用、靈活移動三大特點，可即時同步操控數台自動導向車來執行搬運任務，實現了未來智慧化的搬運模式。
903,2019/11/01,新揚科Q3旺季遇匯損亂流 純益創13季新低 前3季EPS1.06元,FCCL 廠新揚科 () 受惠客戶端需求明確、拉貨增加挹注，第 3 季營收 8.36 億元，毛利率也提升到 16%，但業外提列高達 3500 萬元匯損影響，稅後純益 2990 萬元，創 13 季以來新低，累計前 3 季稅後純益 1.07 億元，每股純益 1.06 元。由於軟板上游拉貨季節在第 3 季達巔峰，法人估，新揚科 2019 年的第 4 季營收，將較第 3 季下滑約 10%，全年營收估計將較去年的 26.17 億元成長 10%，低於原先市場預期的 30 億元以上。新揚科 2019 年前 3 季營收 21.45 億元，營業淨利 1.62 億元，稅前盈餘 1.3 億元，稅後純益為 1.07 億元，每股純益為 1.06 元。新揚科第 3 季營收 8.36 億元，毛利率為 16%，稅後純益為 2990 萬元，每股純益為 0.29 元，第 3 季獲利不如預期，除業外提列高達 3500 萬元匯損，部分新設產線產能利用率有待提升，也造成獲利表現不佳。新揚科除在去年第 4 季完成新增 10 萬米平方產能，推升雙面板月產能 40 萬到 45 萬米平方，單面產品產能約 10 萬米平方到 15 萬米平方，公司也規劃，明年下半年在台灣還要新增 1-2 條生產線，因應市場需求。
904,2019/11/01,台商回台再報喜 經長：年底前目標落實投資2100億元,經濟部昨 (31) 日再公布通過投資台灣 3 大方案共 9 家帶來逾 53 億元的投資，其中，台商回台的部分，累計投資金額已達 6236 億元，經濟部長沈榮津今 (1) 日強調，重點還是放在落實投資上，預計今年底前目標落實 2000-2100 億元。沈榮津今日出席台大資管高峰論壇，針對近期台商回台熱度不減，沈榮津受訪表示，重點還是放在落實投資上，投資台灣事務所會持續去跟進、追蹤期程，台商在設廠及資金等方面是否遭遇困難。沈榮津強調，經濟部後續會持續協助廠商排除投資障礙，預計今年底前將落實 2000-2100 億元，期望能順利達標。對於行政院主計總處上修今年第 3 季經濟成長率概估至 2.91%。沈榮津指出，台灣經濟前景樂觀主要歸功於三大因素，包括台商回台投資、美中貿易摩擦產生轉單效應及政府持續擴大內需。沈榮津表示，台灣 Q3 經濟成長率能維持高標水準，躍居亞洲四小龍之首，領先南韓 (2%)、新加坡 (0.1%) 及香港 (-2.9%)，可歸功於三大因素的貢獻，不過，沈榮津強調，政府後續仍會持續努力拚經濟。
905,2019/11/01,10月台灣製造業PMI半年來首見擴張 二指標創近一年最快擴張速度,中華經濟研究院今 (1) 日公布 10 月台灣製造業採購經理人指數 (PMI)，較上月續揚 1.1 個百分點至 51.1%，不僅是 5 月以來首次呈現擴張 (高於 50%)，也是今年次高，其中，新增訂單和生產數量二指標分別續揚 0.7、3.5 個百分點至 52.7%、55.4%，皆創去年 10 月以來最快擴張速度。六大產業中，有三大產業回報 PMI 為擴張，依擴張速度排序為食品暨紡織產業、化學暨生技醫療產業和電子暨光學產業，中華經濟研究院長陳思寬指出，食品暨紡織產業回報擴張，反映季節性的內需暢旺。中經院統計，此次五項組成指標中，新增訂單、生產數量和人力僱用呈現擴張，供應商交貨時間下降 (低於 50.0%)，存貨持續緊縮。不過，儘管全體製造業的新增訂單指數已連 2 個月擴張，「未來六個月展望指數」仍未見明顯攀升，本月指數僅微幅攀升 0.8 個百分點至 45.7%，連續第 6 個月緊縮。就非製造業來看，台灣非製造業經理人指數 (NMI) 已連續 8 個月擴張，且本月指數回升 2.9 個百分點至 53.9%；四項組成指標中，商業活動、新增訂單轉為擴張，人力僱用呈現擴張，供應商交貨時間轉為下降。非製造業八大產業中有七大產業 NMI 呈現擴張，依擴張速度排序為資訊暨通訊傳播業、零售業、營造暨不動產業、金融保險業、住宿餐飲業、教育暨專業科學業與運輸倉儲業；僅批發業 NMI 呈現緊縮至於全體非製造業「未來六個月展望指數」為 47.2%，較前月攀升 1.7 個百分點，已連 3 個月回報未來展望為緊縮，其中，有四大產業均回報緊縮，各產業依緊縮速度排序為批發業 (36.2%)、運輸倉儲業 (40.7%)、資訊暨通訊傳播業 (42.9%) 與零售業 (45.8%)，而金融保險業展望為持平 (50.0%)。
906,2019/11/01,新產能加入海外市場 太陽能電池價格續跌 半月來重挫近15%,集邦科技旗下 Energy Trend 指出，本周單晶電池因海外市場有新產能加入戰局，降價趨勢明顯，加上中國裝機量不如預期，影響整體太陽能市場報價低迷，本周海外市場高效單晶電池報價，下跌 12.41%，加上上周跌幅 2.14%，半月來跌幅已達 14.55%。Energy Trend 指出，本周因中國公告的裝機量不如預期，且市場價格也沒有隨著矽晶圓訂價穩定而樂觀，加上海外市場新產能加入戰局，綜效影響下，市場開始出現不理性拋貨競價模式。中國市場方面，多晶、單晶、高效單晶、特高效單晶電池報價皆持穩上周。海外市場方面，多晶、單晶電池報價則是持穩上周，高效單晶電池報價大跌 12.41%，特高效單晶電池也有 10.71% 的跌幅。展望未來，Energy Trend 認為，市場因裝機量不如預期，已不再期待第 4 季會有報價好轉的情形發生，轉而寄托明年上半年市況。
907,2019/11/01,富智康獲利復甦優預期 外資重申喊買鴻海 目標價100元,美系外資出具最新報告，鴻海 () 旗下富智康 (FIH) 提前於第 3 季由虧轉盈，營運復甦狀況優於預期，有助改善鴻海整體獲利表現，加上蘋果 iPhone 新機銷售暢旺，重申鴻海「增加持有」評等，目標價 100 元。富智康昨日發布最新獲利預警，預估今年前 3 季營收 104.3 億美元，稅後虧損 6500 萬美元，較去年同期虧損 5.75 億美元，收斂近 9 成，以富智康上半年虧損 8400 萬美元推估，第 3 季單季可望轉虧為盈。美系外資認為，富智康去年底開始針對諾基亞 (Nokia) 手機業務重組，成效逐步顯現，產品組合改善加上營業費用控管得宜，且第 3 季新機出貨、匯損減少等，推升第 3 季轉虧為盈。美系外資看好，隨著諾基亞業務改善，富智康獲利率也正向發展，加上蘋果 iPhone 新機銷售升溫，均將推升鴻海下半年獲利，維持鴻海增加持有評等，目標價 100 元。
908,2019/11/01,台股盤中－鴻海強勢領軍上攻 蘋概股零星表現 小漲守住5日線,受美中協議不確定影響，美股昨 (31) 日收跌，亞股今 (1) 日漲跌互見，台股 11 月首個交易日以 11373 點開出、小漲 14 點，但台積電、大立光修正整理，權值股轉由鴻海領軍撐盤，盤中漲逾 3 %，支撐指數賣壓，盤中小漲守住 5 日線，預估量約逾 1300 億元。觀察電子三雄，鴻海表現最強勢，股價開高走高，一度來到 83.2 元，漲幅逾 3%，創下近半年新高；不過台積電、大立光走勢平平，台積電股價紅翻黑，大立光則是直接開跌。儘管權值三王走勢多空不一，不過部分蘋概股仍延續昨日漲勢，電池模組廠興能高、軟板廠台郡等，股價仍漲逾 4%，散熱廠超眾漲逾 3%，另外兆利、正達、燿華、玉晶光、訊芯 - KY、可成等表現不俗。任天堂 (Nintendo) 受惠 Switch 遊戲機銷售暢旺，財報表現亮眼，激勵台供應鏈股價同步大漲，記憶體廠旺宏股價開高走高，最高來到至 32.4 元、漲幅 4%，原相也漲 2%。其他權值股方面，亞德客 - KY 漲幅約 4%，聯電漲幅逾 3%，聯詠、億豐漲幅約 2%，上銀、群聯、寶成、和碩、華碩同樣在盤上；至於手機晶片聯發科法說後行情略微熄火、盤中下跌 0.7%，致茂跌幅逾 6%，華新科、新普等均在盤下。法人指出，台股昨日創高後，今日受賣壓調節影響，指數拉回震盪，不過隨著全球主要央行貨幣政策釋出寬鬆消息，美股財報表現不俗，外資持續買超台股的態勢下，仍呈現偏多格局。
909,2019/11/01,研勤旗下研鼎搶圖資應用需求 打入房仲市場,行車記錄器 PAPAGO 大廠研勤 () 轉投資公司研鼎智能 () 自主研發的「台灣圖霸」電子地圖，再擴增新應用，研鼎宣布將提供台灣房屋國中小學區圖、以及鄰近生活機能地圖，擴展新應用和客戶，提升營收成長動能。研鼎表示，過去針對車隊管理業者提供道路相關 API，此次則針對不動產業者開發業界獨家國中國小學區圖，及尊爵版生活機能 API，對各縣市精準學區，劃分物件半徑 500 公尺內生活機能以及鄰避設施 POI 展示。除了研鼎積極擴展地圖應用商機，研勤近年則是在既有的車安產品外，積極投入研發雲端應用，正發展更具競爭力的人臉辨識演算技術，目前與不少企業和中小廠商接洽合作中，力拚打入企業的考勤系統設置、學校和車隊派車等身分辨識等相關需求。
910,2019/11/01,國泰證三大方向改造有成 居數位證券業領先地位,為因應金融科技時代來臨，國泰證近年全力推動數位轉型，並為員工打造提升職場創新力的優異環境，國泰證董事長莊順裕表示，國人電子交易比重日益提高，至今已達 60% 以上，而國泰證客戶電子下單比例高達 90%，更遠高於同業，顯示產品面、組織面和人才培育面全方位改造，已逐步獲得成效，期許不斷精進創新，奠定國泰證在數位證券產業的領先地位。近年來數位浪潮席捲，國人電子交易比重日益升高，國泰證指出，截至 9 月底，台股電子交易占比已超過 60%(含 DMA)，創歷史高點，而國泰證更遠高於市場水準，比重高達 90%，顯示在數位服務上受到肯定。國泰證在數位服務上一向強調差異化，自行研發 App 多達 6 款，有效從各面向解決客戶投資旅程的痛點，再加上平台所提供交易的投資商品涵蓋海內外市場，帶動 App 總下載人次已超過百萬，在台灣數位證券服務領域已占有一席之地。另一方面，莊順裕指出，進入數位金融時代後，證券業面臨激烈的異業競爭，因此國泰證近年來對人才培育不斷投入資源，這次持續擴充組織，並提供同仁們開放、友善和快速學習的職場環境，期許所有同仁和公司共同成長，打造更亮麗的營運成果。國泰證於 2015 年成立數位證券處，2017 年集中接單中心、將接單員自實體分公司據點集中獨立至總公司，同年再成立獨步業界的數位分公司—敦南分公司，開啟台股經紀業務以數位經營的模式。而 2018 年底國泰證著手虛實整合，設立數位執行長，直接將實體分公司及數位專業團隊進行整合，莊順裕看好，未來提供的數位金融服務將更貼近市場終端需求，可望締造國內數位金融產業的重要里程碑。莊順裕說，「一個人走得快，一群人走得遠，企業能否永續經營，人才往往是排在第一位，也是最重要的因素」，因此，國泰證新進同仁、基層同仁及至中高階主管，皆有一系列量身打造的互動式員工訓練、三力講座及敏捷專案管理訓練。而國泰證今年進一步結合集團數位轉型的三大核心職能「學習力」、「敏捷力」和「對話力」，每月舉辦三力講座。國泰證近日啟用數位辦公室，打破傳統證券業思維，強調開放式的設計帶入同仁們的工作日常中，包括降低辦公隔屏、取消主管隔間，期許以寬敞開放的環境激發員工創意，令彼此更有效率且愉快協作。國泰證總經理周冠成表示，國泰證重視人才培育，並將持續增設員工福利，力拚招攬更多優秀人才加入，並提供客戶更到位的服務。
911,2019/11/01,台嘉碩與日村田製作所完成部分產品線授權協議,"頻率元件台嘉碩 () 今 (1) 日宣布，與日本村田製作所 (Murata) 達成部分產品線授權協議；依據協議，台嘉碩被授予銷售權，將銷售產品予使用 Murata SAW 濾波器產品的客戶。台嘉碩指出，此獲授權產品種類，是用於非手機應用領域的打線型 SAW 濾波器產品, 這類 Murata SAW 產品線，原本由台嘉碩代工製造，因此，日村田製作所將引介使用該產品線的客戶給台嘉碩。台嘉碩指出，與日本村田製作所將共同展開相關準備工作，以持續不斷提供客戶無縫接軌且品質可靠的產品服務。日本村田製作所是設計、製造及銷售陶瓷被動電子元件，提供解決方案、通訊模組和電源供應模組的全球領導者。台嘉碩成立於 1997 年，主要業務為表面聲波元件（SAW）以及體波（BAW）石英 / 振盪器製造及銷售。台嘉碩今年稅後虧損 1664 萬元，每股虧損 0.16 元。台嘉碩股價受此利多消息激勵，早盤直攻 23.65 元的漲停價。"
912,2019/11/01,【新光證券】盤前分析,◆盤勢分析蘋果財報優於預期、美國經濟數據表現佳，加上聯準會如預期降息一碼，激勵 31 日台股開高，市值王及股價王領軍蘋概股上攻，大盤盤中再登新高價，可惜隨後獲利了結賣壓出籠，除光電股維持強勢外，其餘類股表現虎頭蛇尾，使得大盤翻黑收市，終場收在 11358.71 點，跌 21.57 點或 0.19%，成交額 1560.79 億元。 OTC 指數收在 144.23 點，跌 0.83 點或 0.57%，成交額 416.92 億元。十月最後交易日，大盤日線收黑，月線則連二紅，月升 4.89%，所幸五日線未破，技術面維持向上。籌碼方面，三大法人僅自營商賣超，其中外資連 14 日買超台股。由於聯準會暗示降息步伐將暫停，後續資金動能可能弱於預期，另外，智利取消 APEC 會議，令美中原預期的在 APEC 會議後簽訂臨時貿易協議計畫再生波折，造成市場信心面受到影響，不過，多名中國官員仍對下月中美完成第一階段貿易協議持樂觀態度，預期大盤仍有機會隨五日線向上，選股方面可留意 ETF 波動操作。
913,2019/11/01,【日盛投顧】盤前分析,"◆盤勢分析1. 美國 (10/26) 當週初請失業金 21.8 萬人，預估 21.5 萬人，前值 21.2 萬人。聯準會如外界預期在年內三度降息，美國總統川普發文表示，美中很快會公布「川普會」新簽約地點。臉書與蘋果財報表現亮眼，但貿易前景擔憂與經濟數據不佳，週四美股下跌，跌幅介於 0.14 至 0.62％，美股四大指數短期高檔整理。2. 由以下三個面向檢驗方向及強弱：(1) 量能：成交量大於月均量方有利多頭氣勢延續。(2) 均線：支撐為 11,150 點附近，壓力為 11,500 點附近。(3) 技術指標：KD 開口向上，9 日 K 值位處超買區，短線偏多但提防拉回。3. 以的線型及指標角度而言，支撐為 142 點附近，壓力為 146 點附近，KD 技術指標開口向上，9 日 K 值大於 50，短線偏多。近期法人著墨較深的族群包括矽晶圓、PA、散熱、IC 設計、PCB、生技等。4. 觀盤重點：觀察台股指數是否能守穩在 5 日線之上並再創高，回檔是否量縮或上攻成交量大於 20 日均量，5G、半導體、PCB、蘋概、工業 4.0、生技、內需、運動風、金融、車用。5. 行政院主計總處 31 日公布第三季 GDP 概估，雖然出口、民間消費表現不如預期，資本形成亦呈衰退，但在貿易順差超乎預期下，第三季經濟成長概估達 2.91％，較原預測 2.67％為高。6.2330 台積電董事長透露，台積電會加大研發能量，將於竹科新建研發中心，打造成台灣的貝爾實驗室，預計再擴增 8,000 名研發大軍，投入未來二、三十年科技和材料研發及半導體產業的基礎研究。7.IC 設計商譜瑞 - KY（4966）受惠高速傳輸需求強，帶動產品組合優化，第 3 季營收、獲利同步成長，單季稅後純益 6.82 億元，季增 24.7%，年增 34.9%，每股純益 8.86 元，優於市場預期。8. 立積（4968）第 3 季合併營收為 8.24 億元，創單季新高，季增 23.6％；毛利率為 37.4％，比第 2 季稍降，獲利為 9,587.6 萬元，季增 58.1％，每股純益為 1.57 元。前三季合併營收為 19.15 億元，年減 6.2％，獲利為 1.45 億元，年增 5.7％，每股純益為 2.4 元。"
914,2019/11/01,台股盤前─偏多格局明朗 惟美股回跌推升觀望氣氛,台股昨 (31) 日由紅翻黑，終場未能站穩 11400 點關卡，以 11358.71 點作收，下跌 21.57 點，成交值放大至 1529 億元，不過，整個月仍大漲 529 點，進入 11 月後的第一個交易日，法人認為，多頭格局仍堅實，不過，短暫的美股回跌，且今日收周線，恐使多方暫時陷入觀望。美國總統川普發文表示，美中很快會公布川普會新簽約地點，不過，市場對於雙方能達成多大空間的貿易協議有存疑，令美股回跌。其中，指數下跌 10.24 點或 0.62%，收 1651.22 點；下跌 140.46 點或 0.52%，收 27046.23 點；下跌 9.21 點或 0.30%，收 3037.56 點；指數下跌 11.61 點或 0.14%，收 8292.36 點。外資仍是台股最強勁的推手，昨日在集中市場續買超近 70 億元，呈現連 14 買，投信微買 0.07 億元，不過，自營商續賣 16.3 億元，對大盤造成一定的壓力，合計三大法人買超 53.7 億元。台積電股價昨日盤中突破 300 元大關，外資持有台積電張數達 2036 萬張，台積電董事長劉德音最新透露，台積電將加大研發能量，於竹科新建研發中心，目標打造成台灣的貝爾實驗室，屆時會再擴增 8000 名研發大軍，以投入未來二、三十年科技和材料研發和半導體產業的基礎研究。聯發科執行長蔡力行則表態看好，至 2022 年時，5G 相關半導體商機可望達 410 億美元。主計總處昨公布第三季經濟成長率概估值為 2.91%，較原預估值上修，並創 5 個季度高點，主要是因國外淨需求和國內投資優於預期。蘋果公布上季財報與本季展望均優於市場預期，蘋果執行長庫克更指出，樂觀看年底購物季，而 iPhone11 系列新機廣受歡迎，看好在中國的事業。整體而言，隨著全球主要央行貨幣政策持續偏鬆，而外資在現貨買超趨勢暫未變，10 月以來累計共買超 1259 億元，目前淨多單達 58950 口水位，法人認為，偏多格局明朗。
915,2019/11/01,盤前財經大事搶先讀2019年11月01日,法說會：瑞昱、立積暫停交易：新鼎台灣 10 月製造業 PMI南韓 10 月 CPI美國 10 月非農就業報告週四 (31 日)，美國眾議院通過對美國總統川普的彈劾調查表決，決議確立了彈劾調查的正當性，將使調查更為公開，幫助彈劾調查邁向下一階段。中國商用 5G 將正式於週五 (1 日) 啟用，中國三大國企電信通訊供應商，包括了中國移動 (China Mobile)、中國電信 (China Telecom) 和中國聯通 (China Unicom) 於 10 月 31 日星期四宣布，將在北京、上海廣州、杭州等約 50 個主要城市正式上線 5G 商用服務。蘋果執行長庫克宣布財報後表示，健康功能的產品將是公司的未來，事實上，除蘋果積極爭取，非蘋陣營更早已瞄準健康市場，推出相關產品，如手環、手錶、追蹤器等，市場競爭一觸即發，其中台 IC 設計廠更大搶商機，包括原相 ()、鈺太 ()、盛群 ()、松翰 () 等，營運後市有看頭。台北匯市昨 (10 月 31 日) 表現強於股市，終場兌一美元升值 7.1 分，收在 30.462 元，正式升破 30.5 元心理大關，台灣央行指出，升幅僅 0.23%，低於升值 0.4%、升值 0.29%，符合央行一向強調的動態穩定，但顯然在非美貨幣同步偏強之際，楊金龍防線已有所調整。刺激經濟成長與防止衰退藥方，來自於政府財經政策與廠商擴張意願；政策輔助政策與市場的實際供需循環決定。政府財經政策區分為貨幣與財政政策，兩者又分明為貨幣與公共建設支出。
916,2019/11/01,郭台銘：不能因短期貿易戰轉單滿足 要追求未來黃金20年,鴻海 () 創辦人郭台銘臉書貼文表示，台灣不能只滿足短期內美中貿易戰的轉單紅利，要追求未來「 20 年」。郭台銘貼文表示，今年 4 月底造訪新竹眷村博物館、探訪鄭立軍將軍伉儷時，看到一台老式電視機，讓他想起 1974 年，從生產黑白電視機旋鈕起家、開啟了人生的第一份事業。郭台銘進一步指出，在克勤克儉的年代，同時也是一個經濟準備起飛、充滿希望與朝氣的時代，西方學者也將 1965 年到 1974 年這段台灣開始進行十大建設、決定發展積體電路的時期，稱為臺灣建設的「十年」。而現在，郭台銘認為，受惠全球化競爭與美中貿易戰的影響，台灣又迎來了一次大發展的機會，但不能只滿足短期內中美貿易戰的轉單紅利，要追求未來的「 20 年」。郭台銘強調，時代創造英雄，英雄創造時代，兩腿論民主發展與經濟發展需要一起前進，中華民國才能更富強。
917,2019/11/01,宜進終止加工絲生產業務 處分台南廠獲利5.5億元,宜進 () 積極調體質，31 日公告，將停止虧損的加工絲業務，並處分台南廠的土地及建物，預計處分利益約 5.5 億元，估約貢獻每股純益 1.82 元。宜進表示，台南廠受限於機器設備老舊，只能生產毛利率較低的一般規格產品，導致加工絲部門連年虧損，因此決定將從明年起終止業務。此外，宜進也宣布，處分台南廠，交易金額 15.94 億元、含稅後 16.04 億元，處分利益約 5.5 億元，若以資本額 30.14 億元計算，預估貢獻每股純益約 1.82 元。宜進台南廠今年前 3 季營收占比約 15.92%、去年營收占比則約 15.3%，公司強調，停工後對公司業務並無重大影響。據了解，宜進目前退出生產後，透過委外發包高毛利的工業織帶，另外，集團旗下還有宏洲與光明負責生產，此外，宜進集團也積極跨足房地產，也貢獻穩定的租金收益，也有助平衡紡織景氣波動的影響。
