,Date,low_adj,high_adj,open_adj,close_adj,volume,marketValue,return,stock
0,2016-12-21,111.049,128.479,124.495,111.548,298828,4074,21.0811,6569
1,2016-12-22,104.078,109.556,107.066,107.066,110490,3910,-4.0179,6569
2,2016-12-23,104.576,108.062,107.066,105.074,34085,3837,-1.8605,6569
3,2016-12-26,104.825,108.56,105.572,108.56,52345,3964,3.3175,6569
4,2016-12-27,105.821,108.56,108.311,106.817,30721,3901,-1.6055,6569
5,2016-12-28,104.576,107.315,107.315,105.074,38344,3837,-1.6317,6569
6,2016-12-29,105.074,113.539,105.074,109.556,88234,4001,4.2654,6569
7,2016-12-30,106.07,108.56,108.56,107.066,37797,3910,-2.2727,6569
8,2017-01-03,106.319,107.813,106.817,107.813,17642,3937,0.6977,6569
9,2017-01-04,107.066,108.809,107.813,108.062,16455,3946,0.2309,6569
10,2017-01-05,108.062,112.046,108.062,111.548,55438,4074,3.2258,6569
11,2017-01-06,110.303,112.543,111.548,111.548,25733,4074,0.0,6569
12,2017-01-09,112.046,121.009,112.046,117.025,116304,4274,4.9107,6569
13,2017-01-10,114.784,118.021,117.025,116.278,36440,4246,-0.6383,6569
14,2017-01-11,117.274,121.507,120.76,117.274,77589,4283,0.8565,6569
15,2017-01-12,116.029,118.021,117.274,116.278,19461,4246,-0.8493,6569
16,2017-01-13,111.796,116.029,115.282,113.042,44141,4128,-2.7837,6569
17,2017-01-16,111.049,113.539,112.046,112.543,13573,4110,-0.4405,6569
18,2017-01-17,109.805,112.793,112.793,110.303,25944,4028,-1.9912,6569
19,2017-01-18,110.303,112.793,110.303,111.796,37573,4083,1.3544,6569
20,2017-01-19,110.303,112.046,111.796,111.049,23038,4055,-0.6682,6569
21,2017-01-20,110.303,111.548,110.552,111.299,8389,4065,0.2242,6569
22,2017-01-23,110.801,113.788,111.548,112.543,72093,4110,1.1186,6569
23,2017-01-24,110.801,112.543,112.543,111.049,15242,4055,-1.3274,6569
24,2017-02-02,107.066,111.049,111.049,108.311,13456,3955,-2.4664,6569
25,2017-02-03,107.813,110.552,108.311,109.556,9676,4001,1.1494,6569
26,2017-02-06,109.805,111.548,109.805,110.054,10668,4019,0.4545,6569
27,2017-02-07,108.809,111.548,110.054,111.548,13964,4074,1.3575,6569
28,2017-02-08,110.303,111.548,111.548,110.801,6907,4046,-0.6696,6569
29,2017-02-09,109.058,110.801,110.054,110.801,14140,4046,0.0,6569
30,2017-02-10,109.556,112.046,109.805,109.556,13621,4001,-1.1236,6569
31,2017-02-13,109.556,110.552,110.552,110.552,5314,4037,0.9091,6569
32,2017-02-14,107.066,110.303,109.805,107.066,23428,3910,-3.1532,6569
33,2017-02-15,108.062,109.805,108.062,109.556,14244,4001,2.3256,6569
34,2017-02-16,111.049,119.266,111.049,116.278,92559,4246,6.1364,6569
35,2017-02-17,113.539,116.278,116.278,114.535,30546,4183,-1.4989,6569
36,2017-02-18,114.535,118.021,115.531,116.029,25632,4237,1.3043,6569
37,2017-02-20,115.531,118.021,116.029,116.776,31209,4265,0.6438,6569
38,2017-02-21,114.535,118.021,117.772,116.278,24206,4246,-0.4264,6569
39,2017-02-22,115.531,120.511,119.017,116.527,64502,4255,0.2141,6569
40,2017-02-23,115.033,117.274,116.278,115.531,24947,4219,-0.8547,6569
41,2017-02-24,114.535,115.531,115.531,114.535,12001,4183,-0.8621,6569
42,2017-03-01,112.046,115.033,115.033,112.046,11433,4092,-2.1739,6569
43,2017-03-02,112.046,114.535,112.793,112.543,15950,4110,0.4444,6569
44,2017-03-03,113.539,115.033,113.788,113.539,14471,4146,0.885,6569
45,2017-03-06,113.042,115.033,113.042,115.033,6874,4201,1.3158,6569
46,2017-03-07,114.535,116.029,115.033,114.535,8782,4183,-0.4329,6569
47,2017-03-08,113.788,114.286,114.286,114.037,6247,4165,-0.4348,6569
48,2017-03-09,113.788,115.282,113.788,114.535,4826,4183,0.4367,6569
49,2017-03-10,114.535,116.527,116.029,116.029,11873,4237,1.3043,6569
50,2017-03-13,117.274,127.483,117.274,123.997,175056,4528,6.867,6569
51,2017-03-14,121.009,124.993,123.001,121.258,70657,4428,-2.2088,6569
52,2017-03-15,120.511,132.961,121.507,131.218,121244,4792,8.2136,6569
53,2017-03-16,133.21,141.426,133.21,133.708,182974,4883,1.8975,6569
54,2017-03-17,135.451,141.177,135.451,137.94,110951,5038,3.1657,6569
55,2017-03-20,138.936,148.896,139.185,148.149,157537,5410,7.4007,6569
56,2017-03-21,145.41,155.37,150.39,145.41,141984,5310,-1.8487,6569
57,2017-03-22,141.924,152.88,142.671,152.631,160799,5574,4.9658,6569
58,2017-03-23,152.382,162.342,156.366,156.864,222056,5729,2.7732,6569
59,2017-03-24,154.872,160.848,159.105,155.121,101702,5665,-1.1111,6569
60,2017-03-27,150.888,159.852,156.615,153.876,99426,5620,-0.8026,6569
61,2017-03-28,142.422,157.362,156.864,150.39,146678,5492,-2.2654,6569
62,2017-03-29,145.908,152.382,152.382,148.149,72518,5410,-1.4901,6569
63,2017-03-30,146.655,150.39,149.892,149.394,45212,5456,0.8403,6569
64,2017-03-31,147.153,150.888,150.141,147.153,46062,5374,-1.5,6569
65,2017-04-05,147.9,160.848,148.398,159.354,150139,5820,8.291,6569
66,2017-04-06,154.623,164.084,157.611,154.623,109689,5647,-2.9687,6569
67,2017-04-07,146.904,156.366,155.619,149.394,89947,5456,-3.3816,6569
68,2017-04-10,144.414,150.888,150.39,150.888,49212,5510,1.0,6569
69,2017-04-11,138.189,148.398,148.398,138.438,98651,5056,-8.2508,6569
70,2017-04-12,134.455,146.406,137.443,140.928,66627,5147,1.7986,6569
71,2017-04-13,136.945,142.422,140.928,137.443,33122,5019,-2.4735,6569
72,2017-04-14,128.479,137.443,133.957,128.728,54049,4701,-6.3406,6569
73,2017-04-17,129.475,136.945,129.475,130.969,42428,4783,1.7408,6569
74,2017-04-18,128.23,132.961,132.961,129.475,26070,4728,-1.1407,6569
75,2017-04-19,128.479,133.708,128.479,129.973,37672,4747,0.3846,6569
76,2017-04-20,129.973,134.455,129.973,132.961,59047,4856,2.2989,6569
77,2017-04-21,135.202,140.679,135.949,137.94,74218,5038,3.7453,6569
78,2017-04-24,133.957,139.434,138.438,134.704,29699,4919,-2.3466,6569
79,2017-04-25,134.704,140.928,136.197,137.94,45543,5038,2.403,6569
80,2017-04-26,136.197,140.679,139.434,136.945,24941,5001,-0.722,6569
81,2017-04-27,134.704,138.438,136.197,135.202,27330,4938,-1.2727,6569
82,2017-04-28,134.206,136.446,136.446,134.206,14968,4901,-0.7366,6569
83,2017-05-02,129.475,135.949,135.949,130.471,31357,4765,-2.7829,6569
84,2017-05-03,117.523,122.503,122.503,117.523,118780,4292,-9.9237,6569
85,2017-05-04,114.535,117.772,115.531,117.274,55141,4283,-0.2119,6569
86,2017-05-05,117.523,121.507,118.27,117.523,26759,4292,0.2123,6569
87,2017-05-08,112.295,117.025,116.029,114.037,43584,4165,-2.9661,6569
88,2017-05-09,115.78,119.017,116.278,116.776,38031,4265,2.4017,6569
89,2017-05-10,117.025,119.266,117.025,117.523,18995,4292,0.6397,6569
90,2017-05-11,117.025,120.013,118.021,118.021,17438,4310,0.4237,6569
91,2017-05-12,117.274,119.266,118.27,117.523,16574,4292,-0.4219,6569
92,2017-05-15,117.772,121.258,117.772,119.515,32740,4365,1.6949,6569
93,2017-05-16,116.029,120.511,119.515,117.025,19847,4274,-2.0833,6569
94,2017-05-17,115.033,118.021,116.776,115.033,10950,4201,-1.7021,6569
95,2017-05-18,113.29,115.033,113.29,114.037,14281,4165,-0.8658,6569
96,2017-05-19,114.037,116.527,114.535,116.029,9289,4237,1.7467,6569
97,2017-05-22,117.523,120.76,117.772,119.017,27900,4346,2.5751,6569
98,2017-05-23,119.515,123.001,120.511,122.005,37086,4456,2.5105,6569
99,2017-05-24,121.009,124.993,124.993,121.258,16820,4429,-0.6122,6569
100,2017-05-25,121.009,122.503,121.507,121.258,13216,4429,0.0,6569
101,2017-05-26,121.009,121.756,121.756,121.009,8582,4419,-0.2053,6569
102,2017-05-31,120.013,123.499,122.254,120.76,9081,4411,-0.2058,6569
103,2017-06-01,119.764,122.254,120.76,121.507,7534,4437,0.6186,6569
104,2017-06-02,122.005,124.993,123.25,122.254,11174,4465,0.6148,6569
105,2017-06-03,122.254,124.495,123.997,122.503,5674,4474,0.2037,6569
106,2017-06-05,121.756,123.001,123.001,122.503,10599,4474,0.0,6569
107,2017-06-06,121.507,123.748,122.503,123.499,10338,4511,0.813,6569
108,2017-06-07,123.997,130.471,123.997,127.981,35213,4674,3.629,6569
109,2017-06-08,125.491,128.23,128.23,126.985,11751,4638,-0.7782,6569
110,2017-06-09,120.262,125.491,125.491,121.009,54024,4419,-4.7059,6569
111,2017-06-12,119.515,122.752,121.507,122.254,11758,4465,1.0288,6569
112,2017-06-13,120.76,122.005,122.005,121.258,5604,4429,-0.8147,6569
113,2017-06-14,119.515,121.258,121.258,120.76,10666,4411,-0.4107,6569
114,2017-06-15,118.021,120.511,120.511,118.768,13654,4338,-1.6495,6569
115,2017-06-16,119.515,123.001,119.515,122.254,11504,4465,2.935,6569
116,2017-06-19,121.258,123.001,122.254,122.503,3962,4474,0.2037,6569
117,2017-06-20,122.503,126.736,122.503,122.503,13523,4474,0.0,6569
118,2017-06-21,123.748,124.993,124.495,124.744,10054,4556,1.8293,6569
119,2017-06-22,124.744,127.234,125.74,125.74,16689,4593,0.7984,6569
120,2017-06-23,123.001,127.483,126.238,123.25,18877,4502,-1.9802,6569
121,2017-06-26,124.744,126.238,126.238,125.242,10576,4574,1.6162,6569
122,2017-06-27,124.495,126.736,125.491,125.74,9333,4593,0.3976,6569
123,2017-06-28,124.495,126.238,125.74,124.993,12850,4565,-0.5941,6569
124,2017-06-29,123.499,126.736,126.736,123.499,10596,4511,-1.1952,6569
125,2017-06-30,122.005,123.499,123.499,123.25,6906,4502,-0.2016,6569
126,2017-07-03,122.005,123.499,123.001,122.005,3701,4456,-1.0101,6569
127,2017-07-04,119.017,121.756,121.756,119.017,15889,4347,-2.449,6569
128,2017-07-05,117.025,119.017,119.017,117.274,10170,4283,-1.4644,6569
129,2017-07-06,117.523,118.519,117.523,117.772,5220,4302,0.4246,6569
130,2017-07-07,115.78,117.523,117.523,116.278,5152,4247,-1.2685,6569
131,2017-07-10,118.27,124.495,118.27,122.254,32275,4465,5.1392,6569
132,2017-07-11,120.013,123.997,123.997,120.511,8538,4402,-1.4257,6569
133,2017-07-12,119.764,122.254,122.254,119.764,7026,4374,-0.6198,6569
134,2017-07-13,118.519,120.76,120.013,120.262,8179,4392,0.4158,6569
135,2017-07-14,119.515,121.009,120.013,119.764,16639,4374,-0.4141,6569
136,2017-07-17,119.764,121.258,119.764,120.262,6777,4392,0.4158,6569
137,2017-07-18,120.262,125.491,120.511,124.495,23000,4547,3.5197,6569
138,2017-07-19,122.752,125.242,124.495,122.752,13526,4483,-1.4,6569
139,2017-07-20,122.005,124.495,124.495,122.503,6931,4474,-0.2028,6569
140,2017-07-21,122.503,124.246,122.503,123.499,5615,4511,0.813,6569
141,2017-07-24,123.001,127.981,124.246,123.499,41161,4511,0.0,6569
142,2017-07-25,121.009,123.748,123.748,122.005,11086,4456,-1.2097,6569
143,2017-07-26,121.507,124.246,122.503,122.005,12324,4456,0.0,6569
144,2017-07-27,122.005,126.736,122.005,125.74,37596,4593,3.0612,6569
145,2017-07-28,125.989,136.945,125.989,132.961,171062,4856,5.7426,6569
146,2017-07-31,128.977,134.455,133.957,132.214,72350,4829,-0.5618,6569
147,2017-08-01,130.471,133.708,130.471,132.712,31453,4847,0.3766,6569
148,2017-08-02,130.72,133.21,132.463,131.467,35728,4802,-0.9381,6569
149,2017-08-03,126.985,130.969,129.973,130.222,36146,4756,-0.947,6569
150,2017-08-04,127.483,130.222,130.222,127.981,68685,4674,-1.7208,6569
151,2017-08-07,121.635,130.644,128.674,122.198,119785,4342,-4.3969,6569
152,2017-08-08,120.508,123.887,123.324,120.508,26066,4281,-1.3825,6569
153,2017-08-09,119.945,124.169,119.945,120.508,23746,4281,0.0,6569
154,2017-08-10,109.809,122.198,122.198,114.877,36740,4081,-4.6729,6569
155,2017-08-11,113.188,116.285,114.877,115.159,10445,4091,0.2451,6569
156,2017-08-14,110.935,115.44,115.44,111.217,21701,3951,-3.423,6569
157,2017-08-15,112.343,115.44,115.44,112.906,7059,4011,1.519,6569
158,2017-08-16,112.625,114.032,113.469,112.625,9485,4001,-0.2494,6569
159,2017-08-17,112.625,115.44,112.625,114.314,6282,4061,1.5,6569
160,2017-08-18,113.188,113.751,113.751,113.751,3629,4041,-0.4926,6569
161,2017-08-21,113.188,114.032,114.032,113.188,3722,4021,-0.495,6569
162,2017-08-22,113.188,114.596,113.469,113.188,4672,4021,0.0,6569
163,2017-08-23,112.625,115.159,115.159,114.032,8497,4051,0.7463,6569
164,2017-08-24,113.188,114.596,114.596,113.188,4457,4021,-0.7407,6569
165,2017-08-25,112.906,114.314,114.032,113.188,4935,4021,0.0,6569
166,2017-08-28,113.188,113.469,113.469,113.188,4830,4021,0.0,6569
167,2017-08-29,112.625,114.314,114.314,113.469,4834,4031,0.2488,6569
168,2017-08-30,113.188,114.314,113.751,113.188,4073,4021,-0.2481,6569
169,2017-08-31,114.032,118.256,114.032,115.44,14252,4101,1.99,6569
170,2017-09-01,117.411,120.508,117.411,119.101,16617,4231,3.1707,6569
171,2017-09-04,116.003,118.537,118.537,116.003,6863,4121,-2.6005,6569
172,2017-09-05,115.722,116.567,116.567,116.003,4339,4121,0.0,6569
173,2017-09-06,114.314,117.974,115.44,115.159,7400,4091,-0.7282,6569
174,2017-09-07,114.877,116.003,115.44,115.44,6155,4101,0.2445,6569
175,2017-09-08,115.159,117.411,116.848,115.159,4323,4091,-0.2439,6569
176,2017-09-11,117.13,119.945,119.945,117.411,19376,4171,1.956,6569
177,2017-09-12,117.13,119.945,118.256,117.13,7977,4161,-0.2398,6569
178,2017-09-13,115.722,117.13,117.13,115.722,5586,4111,-1.2019,6569
179,2017-09-14,115.44,116.003,115.722,115.44,3904,4101,-0.2433,6569
180,2017-09-15,113.751,115.44,115.44,114.032,2242,4051,-1.2195,6569
181,2017-09-18,114.032,115.44,114.032,114.032,4681,4051,0.0,6569
182,2017-09-19,113.751,114.877,114.877,114.032,2854,4051,0.0,6569
183,2017-09-20,112.343,113.188,112.906,112.625,10911,4001,-1.2346,6569
184,2017-09-21,112.906,114.032,113.188,112.906,4524,4011,0.25,6569
185,2017-09-22,111.78,113.188,113.188,111.78,5209,3971,-0.9975,6569
186,2017-09-25,103.615,111.78,111.217,103.615,17646,3681,-7.3048,6569
187,2017-09-26,104.178,110.372,104.741,105.304,14370,3741,1.6304,6569
188,2017-09-27,105.867,108.12,105.867,105.867,4669,3761,0.5348,6569
189,2017-09-28,105.867,108.12,105.867,106.993,2452,3801,1.0638,6569
190,2017-09-29,105.304,106.43,106.149,105.586,5599,3751,-1.3158,6569
191,2017-09-30,105.586,106.993,106.43,106.993,2212,3801,1.3333,6569
192,2017-10-02,106.43,107.838,106.43,106.993,4232,3801,0.0,6569
193,2017-10-03,105.867,107.557,106.43,106.993,3337,3801,0.0,6569
194,2017-10-05,106.712,107.557,106.993,107.275,3131,3811,0.2632,6569
195,2017-10-06,106.993,107.838,107.838,106.993,3848,3801,-0.2625,6569
196,2017-10-11,103.896,105.304,105.304,104.741,11143,3721,-2.1053,6569
197,2017-10-12,103.896,106.43,106.43,104.459,7564,3711,-0.2688,6569
198,2017-10-13,104.178,104.741,104.741,104.741,3411,3721,0.2695,6569
199,2017-10-16,102.77,104.459,104.178,102.77,5685,3651,-1.8817,6569
200,2017-10-17,97.4203,102.77,102.207,99.1096,12165,3521,-3.5616,6569
201,2017-10-18,98.5465,103.052,99.1096,100.236,13652,3561,1.1364,6569
202,2017-10-19,101.081,102.488,101.362,101.081,6676,3591,0.8427,6569
203,2017-10-20,100.236,101.362,101.362,101.362,2648,3601,0.2786,6569
204,2017-10-23,100.236,101.362,101.081,100.236,2714,3561,-1.1111,6569
205,2017-10-24,100.799,104.178,100.799,103.052,10616,3661,2.809,6569
206,2017-10-25,101.362,103.052,103.052,101.362,4432,3601,-1.6393,6569
207,2017-10-26,99.6728,101.081,99.6728,100.518,2731,3571,-0.8333,6569
208,2017-10-27,97.9834,100.236,100.236,97.9834,9664,3481,-2.521,6569
209,2017-10-30,93.4784,97.9834,97.9834,95.1678,13526,3381,-2.8736,6569
210,2017-10-31,95.7309,96.5756,95.7309,95.7309,1412,3401,0.5917,6569
211,2017-11-01,94.8862,96.8572,96.8572,94.8862,5891,3371,-0.8824,6569
212,2017-11-02,88.1287,92.9153,92.9153,89.5366,31330,3181,-5.638,6569
213,2017-11-03,90.0997,91.2259,91.2259,90.0997,6513,3201,0.6289,6569
214,2017-11-06,88.4103,89.5366,89.5366,88.4103,9870,3141,-1.875,6569
215,2017-11-07,88.1287,90.0997,88.1287,89.8181,4029,3191,1.5924,6569
216,2017-11-08,90.3812,90.6628,90.6628,90.3812,2959,3211,0.627,6569
217,2017-11-09,90.0997,91.789,90.6628,90.0997,5428,3201,-0.3115,6569
218,2017-11-10,91.2259,93.4784,92.6337,91.2259,6951,3241,1.25,6569
219,2017-11-13,92.9153,94.8862,93.4784,92.9153,5707,3301,1.8519,6569
220,2017-11-14,90.6628,92.3522,91.789,90.9444,2799,3231,-2.1212,6569
221,2017-11-15,88.4103,92.6337,90.0997,89.5366,3086,3181,-1.548,6569
222,2017-11-16,88.9734,90.0997,90.0997,90.0997,3190,3201,0.6289,6569
223,2017-11-17,89.5366,90.6628,90.6628,89.8181,2096,3191,-0.3125,6569
224,2017-11-20,90.6628,94.8862,90.6628,92.9153,9659,3301,3.4483,6569
225,2017-11-21,92.9153,95.7309,93.1969,93.76,9368,3331,0.9091,6569
226,2017-11-22,92.3522,95.1678,95.1678,92.3522,3540,3281,-1.5015,6569
227,2017-11-23,92.3522,93.4784,92.3522,92.9153,2503,3301,0.6098,6569
228,2017-11-24,92.0706,93.1969,92.3522,93.1969,2653,3311,0.303,6569
229,2017-11-27,91.789,93.4784,93.4784,91.789,2668,3261,-1.5106,6569
230,2017-11-28,90.0997,92.3522,92.3522,90.9444,2588,3231,-0.9202,6569
231,2017-11-29,88.9734,90.6628,90.6628,90.0997,5050,3201,-0.9288,6569
232,2017-11-30,88.9734,91.5075,91.5075,89.255,2703,3171,-0.9375,6569
233,2017-12-01,89.5366,90.3812,90.0997,89.5366,1798,3181,0.3155,6569
234,2017-12-04,88.4103,89.255,89.255,89.255,3074,3171,-0.3145,6569
235,2017-12-05,89.5366,90.3812,89.5366,90.0997,3037,3201,0.9464,6569
236,2017-12-06,87.2841,89.5366,89.5366,88.9734,1881,3161,-1.25,6569
237,2017-12-07,87.0025,88.1287,88.1287,87.2841,3172,3101,-1.8987,6569
238,2017-12-08,85.3131,87.8472,87.0025,86.4394,4304,3071,-0.9677,6569
239,2017-12-11,88.9734,92.6337,88.9734,90.3812,7101,3211,4.5603,6569
240,2017-12-12,88.6919,89.5366,89.5366,88.6919,2250,3151,-1.8692,6569
241,2017-12-13,88.4103,90.0997,88.6919,89.5366,2462,3181,0.9524,6569
242,2017-12-14,88.9734,91.789,91.789,88.9734,2492,3161,-0.6289,6569
243,2017-12-15,87.2841,88.6919,87.8472,88.6919,2336,3151,-0.3165,6569
244,2017-12-18,87.8472,89.8181,88.9734,87.8472,1116,3121,-0.9524,6569
245,2017-12-19,87.0025,88.4103,87.0025,87.2841,1244,3101,-0.641,6569
246,2017-12-20,87.2841,87.8472,87.8472,87.2841,854,3101,0.0,6569
247,2017-12-21,87.2841,88.4103,88.1287,87.2841,1412,3101,0.0,6569
248,2017-12-22,87.2841,88.1287,87.2841,87.8472,1400,3121,0.6452,6569
249,2017-12-25,87.5656,88.9734,87.5656,88.6919,1736,3151,0.9615,6569
250,2017-12-26,87.5656,88.4103,88.1287,87.5656,2189,3111,-1.2698,6569
251,2017-12-27,87.2841,87.5656,87.5656,87.2841,471,3101,-0.3215,6569
252,2017-12-28,87.8472,88.4103,88.1287,87.8472,1891,3121,0.6452,6569
253,2017-12-29,88.1287,89.5366,88.1287,89.5366,4287,3181,1.9231,6569
254,2018-01-02,87.2841,88.9734,87.2841,88.9734,2036,3161,-0.6289,6569
255,2018-01-03,88.4103,90.0997,90.0997,88.6919,2087,3151,-0.3165,6569
256,2018-01-04,88.1287,89.5366,89.5366,88.1287,1650,3131,-0.6349,6569
257,2018-01-05,88.1287,88.9734,88.1287,88.4103,1287,3141,0.3195,6569
258,2018-01-08,87.2841,88.6919,88.4103,88.6919,1434,3151,0.3185,6569
259,2018-01-09,87.8472,88.9734,88.4103,87.8472,1261,3121,-0.9524,6569
260,2018-01-10,86.1578,87.5656,87.5656,87.0025,3878,3091,-0.9615,6569
261,2018-01-11,86.1578,86.4394,86.1578,86.1578,1547,3061,-0.9709,6569
262,2018-01-12,85.5947,86.7209,86.7209,86.1578,2335,3061,0.0,6569
263,2018-01-15,85.8763,87.8472,86.1578,87.5656,2993,3111,1.634,6569
264,2018-01-16,87.8472,90.0997,89.5366,87.8472,5566,3121,0.3215,6569
265,2018-01-17,86.4394,86.7209,86.7209,86.4394,1248,3071,-1.6026,6569
266,2018-01-18,86.7209,87.2841,86.7209,86.7209,2004,3081,0.3257,6569
267,2018-01-19,86.7209,87.0025,87.0025,86.7209,1877,3081,0.0,6569
268,2018-01-22,86.4394,87.2841,86.7209,86.4394,1021,3071,-0.3247,6569
269,2018-01-23,85.8763,87.5656,85.8763,85.8763,3599,3051,-0.6515,6569
270,2018-01-24,85.3131,86.1578,85.8763,85.3131,3341,3031,-0.6557,6569
271,2018-01-25,85.0316,86.1578,85.5947,86.1578,867,3061,0.9901,6569
272,2018-01-26,85.3131,86.1578,85.8763,86.1578,1556,3061,0.0,6569
273,2018-01-29,85.5947,86.1578,85.5947,85.5947,1228,3041,-0.6536,6569
274,2018-01-30,85.0316,86.1578,85.5947,85.0316,1227,3021,-0.6579,6569
275,2018-01-31,84.4685,86.7209,84.4685,86.1578,2755,3061,1.3245,6569
276,2018-02-01,86.4394,91.2259,86.4394,90.9444,13954,3231,5.5556,6569
277,2018-02-02,88.9734,92.9153,90.9444,90.6628,8872,3221,-0.3096,6569
278,2018-02-05,86.7209,90.0997,88.9734,90.0997,5838,3201,-0.6211,6569
279,2018-02-06,84.75,88.4103,88.4103,85.0316,7445,3021,-5.625,6569
280,2018-02-07,85.5947,87.2841,86.1578,85.5947,3684,3041,0.6623,6569
281,2018-02-08,83.3422,85.5947,85.5947,83.3422,6487,2961,-2.6316,6569
282,2018-02-09,79.4003,84.4685,83.3422,83.9053,5075,2981,0.6757,6569
283,2018-02-12,84.4685,92.0706,84.4685,92.0706,25123,3271,9.7315,6569
284,2018-02-21,92.9153,98.5465,96.294,93.4784,26058,3321,1.5291,6569
285,2018-02-22,86.1578,90.9444,90.9444,88.9734,13441,3161,-4.8193,6569
286,2018-02-23,87.2841,90.3812,88.9734,88.6919,7591,3151,-0.3165,6569
287,2018-02-26,88.9734,91.2259,91.2259,89.5366,6741,3181,0.9524,6569
288,2018-02-27,87.8472,90.9444,89.5366,88.9734,7075,3161,-0.6289,6569
289,2018-03-01,89.5366,90.6628,89.5366,90.6628,3523,3221,1.8987,6569
290,2018-03-02,89.5366,90.6628,89.5366,90.6628,1918,3221,0.0,6569
291,2018-03-05,90.6628,91.2259,90.9444,91.2259,2499,3241,0.6211,6569
292,2018-03-06,90.0997,91.5075,91.5075,90.9444,2634,3231,-0.3086,6569
293,2018-03-07,91.789,93.4784,91.789,91.789,7617,3261,0.9288,6569
294,2018-03-08,91.789,93.1969,92.6337,91.789,7093,3261,0.0,6569
295,2018-03-09,88.9734,90.3812,90.3812,89.5366,5143,3181,-2.454,6569
296,2018-03-12,87.8472,89.5366,89.5366,88.6919,4879,3151,-0.9434,6569
297,2018-03-13,88.4103,89.255,88.6919,88.6919,3025,3151,0.0,6569
298,2018-03-14,88.9734,89.255,89.255,88.9734,964,3161,0.3175,6569
299,2018-03-15,88.9734,92.0706,88.9734,91.2259,5362,3241,2.5316,6569
300,2018-03-16,89.5366,90.6628,90.3812,89.5366,2430,3181,-1.8519,6569
301,2018-03-19,89.8181,91.789,89.8181,91.2259,1465,3241,1.8868,6569
302,2018-03-20,90.6628,95.1678,90.9444,93.1969,7707,3311,2.1605,6569
303,2018-03-21,93.1969,98.5465,93.76,95.7309,20213,3401,2.719,6569
304,2018-03-22,91.789,95.7309,95.7309,92.9153,9213,3301,-2.9412,6569
305,2018-03-23,89.5366,92.0706,89.5366,92.0706,4632,3271,-0.9091,6569
306,2018-03-26,92.9153,95.4493,92.9153,94.8862,10548,3371,3.0581,6569
307,2018-03-27,94.0415,96.294,96.294,94.6047,4932,3361,-0.2967,6569
308,2018-03-28,94.6047,95.7309,94.6047,95.1678,5302,3381,0.5952,6569
309,2018-03-29,95.1678,103.896,95.1678,102.488,33918,3641,7.6923,6569
310,2018-03-30,102.77,108.12,104.178,104.178,55937,3701,1.6484,6569
311,2018-03-31,103.896,110.372,103.896,108.12,40056,3841,3.7838,6569
312,2018-04-02,105.586,108.683,108.683,106.993,21758,3801,-1.0417,6569
313,2018-04-03,104.459,108.12,105.867,107.557,16422,3821,0.5263,6569
314,2018-04-09,104.741,109.246,109.246,105.304,17130,3741,-2.0942,6569
315,2018-04-10,100.236,106.43,105.304,100.236,20230,3561,-4.8128,6569
316,2018-04-11,98.8281,101.644,101.644,100.518,10829,3571,0.2809,6569
317,2018-04-12,99.3912,102.77,101.362,99.3912,11284,3531,-1.1204,6569
318,2018-04-13,98.265,100.236,100.236,98.265,6731,3491,-1.1331,6569
319,2018-04-16,98.5465,99.6728,99.6728,99.6728,4957,3541,1.4327,6569
320,2018-04-17,95.7309,100.236,100.236,95.7309,5309,3401,-3.9548,6569
321,2018-04-18,93.1969,96.5756,95.7309,94.3231,3905,3351,-1.4706,6569
322,2018-04-19,95.1678,98.5465,95.1678,96.294,5733,3421,2.0896,6569
323,2018-04-20,95.1678,97.4203,96.294,95.7309,4424,3401,-0.5848,6569
324,2018-04-23,95.7309,97.4203,95.7309,96.5756,4459,3431,0.8824,6569
325,2018-04-24,92.9153,98.5465,98.265,93.4784,9771,3321,-3.207,6569
326,2018-04-25,93.4784,95.7309,93.76,95.7309,4017,3401,2.4096,6569
327,2018-04-26,93.4784,98.5465,96.8572,93.4784,7158,3321,-2.3529,6569
328,2018-04-27,93.4784,94.3231,94.3231,93.4784,1849,3321,0.0,6569
329,2018-04-30,93.76,97.1387,93.76,94.6047,3040,3361,1.2048,6569
330,2018-05-02,94.0415,95.4493,94.0415,95.4493,2854,3391,0.8929,6569
331,2018-05-03,88.9734,92.6337,90.0997,89.5366,17580,3181,-6.1947,6569
332,2018-05-04,87.0025,89.5366,89.5366,88.1287,5201,3131,-1.5723,6569
333,2018-05-07,88.1287,88.4103,88.1287,88.4103,1422,3141,0.3195,6569
334,2018-05-08,87.5656,88.4103,88.4103,88.1287,2905,3131,-0.3185,6569
335,2018-05-09,87.0025,87.8472,87.8472,87.0025,2051,3091,-1.278,6569
336,2018-05-10,85.5947,87.0025,86.1578,86.4394,2644,3071,-0.6472,6569
337,2018-05-11,85.5947,86.7209,86.4394,85.5947,3128,3041,-0.9772,6569
338,2018-05-14,85.5947,86.7209,85.5947,85.5947,4755,3041,0.0,6569
339,2018-05-15,84.4685,85.8763,85.5947,85.5947,3190,3041,0.0,6569
340,2018-05-16,85.5947,86.4394,85.5947,86.1578,2456,3061,0.6579,6569
341,2018-05-17,86.1578,87.8472,86.1578,86.7209,2943,3081,0.6536,6569
342,2018-05-18,87.0025,87.8472,87.8472,87.0025,2662,3091,0.3247,6569
343,2018-05-21,86.4394,88.4103,88.4103,87.8472,1410,3121,0.9709,6569
344,2018-05-22,85.5947,87.2841,86.7209,85.5947,3070,3041,-2.5641,6569
345,2018-05-23,85.5947,86.1578,85.8763,85.8763,1083,3051,0.3289,6569
346,2018-05-24,85.0316,85.8763,85.8763,85.3131,911,3031,-0.6557,6569
347,2018-05-25,85.3131,86.1578,85.5947,85.3131,1671,3031,0.0,6569
348,2018-05-28,84.4685,85.5947,85.3131,84.75,2432,3011,-0.6601,6569
349,2018-05-29,83.3422,84.75,84.4685,84.4685,2883,3001,-0.3322,6569
350,2018-05-30,83.6238,85.0316,83.9053,83.6238,2869,2971,-1.0,6569
351,2018-05-31,83.9053,86.7209,83.9053,85.0316,2614,3021,1.6835,6569
352,2018-06-01,87.0025,88.4103,88.1287,88.1287,5349,3131,3.6424,6569
353,2018-06-04,88.1287,90.0997,88.1287,88.4103,3380,3141,0.3195,6569
354,2018-06-05,87.2841,87.5656,87.5656,87.2841,2373,3101,-1.2739,6569
355,2018-06-06,86.7209,87.8472,87.2841,87.0025,2060,3091,-0.3226,6569
356,2018-06-07,86.7209,87.2841,87.2841,86.7209,2883,3081,-0.3236,6569
357,2018-06-08,86.1578,87.0025,87.0025,86.1578,1259,3061,-0.6494,6569
358,2018-06-11,85.5947,86.1578,85.5947,86.1578,1220,3061,0.0,6569
359,2018-06-12,86.1578,86.7209,86.1578,86.7209,938,3081,0.6536,6569
360,2018-06-13,84.75,85.8763,85.8763,85.8763,2909,3051,-0.974,6569
361,2018-06-14,84.75,86.1578,86.1578,85.0316,2579,3021,-0.9836,6569
362,2018-06-15,83.9053,86.1578,84.4685,86.1578,1520,3061,1.3245,6569
363,2018-06-19,83.3422,86.1578,86.1578,83.6238,2284,2971,-2.9412,6569
364,2018-06-20,82.4975,85.0316,82.4975,82.7791,1247,2941,-1.0101,6569
365,2018-06-21,82.7791,84.4685,83.0606,83.3422,2672,2961,0.6803,6569
366,2018-06-22,81.9344,83.9053,82.216,83.9053,1206,2981,0.6757,6569
367,2018-06-25,81.9344,84.1869,82.7791,83.9053,1769,2981,0.0,6569
368,2018-06-26,82.216,83.9053,82.216,83.9053,1479,2981,0.0,6569
369,2018-06-27,82.216,83.6238,83.3422,82.4975,3187,2931,-1.6779,6569
370,2018-06-28,82.4975,84.56,84.56,84.2653,1984,2861,2.0478,6569
371,2018-06-29,83.0868,84.2653,84.2653,83.6761,2214,2840,-0.6993,6569
372,2018-07-02,82.4975,84.56,84.56,82.4975,2398,2800,-1.4085,6569
373,2018-07-03,79.5512,83.0868,82.4975,80.1404,4253,2720,-2.8571,6569
374,2018-07-04,72.1853,78.6673,78.6673,75.4263,8432,2560,-5.8824,6569
375,2018-07-05,70.1229,73.9531,73.9531,70.1229,6322,2380,-7.0313,6569
376,2018-07-06,65.7034,69.8283,69.5336,68.3551,3964,2320,-2.521,6569
377,2018-07-09,65.998,69.8283,68.3551,69.8283,2971,2370,2.1552,6569
378,2018-07-10,67.1766,68.3551,68.0605,67.7658,2378,2300,-2.9536,6569
379,2018-07-11,68.3551,71.3014,68.3551,70.1229,1203,2380,3.4783,6569
380,2018-07-12,70.1229,72.48,70.1229,72.1853,3791,2450,2.9412,6569
381,2018-07-13,70.1229,71.8907,71.8907,70.7122,4091,2400,-2.0408,6569
382,2018-07-16,69.8283,70.7122,70.4175,69.8283,1712,2370,-1.25,6569
383,2018-07-17,69.8283,69.8283,69.8283,69.8283,240,2370,0.0,6569
384,2018-07-18,69.239,70.1229,70.1229,69.239,1307,2350,-0.8439,6569
385,2018-07-19,68.9444,69.5336,68.9444,69.5336,360,2360,0.4255,6569
386,2018-07-20,69.8283,70.1229,70.1229,69.8283,1307,2370,0.4237,6569
387,2018-07-23,68.9444,68.9444,68.9444,68.9444,120,2340,-1.2658,6569
388,2018-07-24,69.5336,70.1229,69.5336,69.5336,366,2360,0.8547,6569
389,2018-07-25,68.9444,70.1229,69.5336,70.1229,858,2380,0.8475,6569
390,2018-07-26,68.3551,70.1229,70.1229,69.5336,830,2360,-0.8403,6569
391,2018-07-27,69.8283,70.1229,70.1229,70.1229,1200,2380,0.8475,6569
392,2018-07-30,70.7122,72.48,72.48,70.7122,989,2400,0.8403,6569
393,2018-07-31,70.4175,70.7122,70.4175,70.7122,396,2400,0.0,6569
394,2018-08-01,69.5336,71.0068,70.7122,70.7122,1679,2400,0.0,6569
395,2018-08-02,75.4263,77.7834,76.0156,77.7834,76094,2640,10.0,6569
396,2018-08-03,73.9531,78.3726,76.3102,77.7834,37401,2640,0.0,6569
397,2018-08-06,72.48,76.0156,76.0156,73.6585,30360,2500,-5.303,6569
398,2018-08-07,73.0692,74.837,73.0692,73.9531,7101,2510,0.4,6569
399,2018-08-08,74.2478,75.4263,75.1317,74.2478,8879,2520,0.3984,6569
400,2018-08-09,74.837,76.6048,74.837,75.4263,6327,2560,1.5873,6569
401,2018-08-10,75.1317,76.6048,75.4263,75.4263,6821,2560,0.0,6569
402,2018-08-13,71.8907,75.4263,75.4263,72.1853,3353,2450,-4.2969,6569
403,2018-08-14,71.3014,72.7746,72.1853,72.7746,3584,2470,0.8163,6569
404,2018-08-15,72.48,73.0692,73.0692,72.48,3080,2460,-0.4049,6569
405,2018-08-16,71.8907,72.48,72.48,71.8907,2759,2440,-0.813,6569
406,2018-08-17,72.7746,74.837,73.0692,72.7746,3119,2470,1.2295,6569
407,2018-08-20,72.7746,74.5424,73.3639,74.2478,2501,2520,2.0243,6569
408,2018-08-21,73.9531,74.2478,74.2478,74.2478,2017,2520,0.0,6569
409,2018-08-22,74.2478,75.1317,74.2478,74.2478,2037,2520,0.0,6569
410,2018-08-23,73.9531,75.4263,75.4263,73.9531,1278,2510,-0.3968,6569
411,2018-08-24,73.6585,73.9531,73.9531,73.6585,763,2500,-0.3984,6569
412,2018-08-27,72.7746,73.6585,73.6585,72.7746,2234,2470,-1.2,6569
413,2018-08-28,72.7746,73.0692,73.0692,73.0692,1864,2480,0.4049,6569
414,2018-08-29,72.7746,73.9531,72.7746,73.9531,2245,2510,1.2097,6569
415,2018-08-30,73.6585,73.9531,73.6585,73.6585,888,2500,-0.3984,6569
416,2018-08-31,74.2478,75.4263,74.2478,75.1317,3173,2550,2.0,6569
417,2018-09-03,74.2478,75.4263,75.4263,74.2478,2033,2520,-1.1765,6569
418,2018-09-04,74.837,77.4887,74.837,77.1941,6765,2620,3.9683,6569
419,2018-09-05,75.7209,77.4887,77.1941,76.3102,5598,2590,-1.145,6569
420,2018-09-06,75.4263,76.8995,76.6048,75.4263,3146,2560,-1.1583,6569
421,2018-09-07,73.6585,75.4263,75.4263,73.6585,4449,2500,-2.3438,6569
422,2018-09-10,71.5961,73.6585,73.0692,73.0692,4771,2480,-0.8,6569
423,2018-09-11,71.3014,72.48,72.48,71.3014,2086,2420,-2.4194,6569
424,2018-09-12,71.3014,72.48,71.3014,71.8907,1951,2440,0.8264,6569
425,2018-09-13,71.3014,71.8907,71.8907,71.5961,1714,2430,-0.4098,6569
426,2018-09-14,71.8907,72.48,71.8907,72.48,736,2460,1.2346,6569
427,2018-09-17,72.48,72.7746,72.7746,72.48,622,2460,0.0,6569
428,2018-09-18,72.1853,73.9531,73.0692,72.1853,1115,2450,-0.4065,6569
429,2018-09-19,72.48,73.0692,72.48,73.0692,416,2480,1.2245,6569
430,2018-09-20,71.3014,72.1853,72.1853,71.3014,2248,2420,-2.4194,6569
431,2018-09-21,70.7122,72.1853,72.1853,71.3014,2650,2420,0.0,6569
432,2018-09-25,70.4175,71.0068,70.7122,71.0068,492,2410,-0.4132,6569
433,2018-09-26,71.0068,71.3014,71.0068,71.3014,723,2420,0.4149,6569
434,2018-09-27,71.3014,71.5961,71.3014,71.5961,242,2430,0.4132,6569
435,2018-09-28,71.0068,72.1853,71.5961,71.0068,986,2410,-0.823,6569
436,2018-10-01,71.8907,72.1853,72.1853,71.8907,367,2440,1.2448,6569
437,2018-10-02,71.3014,71.8907,71.8907,71.8907,608,2440,0.0,6569
438,2018-10-03,72.48,73.6585,73.6585,72.48,1863,2460,0.8197,6569
439,2018-10-04,71.5961,71.8907,71.8907,71.5961,608,2430,-1.2195,6569
440,2018-10-05,70.1229,70.7122,70.7122,70.1229,836,2380,-2.0576,6569
441,2018-10-08,68.0605,70.1229,70.1229,68.0605,696,2310,-2.9412,6569
442,2018-10-09,67.7658,69.239,69.239,67.7658,486,2300,-0.4329,6569
443,2018-10-11,60.9892,65.998,65.998,63.0517,4390,2140,-6.9565,6569
444,2018-10-12,60.9892,63.9356,60.9892,63.3463,2351,2150,0.4673,6569
445,2018-10-15,61.2839,63.3463,63.3463,63.3463,1377,2150,0.0,6569
446,2018-10-16,63.6409,63.9356,63.9356,63.6409,541,2160,0.4651,6569
447,2018-10-17,63.0517,64.5248,64.2302,63.6409,865,2160,0.0,6569
448,2018-10-18,63.0517,64.5248,64.5248,63.6409,649,2160,0.0,6569
449,2018-10-19,62.757,63.3463,63.3463,63.3463,535,2150,-0.463,6569
450,2018-10-22,63.9356,64.8195,63.9356,64.5248,656,2190,1.8605,6569
451,2018-10-23,63.6409,65.7034,63.6409,65.7034,547,2230,1.8265,6569
452,2018-10-24,64.2302,65.7034,64.5248,65.1141,1333,2210,-0.8969,6569
453,2018-10-25,62.4624,63.9356,63.9356,62.4624,758,2120,-4.0724,6569
454,2018-10-26,61.8731,62.4624,62.4624,62.4624,426,2120,0.0,6569
455,2018-10-29,62.4624,62.4624,62.4624,62.4624,318,2120,0.0,6569
456,2018-10-30,59.2214,62.4624,62.4624,62.1678,939,2110,-0.4717,6569
457,2018-10-31,61.2839,63.3463,62.4624,61.8731,528,2100,-0.4739,6569
458,2018-11-01,61.8731,63.0517,63.0517,62.4624,531,2120,0.9524,6569
459,2018-11-02,60.6946,62.4624,62.4624,61.2839,1171,2080,-1.8868,6569
460,2018-11-05,60.6946,64.2302,60.6946,64.2302,1377,2180,4.8077,6569
461,2018-11-06,70.1229,70.4175,70.4175,70.4175,12300,2390,9.633,6569
462,2018-11-07,69.5336,76.6048,72.1853,70.7122,18423,2400,0.4184,6569
463,2018-11-08,68.3551,71.8907,71.8907,68.3551,4390,2320,-3.3333,6569
464,2018-11-09,70.1229,73.3639,73.3639,72.48,5220,2460,6.0345,6569
465,2018-11-12,70.7122,72.48,71.3014,71.0068,2916,2410,-2.0325,6569
466,2018-11-13,67.4712,71.3014,67.4712,71.0068,2150,2410,0.0,6569
467,2018-11-14,71.3014,75.1317,72.1853,74.837,4528,2540,5.3942,6569
468,2018-11-15,73.3639,75.7209,75.7209,74.837,4351,2540,0.0,6569
469,2018-11-16,75.1317,78.078,76.3102,78.078,13150,2650,4.3307,6569
470,2018-11-19,78.3726,80.1404,79.8458,78.9619,7359,2680,1.1321,6569
471,2018-11-20,77.1941,78.078,77.7834,77.4887,4898,2630,-1.8657,6569
472,2018-11-21,75.1317,77.4887,75.1317,77.4887,5208,2630,0.0,6569
473,2018-11-22,77.4887,78.9619,78.6673,77.4887,3057,2630,0.0,6569
474,2018-11-23,77.4887,78.6673,78.3726,78.078,4259,2650,0.7605,6569
475,2018-11-26,76.6048,78.3726,78.078,77.1941,3829,2620,-1.1321,6569
476,2018-11-27,77.1941,78.3726,78.3726,78.3726,5560,2660,1.5267,6569
477,2018-11-28,76.8995,79.2565,78.078,78.9619,5233,2680,0.7519,6569
478,2018-11-29,75.1317,78.3726,78.3726,75.7209,11071,2570,-4.1045,6569
479,2018-11-30,75.7209,77.1941,76.8995,77.1941,3786,2620,1.9455,6569
480,2018-12-03,76.6048,79.2565,77.4887,78.6673,8179,2670,1.9084,6569
481,2018-12-04,76.6048,78.9619,78.9619,77.7834,6868,2640,-1.1236,6569
482,2018-12-05,76.8995,77.7834,77.4887,76.8995,3416,2610,-1.1364,6569
483,2018-12-06,73.6585,76.8995,76.8995,73.6585,4866,2500,-4.2146,6569
484,2018-12-07,74.837,75.7209,74.837,75.4263,1732,2560,2.4,6569
485,2018-12-10,75.1317,78.078,75.4263,77.7834,3019,2640,3.125,6569
486,2018-12-11,77.1941,78.3726,77.7834,78.3726,5441,2660,0.7576,6569
487,2018-12-12,78.3726,81.9083,78.3726,81.9083,9370,2780,4.5113,6569
488,2018-12-13,80.7297,83.6761,82.4975,81.319,9188,2760,-0.7194,6569
489,2018-12-14,81.319,83.0868,81.9083,82.4975,7574,2800,1.4493,6569
490,2018-12-17,80.7297,83.0868,83.0868,81.0243,3321,2750,-1.7857,6569
491,2018-12-18,78.9619,80.7297,80.4351,79.5512,2621,2700,-1.8182,6569
492,2018-12-19,78.6673,79.5512,79.5512,78.6673,1501,2670,-1.1111,6569
493,2018-12-20,77.1941,79.2565,79.2565,78.078,3305,2650,-0.7491,6569
494,2018-12-21,76.0156,78.078,77.7834,78.078,3688,2650,0.0,6569
495,2018-12-22,78.078,78.078,78.078,78.078,19,2650,0.0,6569
496,2018-12-24,76.6048,77.4887,76.8995,77.4887,707,2630,-0.7547,6569
497,2018-12-25,76.6048,76.8995,76.8995,76.6048,1041,2600,-1.1407,6569
498,2018-12-26,76.3102,77.1941,76.8995,76.3102,421,2590,-0.3846,6569
499,2018-12-27,76.6048,77.1941,77.1941,76.8995,522,2610,0.7722,6569
500,2018-12-28,76.0156,76.6048,76.3102,76.6048,932,2600,-0.3831,6569
501,2019-01-02,76.6048,76.8995,76.6048,76.8995,664,2610,0.3846,6569
502,2019-01-03,76.6048,76.6048,76.6048,76.6048,520,2600,-0.3831,6569
503,2019-01-04,75.1317,76.6048,75.1317,76.6048,1173,2600,0.0,6569
504,2019-01-07,76.6048,78.3726,76.6048,78.3726,1185,2660,2.3077,6569
505,2019-01-08,78.3726,79.5512,78.3726,78.3726,1483,2660,0.0,6569
506,2019-01-09,77.1941,78.3726,78.3726,77.1941,942,2620,-1.5038,6569
507,2019-01-10,78.3726,79.5512,78.3726,78.9619,3757,2680,2.2901,6569
508,2019-01-11,78.9619,81.319,79.2565,81.319,3430,2760,2.9851,6569
509,2019-01-14,81.319,83.9707,83.9707,81.319,1416,2760,0.0,6569
510,2019-01-15,80.4351,81.9083,81.9083,80.4351,2074,2730,-1.087,6569
511,2019-01-16,78.078,80.7297,80.4351,80.7297,2028,2740,0.3663,6569
512,2019-01-17,79.2565,80.4351,79.8458,80.1404,1631,2720,-0.7299,6569
513,2019-01-18,79.8458,80.1404,80.1404,79.8458,273,2710,-0.3676,6569
514,2019-01-21,79.5512,81.319,81.319,80.7297,2335,2740,1.107,6569
515,2019-01-22,79.8458,80.4351,80.1404,79.8458,1091,2710,-1.0949,6569
516,2019-01-23,80.1404,81.9083,80.1404,80.7297,3033,2740,1.107,6569
517,2019-01-24,80.7297,84.2653,80.7297,83.9707,11709,2850,4.0146,6569
518,2019-01-25,84.2653,88.9795,84.56,88.6848,13462,3011,5.614,6569
519,2019-01-28,86.0331,89.5687,88.9795,86.0331,9013,2921,-2.99,6569
520,2019-01-29,84.56,86.6224,86.0331,86.6224,2335,2941,0.6849,6569
521,2019-01-30,84.8546,86.0331,86.0331,85.4439,3682,2901,-1.3605,6569
522,2019-02-11,86.0331,88.6848,86.0331,88.6848,7320,3011,3.7931,6569
523,2019-02-12,89.2741,92.5151,89.2741,90.7473,12684,3081,2.3256,6569
524,2019-02-13,87.8009,91.0419,90.7473,88.9795,9068,3021,-1.9481,6569
525,2019-02-14,85.4439,87.8009,87.8009,86.917,16795,2951,-2.3179,6569
526,2019-02-15,86.6224,88.9795,87.5063,88.9795,6407,3021,2.3729,6569
527,2019-02-18,88.9795,91.3365,90.158,91.0419,12563,3091,2.3179,6569
528,2019-02-19,90.7473,93.399,91.0419,90.7473,8315,3081,-0.3236,6569
529,2019-02-20,90.158,91.9258,91.9258,90.4526,8164,3071,-0.3247,6569
530,2019-02-21,89.5687,90.4526,90.4526,90.4526,6157,3071,0.0,6569
531,2019-02-22,89.5687,91.3365,91.3365,89.5687,5229,3041,-0.9772,6569
532,2019-02-25,89.2741,91.0419,89.2741,90.4526,5995,3071,0.9868,6569
533,2019-02-26,90.7473,91.6312,91.6312,91.0419,4514,3091,0.6515,6569
534,2019-02-27,90.7473,91.3365,90.7473,91.0419,4025,3091,0.0,6569
535,2019-03-04,89.5687,91.0419,91.0419,91.0419,1474,3091,0.0,6569
536,2019-03-05,91.0419,91.9258,91.3365,91.0419,1709,3091,0.0,6569
537,2019-03-06,91.9258,96.0507,91.9258,93.1043,8747,3161,2.2654,6569
538,2019-03-07,91.6312,93.6936,91.9258,91.9258,2669,3121,-1.2658,6569
539,2019-03-08,91.9258,92.8097,91.9258,92.8097,2369,3151,0.9615,6569
540,2019-03-11,93.1043,93.6936,93.1043,93.399,1312,3171,0.6349,6569
541,2019-03-12,93.1043,93.6936,93.399,93.6936,2449,3181,0.3155,6569
542,2019-03-13,93.399,94.2829,94.2829,93.399,1645,3171,-0.3145,6569
543,2019-03-14,92.8097,93.1043,93.1043,93.1043,3015,3161,-0.3155,6569
544,2019-03-15,92.8097,93.399,92.8097,92.8097,2567,3151,-0.3165,6569
545,2019-03-18,92.8097,93.1043,92.8097,92.8097,1596,3151,0.0,6569
546,2019-03-19,87.8009,93.1043,93.1043,89.8634,11330,3051,-3.1746,6569
547,2019-03-20,90.158,91.6312,90.4526,91.6312,3722,3111,1.9672,6569
548,2019-03-21,91.6312,92.5151,92.2204,91.9258,3366,3121,0.3215,6569
549,2019-03-22,92.5151,92.8097,92.5151,92.5151,3017,3141,0.641,6569
550,2019-03-25,91.3365,92.5151,92.5151,91.9258,2428,3121,-0.6369,6569
551,2019-03-26,91.9258,91.9258,91.9258,91.9258,941,3121,0.0,6569
552,2019-03-27,91.6312,92.2204,92.2204,91.9258,3338,3121,0.0,6569
553,2019-03-28,90.158,93.1043,93.1043,90.158,3728,3061,-1.9231,6569
554,2019-03-29,89.8634,90.7473,90.7473,89.8634,1453,3051,-0.3268,6569
555,2019-04-01,89.2741,90.158,90.158,89.5687,3078,3041,-0.3279,6569
556,2019-04-02,89.5687,89.8634,89.5687,89.8634,1413,3051,0.3289,6569
557,2019-04-03,90.158,90.158,90.158,90.158,208,3061,0.3279,6569
558,2019-04-08,90.158,90.7473,90.158,90.7473,1488,3081,0.6536,6569
559,2019-04-09,93.1043,98.7024,94.8721,95.4614,13951,3241,5.1948,6569
560,2019-04-10,94.2829,96.9346,96.0507,95.7561,5054,3251,0.3086,6569
561,2019-04-11,94.5775,96.9346,96.9346,94.5775,4956,3211,-1.2308,6569
562,2019-04-12,94.5775,96.64,94.5775,94.8721,3435,3221,0.3115,6569
563,2019-04-15,94.8721,96.9346,95.4614,96.9346,4519,3291,2.1739,6569
564,2019-04-16,96.3453,98.4078,98.4078,97.5239,3846,3311,0.6079,6569
565,2019-04-17,98.4078,101.06,98.4078,99.8809,13893,3391,2.4169,6569
566,2019-04-18,96.0507,98.7024,98.7024,96.0507,8327,3261,-3.8348,6569
567,2019-04-19,96.3453,100.176,96.3453,99.2917,9185,3371,3.3742,6569
568,2019-04-22,99.5863,100.765,99.5863,99.8809,6167,3391,0.5935,6569
569,2019-04-23,99.5863,101.06,101.06,100.176,6670,3401,0.295,6569
570,2019-04-24,100.765,104.89,100.765,101.06,13534,3431,0.8824,6569
571,2019-04-25,100.176,101.649,101.354,100.47,6203,3411,-0.5831,6569
572,2019-04-26,100.176,102.827,100.176,102.533,8381,3481,2.0528,6569
573,2019-04-29,102.533,104.89,104.3,103.711,13252,3521,1.1494,6569
574,2019-04-30,101.06,104.595,104.595,102.827,9279,3491,-0.8523,6569
575,2019-05-02,101.354,103.711,103.122,102.827,10736,3491,0.0,6569
576,2019-05-03,100.765,102.238,102.238,101.943,4028,3461,-0.8596,6569
577,2019-05-06,96.9346,101.06,101.06,96.9346,10763,3291,-4.9133,6569
578,2019-05-07,97.2292,100.176,97.8185,100.176,6084,3401,3.3435,6569
579,2019-05-08,98.1131,100.176,98.997,100.176,5719,3401,0.0,6569
580,2019-05-09,98.4078,100.765,100.176,100.47,6442,3411,0.2941,6569
581,2019-05-10,98.4078,101.06,100.765,98.4078,3623,3341,-2.0528,6569
582,2019-05-13,96.9346,97.2292,97.2292,96.9346,1862,3291,-1.497,6569
583,2019-05-14,91.3365,96.3453,94.2829,95.4614,4172,3241,-1.5198,6569
584,2019-05-15,95.4614,98.997,96.0507,98.7024,2385,3351,3.3951,6569
585,2019-05-16,96.3453,97.2292,97.2292,96.64,1837,3281,-2.0896,6569
586,2019-05-17,96.64,97.8185,97.8185,96.64,1327,3281,0.0,6569
587,2019-05-20,95.1668,98.4078,98.4078,96.3453,5040,3271,-0.3049,6569
588,2019-05-21,96.3453,96.64,96.3453,96.64,381,3281,0.3058,6569
589,2019-05-22,97.8185,98.4078,98.4078,97.8185,1675,3321,1.2195,6569
590,2019-05-23,96.3453,97.2292,97.2292,96.3453,821,3271,-1.506,6569
591,2019-05-24,95.4614,97.5239,95.4614,96.3453,853,3271,0.0,6569
592,2019-05-27,96.9346,97.5239,96.9346,97.5239,667,3311,1.2232,6569
593,2019-05-28,98.997,98.997,98.997,98.997,336,3361,1.5106,6569
594,2019-05-29,96.64,97.2292,97.2292,96.64,1429,3281,-2.381,6569
595,2019-05-30,96.0507,96.64,96.0507,96.64,845,3281,0.0,6569
596,2019-05-31,96.64,97.5239,97.5239,96.64,1038,3281,0.0,6569
597,2019-06-03,97.2292,97.2292,97.2292,97.2292,2343,3301,0.6098,6569
598,2019-06-04,96.9346,97.8185,97.8185,96.9346,1018,3291,-0.303,6569
599,2019-06-05,97.2292,97.8185,97.8185,97.5239,925,3311,0.6079,6569
600,2019-06-06,96.9346,98.7024,97.2292,97.8185,854,3321,0.3021,6569
601,2019-06-10,99.5863,99.8809,99.5863,99.5863,2418,3381,1.8072,6569
602,2019-06-11,100.176,103.122,100.176,102.238,6428,3471,2.6627,6569
603,2019-06-12,101.06,102.827,102.827,101.06,2153,3431,-1.1527,6569
604,2019-06-13,102.238,102.238,102.238,102.238,884,3471,1.1662,6569
605,2019-06-14,101.06,101.943,101.649,101.06,714,3431,-1.1527,6569
606,2019-06-17,99.8809,101.354,101.06,101.06,1558,3431,0.0,6569
607,2019-06-18,99.5863,100.176,100.176,99.5863,1085,3381,-1.4577,6569
608,2019-06-19,99.8809,100.176,100.176,99.8809,3126,3391,0.2959,6569
609,2019-06-20,99.8809,100.176,99.8809,100.176,857,3401,0.295,6569
610,2019-06-21,99.8809,101.06,100.765,99.8809,4106,3391,-0.2941,6569
611,2019-06-24,99.8809,101.06,99.8809,101.06,3897,3431,1.1799,6569
612,2019-06-25,101.06,101.943,101.649,101.354,10646,3441,0.2915,6569
613,2019-06-26,100.47,101.649,101.354,100.47,6640,3411,-0.8721,6569
614,2019-06-27,99.5511,101.389,100.47,99.8574,3225,3261,-0.5865,6569
615,2019-06-28,99.8574,101.083,99.8574,100.47,2743,3281,0.6135,6569
616,2019-07-01,100.47,101.083,101.083,101.083,1253,3301,0.6098,6569
617,2019-07-02,99.8574,101.695,101.083,101.083,1847,3301,0.0,6569
618,2019-07-03,101.695,102.614,101.695,102.614,2008,3351,1.5152,6569
619,2019-07-04,102.921,103.533,102.921,102.921,2405,3361,0.2985,6569
620,2019-07-05,103.227,105.677,103.533,105.065,2434,3431,2.0833,6569
621,2019-07-08,104.758,105.677,105.677,105.371,3273,3441,0.2915,6569
622,2019-07-09,105.371,107.209,105.371,105.984,7838,3461,0.5814,6569
623,2019-07-10,105.371,105.984,105.984,105.984,3495,3461,0.0,6569
624,2019-07-11,105.371,105.984,105.677,105.984,2312,3461,0.0,6569
625,2019-07-12,105.371,106.903,105.984,106.596,4279,3481,0.578,6569
626,2019-07-15,106.903,108.434,107.209,107.515,9544,3511,0.8621,6569
627,2019-07-16,107.822,109.353,108.74,107.822,5592,3521,0.2849,6569
628,2019-07-17,105.984,108.128,108.128,107.822,4937,3521,0.0,6569
629,2019-07-18,106.903,107.822,107.209,106.903,2832,3491,-0.8523,6569
630,2019-07-19,107.209,107.822,107.822,107.822,3889,3521,0.8596,6569
631,2019-07-22,108.74,110.272,109.047,109.047,8643,3561,1.1364,6569
632,2019-07-23,108.434,109.047,109.047,108.434,2135,3541,-0.5618,6569
633,2019-07-24,108.434,109.047,109.047,108.434,2836,3541,0.0,6569
634,2019-07-25,108.434,109.659,108.434,109.659,4142,3581,1.1299,6569
635,2019-07-26,109.659,110.578,109.659,110.578,6088,3611,0.838,6569
636,2019-07-29,111.497,113.029,113.029,111.804,7488,3651,1.108,6569
637,2019-07-30,107.209,112.11,112.11,109.966,10997,3591,-1.6438,6569
638,2019-07-31,109.966,111.191,110.272,110.885,1378,3621,0.8357,6569
639,2019-08-01,107.515,109.659,109.659,109.659,4995,3581,-1.105,6569
640,2019-08-02,106.596,108.74,108.74,107.209,5194,3501,-2.2346,6569
641,2019-08-05,105.677,106.903,106.596,106.903,2081,3491,-0.2857,6569
642,2019-08-06,104.146,106.903,104.146,106.903,1292,3491,0.0,6569
643,2019-08-07,106.29,107.822,107.515,107.822,1268,3521,0.8596,6569
644,2019-08-08,109.047,113.335,109.047,111.497,20758,3641,3.4091,6569
645,2019-08-12,112.11,114.56,112.11,113.948,18821,3721,2.1978,6569
646,2019-08-13,112.722,115.479,113.948,114.867,9924,3751,0.8065,6569
647,2019-08-14,115.479,119.768,115.786,119.768,24188,3911,4.2667,6569
648,2019-08-15,118.542,124.056,119.768,123.443,23806,4031,3.0691,6569
649,2019-08-16,119.768,123.137,123.137,120.38,16154,3931,-2.4814,6569
650,2019-08-19,119.768,121.912,121.912,121.912,8850,3981,1.2723,6569
651,2019-08-20,121.606,125.588,121.606,125.588,24739,4101,3.0151,6569
652,2019-08-21,122.524,126.813,126.813,125.588,20403,4101,0.0,6569
653,2019-08-22,125.345,127.704,125.682,126.019,18718,4115,0.3415,6569
654,2019-08-23,121.302,126.356,126.356,123.66,20366,4038,-1.8717,6569
655,2019-08-26,120.291,121.976,121.976,121.976,8300,3983,-1.3624,6569
656,2019-08-27,120.628,123.323,123.323,120.965,6593,3950,-0.8287,6569
657,2019-08-28,120.628,121.976,120.965,120.965,4332,3950,0.0,6569
658,2019-08-29,118.943,121.639,121.639,120.291,4530,3928,-0.5571,6569
659,2019-08-30,120.291,122.649,120.291,122.649,3943,4005,1.9608,6569
660,2019-09-02,120.628,122.649,120.628,122.649,2055,4005,0.0,6569
661,2019-09-03,120.965,121.639,121.639,121.302,2091,3961,-1.0989,6569
662,2019-09-04,123.66,128.714,123.66,126.693,14319,4137,4.4444,6569
663,2019-09-05,125.345,127.704,126.019,127.03,4022,4148,0.266,6569
664,2019-09-06,127.03,130.062,130.062,127.03,3230,4148,0.0,6569
665,2019-09-09,121.302,122.986,121.639,121.639,7566,3972,-4.244,6569
666,2019-09-10,119.954,121.302,121.302,120.291,5746,3928,-1.108,6569
667,2019-09-11,120.628,122.986,122.986,120.628,2006,3939,0.2801,6569
668,2019-09-12,120.291,120.965,120.965,120.291,1975,3928,-0.2793,6569
669,2019-09-16,118.943,120.291,120.291,118.943,5879,3884,-1.1204,6569
670,2019-09-17,118.943,118.943,118.943,118.943,1305,3884,0.0,6569
671,2019-09-18,119.954,121.302,119.954,121.302,3959,3961,1.983,6569
672,2019-09-19,120.628,122.313,122.313,120.628,2171,3939,-0.5556,6569
673,2019-09-20,120.628,121.302,120.628,121.302,1978,3961,0.5587,6569
674,2019-09-23,119.617,121.302,121.302,119.617,1448,3906,-1.3889,6569
675,2019-09-24,119.617,121.302,119.617,121.302,1273,3961,1.4085,6569
676,2019-09-25,119.617,121.302,121.302,120.628,1967,3939,-0.5556,6569
677,2019-09-26,119.617,120.628,119.954,120.291,1974,3928,-0.2793,6569
678,2019-09-27,117.932,119.954,119.954,118.606,4429,3873,-1.4006,6569
679,2019-10-01,116.584,118.269,118.269,117.258,6463,3829,-1.1364,6569
680,2019-10-02,115.911,117.258,116.247,116.584,4179,3807,-0.5747,6569
681,2019-10-03,115.237,118.606,115.574,118.606,5554,3873,1.7341,6569
682,2019-10-04,117.258,119.617,119.617,117.258,1616,3829,-1.1364,6569
683,2019-10-07,116.584,117.932,117.258,117.932,5607,3851,0.5747,6569
684,2019-10-08,115.237,116.921,116.921,116.247,5285,3796,-1.4286,6569
685,2019-10-09,110.182,112.541,111.867,111.193,18572,3631,-4.3478,6569
686,2019-10-14,110.519,112.204,111.867,110.519,8728,3609,-0.6061,6569
687,2019-10-15,109.845,113.215,110.519,111.193,6675,3631,0.6098,6569
688,2019-10-16,110.856,112.541,111.193,112.541,4215,3675,1.2121,6569
689,2019-10-17,109.508,112.878,111.193,111.867,6389,3653,-0.5988,6569
690,2019-10-18,112.541,114.226,112.541,114.226,2120,3730,2.1084,6569
691,2019-10-21,113.889,114.226,114.226,114.226,1253,3730,0.0,6569
692,2019-10-22,113.215,114.226,113.215,113.889,759,3719,-0.295,6569
693,2019-10-23,113.889,114.563,114.563,114.226,1437,3730,0.2959,6569
694,2019-10-24,114.563,115.911,114.563,115.574,3324,3774,1.1799,6569
695,2019-10-25,112.541,115.911,115.911,114.9,2867,3752,-0.5831,6569
696,2019-10-28,113.889,114.563,114.563,113.889,1566,3719,-0.8798,6569
697,2019-10-29,113.552,113.889,113.889,113.552,556,3708,-0.2959,6569
698,2019-10-30,113.552,114.226,113.552,114.226,3270,3730,0.5935,6569
699,2019-10-31,113.889,115.574,113.889,114.9,1383,3752,0.59,6569
700,2019-11-01,114.9,115.574,114.9,115.574,1782,3774,0.5865,6569
701,2019-11-04,115.574,116.584,115.911,116.584,5470,3807,0.8746,6569
702,2019-11-05,115.911,116.921,116.584,116.247,1580,3796,-0.289,6569
703,2019-11-06,115.911,116.584,116.584,115.911,1413,3785,-0.2899,6569
704,2019-11-07,115.574,116.247,116.247,115.574,1203,3774,-0.2907,6569
705,2019-11-08,112.541,114.9,114.563,112.541,5292,3675,-2.6239,6569
706,2019-11-11,111.867,114.226,113.552,113.552,6726,3708,0.8982,6569
707,2019-11-12,111.867,113.889,113.552,111.867,5087,3653,-1.4837,6569
708,2019-11-13,111.193,111.867,111.867,111.193,2510,3631,-0.6024,6569
709,2019-11-14,111.193,111.53,111.53,111.193,1172,3631,0.0,6569
710,2019-11-15,111.193,113.215,111.193,113.215,1522,3697,1.8182,6569
711,2019-11-18,112.204,113.215,113.215,112.204,2624,3664,-0.8929,6569
712,2019-11-19,112.204,112.204,112.204,112.204,538,3664,0.0,6569
713,2019-11-20,111.193,112.204,112.204,111.53,2844,3642,-0.6006,6569
714,2019-11-21,111.193,111.53,111.193,111.53,2048,3642,0.0,6569
715,2019-11-22,111.193,115.911,111.193,113.552,4637,3708,1.8127,6569
716,2019-11-25,112.204,113.552,112.204,112.878,3214,3686,-0.5935,6569
717,2019-11-26,111.867,113.889,112.878,111.867,1411,3653,-0.8955,6569
718,2019-11-27,111.53,112.204,112.204,111.867,1867,3653,0.0,6569
719,2019-11-28,111.867,111.867,111.867,111.867,522,3653,0.0,6569
720,2019-11-29,111.53,112.541,112.541,111.53,1849,3642,-0.3012,6569
721,2019-12-02,111.53,111.867,111.53,111.53,1068,3642,0.0,6569
722,2019-12-03,111.53,111.867,111.53,111.867,870,3653,0.3021,6569
723,2019-12-04,111.53,111.53,111.53,111.53,498,3642,-0.3012,6569
724,2019-12-05,111.53,112.541,111.867,112.541,1518,3675,0.9063,6569
725,2019-12-06,111.867,111.867,111.867,111.867,1328,3653,-0.5988,6569
726,2019-12-09,111.867,112.878,112.204,112.204,2183,3664,0.3012,6569
727,2019-12-10,109.508,110.519,110.519,109.508,10969,3576,-2.4024,6569
728,2019-12-11,108.161,109.171,109.171,108.161,5866,3532,-1.2308,6569
729,2019-12-12,106.476,109.508,109.508,106.476,6439,3477,-1.5576,6569
730,2019-12-13,103.443,107.15,107.15,103.443,6766,3378,-2.8481,6569
731,2019-12-16,101.085,103.106,101.422,102.096,8092,3334,-1.3029,6569
732,2019-12-17,101.422,103.106,101.759,103.106,4596,3367,0.9901,6569
733,2019-12-18,102.433,103.106,102.433,103.106,931,3367,0.0,6569
734,2019-12-19,102.433,102.433,102.433,102.433,1095,3345,-0.6536,6569
735,2019-12-20,101.759,103.106,103.106,103.106,2350,3367,0.6579,6569
736,2019-12-23,102.096,103.106,102.433,102.769,2165,3356,-0.3268,6569
737,2019-12-24,103.106,103.78,103.106,103.106,2009,3367,0.3279,6569
738,2019-12-25,103.106,103.443,103.106,103.443,3715,3378,0.3268,6569
739,2019-12-26,103.106,103.443,103.106,103.106,2755,3367,-0.3257,6569
740,2019-12-27,104.117,109.171,104.454,107.15,6350,3499,3.9216,6569
741,2019-12-30,104.454,107.15,107.15,105.128,2986,3433,-1.8868,6569
742,2019-12-31,105.465,105.802,105.802,105.802,1602,3455,0.641,6569
743,2020-01-02,106.139,107.824,106.139,107.15,3201,3499,1.2739,6569
744,2020-01-03,105.465,107.15,107.15,105.465,2359,3444,-1.5723,6569
745,2020-01-06,105.128,105.802,105.802,105.128,2363,3433,-0.3195,6569
746,2020-01-07,105.802,106.813,106.476,105.802,1797,3455,0.641,6569
747,2020-01-08,104.791,105.802,104.791,104.791,2079,3422,-0.9554,6569
748,2020-01-09,106.476,107.824,106.813,106.813,2083,3488,1.9293,6569
749,2020-01-10,105.128,107.824,107.824,106.813,788,3488,0.0,6569
750,2020-01-13,107.15,107.15,107.15,107.15,954,3499,0.3155,6569
751,2020-01-14,107.15,107.487,107.15,107.487,573,3510,0.3145,6569
752,2020-01-15,107.15,108.161,107.15,107.824,1885,3521,0.3135,6569
753,2020-01-16,108.161,109.508,108.161,108.498,2098,3543,0.625,6569
754,2020-01-17,107.824,109.171,107.824,108.835,1170,3554,0.3106,6569
755,2020-01-20,109.171,111.193,109.171,109.845,6438,3587,0.9288,6569
756,2020-01-30,106.476,107.824,106.813,106.476,4209,3477,-3.0675,6569
757,2020-01-31,106.476,108.161,107.824,107.15,4643,3499,0.6329,6569
758,2020-02-03,102.433,103.106,103.106,103.106,3078,3367,-3.7736,6569
759,2020-02-04,104.454,104.791,104.454,104.454,1169,3411,1.3072,6569
760,2020-02-05,104.454,104.791,104.454,104.454,1105,3411,0.0,6569
761,2020-02-06,106.139,107.15,107.15,106.139,1790,3466,1.6129,6569
762,2020-02-07,104.454,105.802,105.128,105.128,1592,3433,-0.9524,6569
763,2020-02-10,99.7369,102.096,99.7369,102.096,3458,3334,-2.8846,6569
764,2020-02-11,101.759,102.096,102.096,102.096,1737,3334,0.0,6569
765,2020-02-12,102.433,103.106,102.433,103.106,1581,3367,0.9901,6569
766,2020-02-13,102.769,103.106,103.106,102.769,1555,3356,-0.3268,6569
767,2020-02-14,102.096,102.769,102.769,102.433,2009,3345,-0.3279,6569
768,2020-02-17,102.433,102.769,102.433,102.769,1554,3356,0.3289,6569
769,2020-02-18,101.759,102.769,102.769,102.433,1087,3345,-0.3279,6569
770,2020-02-19,102.433,105.128,102.433,103.78,790,3389,1.3158,6569
771,2020-02-20,103.78,104.791,104.791,104.117,1440,3400,0.3247,6569
772,2020-02-21,103.443,105.465,105.465,103.443,774,3378,-0.6472,6569
773,2020-02-24,102.433,103.78,102.433,103.78,3364,3389,0.3257,6569
774,2020-02-25,111.867,113.889,113.552,113.889,16594,3719,9.7403,6569
775,2020-02-26,116.584,122.649,122.649,119.28,51797,3895,4.7337,6569
776,2020-02-27,114.563,119.28,119.28,115.574,28174,3774,-3.1073,6569
777,2020-03-02,113.889,119.28,115.574,118.943,18639,3884,2.9155,6569
778,2020-03-03,117.932,121.639,119.954,117.932,13829,3851,-0.8499,6569
779,2020-03-04,114.9,116.921,116.921,116.584,10230,3807,-1.1429,6569
780,2020-03-05,116.584,117.932,117.258,117.258,8110,3829,0.578,6569
781,2020-03-06,117.258,118.269,117.258,117.595,4043,3840,0.2874,6569
782,2020-03-09,115.237,118.606,118.606,116.584,5660,3807,-0.8596,6569
783,2020-03-10,113.215,115.911,115.574,115.237,7402,3763,-1.1561,6569
784,2020-03-11,113.215,116.584,115.237,113.215,9436,3697,-1.7544,6569
785,2020-03-12,106.139,113.215,113.215,109.845,14673,3587,-2.9762,6569
786,2020-03-13,101.422,106.813,105.465,105.465,12549,3444,-3.9877,6569
787,2020-03-16,105.128,107.824,105.802,106.476,10256,3477,0.9585,6569
788,2020-03-17,104.117,110.519,105.128,107.15,14384,3499,0.6329,6569
789,2020-03-18,105.465,108.498,105.465,106.813,7070,3488,-0.3145,6569
790,2020-03-19,99.7369,104.454,104.454,103.106,14957,3367,-3.47,6569
791,2020-03-20,103.443,109.171,103.443,106.813,6977,3488,3.5948,6569
792,2020-03-23,102.433,105.802,104.117,105.465,3305,3444,-1.2618,6569
793,2020-03-24,106.813,107.824,107.15,107.15,4995,3499,1.5974,6569
794,2020-03-25,107.487,108.835,107.824,107.487,7631,3510,0.3145,6569
795,2020-03-26,106.813,108.835,106.813,108.835,4367,3554,1.2539,6569
796,2020-03-27,108.835,110.856,109.845,109.171,8783,3565,0.3096,6569
797,2020-03-30,107.15,110.182,107.487,109.845,3764,3587,0.6173,6569
798,2020-03-31,109.171,110.856,109.508,109.845,3937,3587,0.0,6569
799,2020-04-01,107.824,111.193,108.498,110.856,3795,3620,0.9202,6569
800,2020-04-06,109.845,112.541,112.204,110.856,7475,3620,0.0,6569
801,2020-04-07,111.193,113.215,111.193,111.867,8647,3653,0.9119,6569
802,2020-04-08,111.867,117.258,111.867,117.258,15004,3829,4.8193,6569
803,2020-04-09,111.867,114.563,111.867,113.889,21116,3719,-2.8736,6569
804,2020-04-10,112.541,113.889,113.215,112.541,4480,3675,-1.1834,6569
805,2020-04-13,112.204,113.889,113.889,112.878,4814,3686,0.2994,6569
806,2020-04-14,112.878,114.226,112.878,113.552,5624,3708,0.597,6569
807,2020-04-15,113.215,114.9,113.552,114.226,4976,3730,0.5935,6569
808,2020-04-16,113.552,114.9,114.9,113.889,1919,3719,-0.295,6569
809,2020-04-17,114.9,115.911,114.9,114.9,9647,3752,0.8876,6569
810,2020-04-20,114.563,115.911,114.9,114.9,5313,3752,0.0,6569
811,2020-04-21,111.193,114.9,114.9,112.204,11231,3664,-2.346,6569
812,2020-04-22,111.867,113.215,112.204,112.878,4183,3686,0.6006,6569
813,2020-04-23,113.215,113.889,113.215,113.889,3042,3719,0.8955,6569
814,2020-04-24,113.215,114.226,113.215,113.889,4072,3719,0.0,6569
815,2020-04-27,114.226,115.574,115.574,115.574,3971,3774,1.4793,6569
816,2020-04-28,114.9,116.584,115.911,115.911,5005,3785,0.2915,6569
817,2020-04-29,115.237,116.584,115.574,116.584,2630,3807,0.5814,6569
818,2020-04-30,115.911,116.584,116.584,116.584,4044,3807,0.0,6569
819,2020-05-04,115.237,115.911,115.237,115.574,2151,3774,-0.8671,6569
820,2020-05-05,115.237,115.574,115.574,115.237,2429,3763,-0.2915,6569
821,2020-05-06,114.9,117.932,115.237,116.584,5468,3807,1.1696,6569
822,2020-05-07,116.921,117.932,117.595,116.921,3318,3818,0.289,6569
823,2020-05-08,116.247,117.258,117.258,116.247,4615,3796,-0.5764,6569
824,2020-05-11,116.247,117.258,117.258,116.921,1939,3818,0.5797,6569
825,2020-05-12,111.867,114.563,114.563,113.215,18040,3697,-3.17,6569
826,2020-05-13,112.878,115.237,113.215,115.237,3899,3763,1.7857,6569
827,2020-05-14,113.552,115.237,113.889,114.226,2743,3730,-0.8772,6569
828,2020-05-15,113.215,113.889,113.889,113.889,2417,3719,-0.295,6569
829,2020-05-18,112.204,113.215,113.215,112.541,4888,3675,-1.1834,6569
830,2020-05-19,112.541,112.878,112.878,112.878,3686,3686,0.2994,6569
831,2020-05-20,112.204,112.541,112.541,112.204,2049,3664,-0.597,6569
832,2020-05-21,112.204,114.226,112.204,112.541,4895,3675,0.3003,6569
833,2020-05-22,112.541,113.552,112.878,113.215,2415,3697,0.5988,6569
834,2020-05-25,115.237,117.258,115.237,116.247,14696,3796,2.6786,6569
835,2020-05-26,115.237,116.584,116.584,115.911,5283,3785,-0.2899,6569
836,2020-05-27,114.563,117.258,115.911,114.563,7378,3741,-1.1628,6569
837,2020-05-28,114.563,115.237,114.563,114.563,2079,3741,0.0,6569
838,2020-05-29,113.889,116.247,114.563,116.247,5337,3796,1.4706,6569
839,2020-06-01,115.574,116.584,116.584,116.584,2468,3807,0.2899,6569
840,2020-06-02,115.911,116.921,116.921,115.911,4940,3785,-0.578,6569
841,2020-06-03,116.247,117.932,117.932,116.584,3695,3807,0.5814,6569
842,2020-06-04,116.584,116.921,116.921,116.584,3654,3807,0.0,6569
843,2020-06-05,116.921,117.595,117.258,117.258,3532,3829,0.578,6569
844,2020-06-08,117.258,118.269,117.595,117.595,8674,3840,0.2874,6569
845,2020-06-09,115.574,117.258,116.921,116.584,4533,3807,-0.8596,6569
846,2020-06-10,115.574,116.584,116.584,115.574,1438,3774,-0.8671,6569
847,2020-06-11,114.563,115.911,115.911,114.563,6532,3741,-0.8746,6569
848,2020-06-12,113.215,114.9,113.215,114.563,2746,3741,0.0,6569
849,2020-06-15,114.563,116.584,114.9,114.9,3608,3752,0.2941,6569
850,2020-06-16,115.237,116.247,116.247,115.237,1754,3763,0.2933,6569
851,2020-06-17,115.574,116.584,115.911,116.584,3538,3807,1.1696,6569
852,2020-06-18,116.584,117.595,116.921,116.584,3317,3807,0.0,6569
853,2020-06-19,116.584,116.921,116.921,116.584,2638,3807,0.0,6569
854,2020-06-22,116.584,117.595,116.584,116.921,3344,3818,0.289,6569
855,2020-06-23,116.921,117.258,117.258,116.921,1996,3818,0.0,6569
856,2020-06-24,116.584,117.595,117.595,116.921,5235,3818,0.0,6569
857,2020-06-29,116.247,117.258,117.258,116.247,3697,3796,-0.5764,6569
858,2020-06-30,116.584,116.921,116.584,116.921,1078,3818,0.5797,6569
859,2020-07-01,116.584,117.258,116.921,116.584,1660,3807,-0.2882,6569
860,2020-07-02,116.247,117.932,116.584,117.595,8408,3840,0.8671,6569
861,2020-07-03,116.584,117.932,117.932,117.258,6136,3829,-0.2865,6569
862,2020-07-06,117.258,117.932,117.258,117.595,6105,3840,0.2874,6569
863,2020-07-07,116.921,118.269,118.269,116.921,2208,3818,-0.5731,6569
864,2020-07-08,116.584,117.932,117.258,117.932,7561,3851,0.8646,6569
865,2020-07-09,117.595,119.28,117.932,118.269,9237,3862,0.2857,6569
866,2020-07-10,117.258,118.606,117.932,118.606,6491,3873,0.2849,6569
867,2020-07-13,115.911,118.943,117.932,115.911,13764,3785,-2.2727,6569
868,2020-07-14,111.867,117.258,115.911,112.541,18427,3675,-2.907,6569
869,2020-07-15,111.193,113.215,112.878,112.204,6842,3664,-0.2994,6569
870,2020-07-16,111.53,113.552,113.552,112.541,3562,3675,0.3003,6569
871,2020-07-17,111.193,112.204,111.193,111.867,5697,3653,-0.5988,6569
872,2020-07-20,111.193,111.867,111.867,111.867,3156,3653,0.0,6569
873,2020-07-21,113.552,116.247,113.889,114.563,5112,3741,2.4096,6569
874,2020-07-22,115.574,116.247,116.247,115.911,4759,3785,1.1765,6569
875,2020-07-23,115.237,115.911,115.911,115.911,2619,3785,0.0,6569
876,2020-07-24,114.9,116.921,115.574,115.237,6027,3763,-0.5814,6569
877,2020-07-27,114.9,117.258,115.237,115.237,6443,3763,0.0,6569
878,2020-07-28,114.9,117.258,116.584,114.9,5199,3752,-0.2924,6569
879,2020-07-29,114.9,116.247,114.9,116.247,3990,3796,1.173,6569
880,2020-07-30,116.247,117.258,116.584,116.921,2960,3818,0.5797,6569
881,2020-07-31,116.584,120.628,116.584,118.943,10933,3884,1.7291,6569
882,2020-08-03,119.617,122.649,119.617,122.649,20829,4005,3.1161,6569
883,2020-08-04,120.628,122.986,122.986,120.965,29369,3950,-1.3736,6569
884,2020-08-05,121.139,127.24,121.139,124.625,25497,3934,2.9248,6569
885,2020-08-06,121.575,125.932,124.625,121.575,10273,3837,-2.4476,6569
886,2020-08-07,121.575,123.318,122.011,122.011,5833,3851,0.3584,6569
887,2020-08-10,120.268,123.754,123.754,120.268,8333,3796,-1.4286,6569
888,2020-08-11,117.653,120.268,120.268,118.089,8580,3727,-1.8116,6569
889,2020-08-12,117.217,118.525,118.089,118.089,4480,3727,0.0,6569
890,2020-08-13,118.089,118.96,118.525,118.089,3814,3727,0.0,6569
891,2020-08-14,116.346,118.089,118.089,116.781,2747,3686,-1.107,6569
892,2020-08-17,118.089,120.268,118.089,119.832,2776,3782,2.6119,6569
893,2020-08-18,119.396,120.268,120.268,120.268,1654,3796,0.3636,6569
894,2020-08-19,120.268,123.754,120.268,122.011,5142,3851,1.4493,6569
895,2020-08-20,118.96,122.446,122.446,119.396,4575,3768,-2.1429,6569
896,2020-08-21,118.525,120.268,119.832,119.396,3957,3768,0.0,6569
897,2020-08-24,119.832,121.139,119.832,120.268,1422,3796,0.7299,6569
898,2020-08-25,121.139,123.754,123.754,122.882,2701,3878,2.1739,6569
899,2020-08-26,122.446,124.625,123.754,123.318,3442,3892,0.3546,6569
900,2020-08-27,121.575,123.754,123.318,121.575,1870,3837,-1.4134,6569
901,2020-08-28,122.011,122.446,122.011,122.011,2102,3851,0.3584,6569
902,2020-08-31,121.139,122.011,122.011,121.139,3231,3824,-0.7143,6569
903,2020-09-01,119.832,121.139,121.139,119.832,4577,3783,-1.0791,6569
904,2020-09-02,120.268,120.268,120.268,120.268,427,3796,0.3636,6569
905,2020-09-03,120.268,122.011,120.268,121.575,2365,3838,1.087,6569
906,2020-09-04,121.139,121.139,121.139,121.139,611,3824,-0.3584,6569
907,2020-09-07,121.139,122.882,121.139,121.575,3529,3838,0.3597,6569
908,2020-09-08,121.575,122.011,122.011,121.575,1551,3838,0.0,6569
909,2020-09-09,119.832,121.139,121.139,119.832,4782,3783,-1.4337,6569
910,2020-09-10,119.832,121.139,120.268,119.832,4817,3783,0.0,6569
911,2020-09-11,117.653,119.832,119.832,118.525,7864,3741,-1.0909,6569
912,2020-09-14,118.525,120.268,118.525,120.268,2954,3796,1.4706,6569
913,2020-09-15,118.96,120.703,120.703,119.396,2388,3769,-0.7246,6569
914,2020-09-16,118.96,119.832,119.396,119.832,3294,3783,0.365,6569
915,2020-09-17,119.396,120.268,120.268,119.832,1205,3783,0.0,6569
916,2020-09-18,119.396,120.268,119.832,119.396,2235,3769,-0.3636,6569
917,2020-09-21,117.653,119.396,119.396,118.525,3458,3741,-0.7299,6569
918,2020-09-22,118.089,118.525,118.525,118.089,1242,3728,-0.3676,6569
919,2020-09-23,118.089,119.396,118.525,118.089,3355,3728,0.0,6569
920,2020-09-24,115.91,118.089,118.089,116.346,4437,3673,-1.476,6569
921,2020-09-25,115.91,116.346,116.346,116.346,1369,3673,0.0,6569
922,2020-09-28,115.91,119.396,115.91,117.217,1887,3700,0.7491,6569
923,2020-09-29,116.781,117.653,117.217,116.781,586,3686,-0.3717,6569
924,2020-09-30,116.346,117.217,117.217,116.346,1177,3673,-0.3731,6569
925,2020-10-05,115.474,117.653,117.653,115.474,1620,3645,-0.7491,6569
926,2020-10-06,115.91,116.346,115.91,115.91,1164,3659,0.3774,6569
927,2020-10-07,115.474,116.781,115.91,116.346,1078,3673,0.3759,6569
928,2020-10-08,115.91,116.781,116.346,115.91,2033,3659,-0.3745,6569
929,2020-10-12,113.296,115.039,115.039,113.731,2630,3590,-1.8797,6569
930,2020-10-13,113.731,115.039,115.039,113.731,815,3590,0.0,6569
931,2020-10-14,114.167,115.474,115.474,114.603,553,3618,0.7663,6569
932,2020-10-15,113.296,114.603,113.731,113.296,2172,3576,-1.1407,6569
933,2020-10-16,112.86,113.296,113.296,112.86,1218,3563,-0.3846,6569
934,2020-10-19,108.067,112.424,112.424,110.245,7305,3480,-2.3166,6569
935,2020-10-20,101.966,109.81,109.81,106.324,10058,3356,-3.5573,6569
936,2020-10-21,106.324,107.195,106.324,106.324,1128,3356,0.0,6569
937,2020-10-22,104.581,104.581,104.581,104.581,165,3301,-1.6393,6569
938,2020-10-23,105.016,107.195,105.452,107.195,1500,3384,2.5,6569
939,2020-10-26,105.016,106.324,105.016,106.324,1047,3356,-0.813,6569
940,2020-10-27,105.452,105.888,105.452,105.888,641,3342,-0.4098,6569
941,2020-10-28,105.888,106.759,106.324,105.888,1525,3342,0.0,6569
942,2020-10-29,102.838,106.324,102.838,106.324,241,3356,0.4115,6569
943,2020-10-30,105.888,106.324,106.324,105.888,1354,3342,-0.4098,6569
944,2020-11-02,104.581,104.581,104.581,104.581,696,3301,-1.2346,6569
945,2020-11-03,105.016,105.016,105.016,105.016,135,3315,0.4167,6569
946,2020-11-04,106.324,106.759,106.759,106.324,501,3356,1.2448,6569
947,2020-11-05,105.452,106.759,106.324,106.759,935,3370,0.4098,6569
948,2020-11-06,104.145,107.195,104.581,104.145,3048,3287,-2.449,6569
949,2020-11-09,106.324,111.552,106.324,109.81,3437,3466,5.4393,6569
950,2020-11-10,105.016,109.81,109.81,106.324,2504,3356,-3.1746,6569
951,2020-11-11,105.016,108.067,105.452,107.631,1970,3398,1.2295,6569
952,2020-11-12,107.195,108.067,107.631,107.195,911,3384,-0.4049,6569
953,2020-11-13,107.195,107.195,107.195,107.195,507,3384,0.0,6569
954,2020-11-16,107.195,108.067,107.195,107.195,1889,3384,0.0,6569
955,2020-11-17,105.452,107.195,107.195,105.452,888,3329,-1.626,6569
956,2020-11-18,105.016,108.938,105.452,108.938,1991,3439,3.3058,6569
957,2020-11-19,108.067,108.067,108.067,108.067,184,3411,-0.8,6569
958,2020-11-20,105.452,109.81,108.067,109.81,1417,3466,1.6129,6569
959,2020-11-23,108.067,109.374,109.374,108.938,2009,3439,-0.7937,6569
960,2020-11-24,108.067,108.067,108.067,108.067,1364,3411,-0.8,6569
961,2020-11-25,107.195,108.502,108.502,108.067,1856,3411,0.0,6569
962,2020-11-26,106.759,109.81,106.759,109.81,431,3466,1.6129,6569
963,2020-11-27,108.938,109.81,109.81,108.938,617,3439,-0.7937,6569
964,2020-11-30,108.067,108.938,108.938,108.067,2806,3411,-0.8,6569
965,2020-12-01,108.067,108.067,108.067,108.067,1054,3411,0.0,6569
966,2020-12-02,110.245,111.988,110.245,111.552,7021,3521,3.2258,6569
967,2020-12-03,111.117,111.552,111.552,111.117,898,3508,-0.3906,6569
968,2020-12-04,110.681,111.988,111.552,110.681,1800,3494,-0.3922,6569
969,2020-12-07,110.245,110.681,110.681,110.245,1177,3480,-0.3937,6569
970,2020-12-08,110.245,110.245,110.245,110.245,1424,3480,0.0,6569
971,2020-12-09,110.245,112.86,111.552,111.988,4692,3535,1.581,6569
972,2020-12-10,111.988,113.296,113.296,111.988,2008,3535,0.0,6569
973,2020-12-11,112.424,115.039,112.424,113.296,5997,3576,1.1673,6569
974,2020-12-14,115.474,116.781,115.474,116.781,3634,3686,3.0769,6569
975,2020-12-15,115.474,118.089,118.089,116.346,3197,3673,-0.3731,6569
976,2020-12-16,116.346,117.217,117.217,116.346,2785,3673,0.0,6569
977,2020-12-17,116.346,116.781,116.781,116.346,2707,3673,0.0,6569
978,2020-12-18,115.91,116.346,116.346,116.346,845,3673,0.0,6569
979,2020-12-21,116.346,117.217,117.217,116.346,679,3673,0.0,6569
980,2020-12-22,116.346,116.346,116.346,116.346,137,3673,0.0,6569
981,2020-12-23,115.474,117.653,115.91,115.474,2948,3645,-0.7491,6569
982,2020-12-24,114.603,117.653,117.653,114.603,1230,3618,-0.7547,6569
983,2020-12-25,114.167,114.603,114.603,114.167,1055,3604,-0.3802,6569
984,2020-12-28,113.731,116.346,116.346,113.731,1130,3590,-0.3817,6569
985,2020-12-29,113.296,113.731,113.731,113.296,983,3576,-0.3831,6569
986,2020-12-30,113.731,115.039,115.039,114.167,2630,3604,0.7692,6569
987,2020-12-31,113.296,113.731,113.731,113.296,1968,3576,-0.7634,6569
988,2021-01-04,112.86,113.296,113.296,113.296,1343,3576,0.0,6569
989,2021-01-05,112.424,113.296,112.86,113.296,816,3576,0.0,6569
990,2021-01-06,111.988,114.167,114.167,112.86,2018,3563,-0.3846,6569
991,2021-01-07,112.424,112.86,112.86,112.86,1295,3563,0.0,6569
992,2021-01-08,112.424,112.86,112.86,112.424,1370,3549,-0.3861,6569
993,2021-01-11,114.167,115.91,114.167,115.039,2353,3631,2.3256,6569
994,2021-01-12,113.296,113.731,113.731,113.296,790,3576,-1.5152,6569
995,2021-01-13,111.988,112.424,112.424,112.424,1065,3549,-0.7692,6569
996,2021-01-14,111.552,114.167,111.552,113.731,1602,3590,1.1628,6569
997,2021-01-15,111.988,112.424,112.424,111.988,639,3535,-1.5326,6569
998,2021-01-18,109.81,112.424,109.81,112.424,571,3549,0.3891,6569
999,2021-01-19,112.424,113.296,112.424,113.296,273,3576,0.7752,6569
1000,2021-01-20,111.552,113.296,112.424,113.296,1927,3576,0.0,6569
1001,2021-01-21,110.681,112.86,111.552,111.117,1116,3508,-1.9231,6569
1002,2021-01-22,110.681,111.117,111.117,110.681,1199,3494,-0.3922,6569
1003,2021-01-25,110.681,110.681,110.681,110.681,44,3494,0.0,6569
1004,2021-01-26,108.067,111.117,109.374,111.117,1129,3508,0.3937,6569
1005,2021-01-27,108.067,109.81,108.502,108.502,1557,3425,-2.3529,6569
1006,2021-01-28,108.502,109.81,108.502,108.938,844,3439,0.4016,6569
1007,2021-01-29,108.938,108.938,108.938,108.938,3,3439,0.0,6569
1008,2021-02-01,105.452,106.759,106.324,106.759,1465,3370,-2.0,6569
1009,2021-02-02,106.324,107.195,106.759,107.195,874,3384,0.4082,6569
1010,2021-02-03,105.888,107.195,107.195,106.324,641,3356,-0.813,6569
1011,2021-02-04,106.324,109.374,106.324,109.374,749,3453,2.8689,6569
1012,2021-02-05,108.938,110.245,109.374,110.245,1321,3480,0.7968,6569
1013,2021-02-17,106.759,110.681,106.759,108.938,1749,3439,-1.1858,6569
1014,2021-02-18,110.245,115.039,110.245,115.039,2721,3631,5.6,6569
1015,2021-02-19,113.296,114.167,113.296,114.167,1203,3604,-0.7576,6569
1016,2021-02-22,114.167,115.91,114.167,115.474,3801,3645,1.145,6569
1017,2021-02-23,115.039,115.91,115.91,115.039,1085,3631,-0.3774,6569
1018,2021-02-24,114.603,115.91,115.039,115.039,2389,3631,0.0,6569
1019,2021-02-25,115.039,115.91,115.039,115.039,1403,3631,0.0,6569
1020,2021-02-26,116.781,124.189,117.217,123.318,20906,3893,7.197,6569
1021,2021-03-02,122.446,124.625,124.189,123.318,10362,3893,0.0,6569
1022,2021-03-03,121.139,122.011,122.011,122.011,3507,3851,-1.0601,6569
1023,2021-03-04,120.268,121.139,121.139,120.268,2904,3796,-1.4286,6569
1024,2021-03-05,118.525,120.268,120.268,118.525,4104,3741,-1.4493,6569
1025,2021-03-08,119.396,120.703,119.396,120.703,1239,3810,1.8382,6569
1026,2021-03-09,118.525,120.703,119.832,118.525,2270,3741,-1.8051,6569
1027,2021-03-10,119.396,120.703,120.703,119.832,1296,3783,1.1029,6569
1028,2021-03-11,119.396,120.703,119.396,119.832,2188,3783,0.0,6569
1029,2021-03-12,119.396,120.703,120.703,119.396,1729,3769,-0.3636,6569
1030,2021-03-15,119.832,121.575,119.832,121.139,2685,3824,1.4599,6569
1031,2021-03-16,121.139,122.011,121.575,121.575,2330,3838,0.3597,6569
1032,2021-03-17,122.011,122.882,122.011,122.882,3613,3879,1.0753,6569
1033,2021-03-18,122.882,123.754,123.318,123.318,1975,3893,0.3546,6569
1034,2021-03-19,122.882,122.882,122.882,122.882,568,3879,-0.3534,6569
1035,2021-03-22,118.525,122.011,122.011,122.011,2894,3851,-0.7092,6569
1036,2021-03-23,120.268,122.011,121.575,120.268,885,3796,-1.4286,6569
1037,2021-03-24,120.703,121.575,121.139,121.575,2685,3838,1.087,6569
1038,2021-03-25,121.139,122.882,121.575,122.882,1183,3879,1.0753,6569
1039,2021-03-26,122.011,123.318,122.446,122.446,2640,3865,-0.3546,6569
1040,2021-03-29,122.011,122.882,122.446,122.011,1992,3851,-0.3559,6569
1041,2021-03-30,120.703,122.446,122.011,122.446,1361,3865,0.3571,6569
1042,2021-03-31,120.703,121.575,121.575,121.139,2002,3824,-1.0676,6569
1043,2021-04-01,120.268,121.139,121.139,121.139,1853,3824,0.0,6569
1044,2021-04-06,120.268,123.754,121.139,120.703,6804,3810,-0.3597,6569
1045,2021-04-07,120.703,121.575,120.703,120.703,2424,3810,0.0,6569
1046,2021-04-08,120.703,122.446,120.703,122.446,3074,3865,1.444,6569
1047,2021-04-09,122.446,123.318,122.446,123.318,5777,3893,0.7117,6569
1048,2021-04-12,123.318,123.754,123.318,123.318,4764,3893,0.0,6569
1049,2021-04-13,122.011,123.318,123.318,122.011,2713,3851,-1.0601,6569
1050,2021-04-14,119.396,121.139,121.139,121.139,6202,3824,-0.7143,6569
1051,2021-04-15,120.703,121.575,121.139,121.139,2646,3824,0.0,6569
1052,2021-04-16,121.139,121.575,121.139,121.139,2575,3824,0.0,6569
1053,2021-04-19,119.832,122.446,120.703,122.011,3382,3851,0.7194,6569
1054,2021-04-20,120.268,122.446,120.268,122.446,1471,3865,0.3571,6569
1055,2021-04-21,121.139,122.446,122.011,122.011,706,3851,-0.3559,6569
1056,2021-04-22,120.268,122.882,122.882,120.268,3538,3796,-1.4286,6569
1057,2021-04-23,120.268,121.139,121.139,121.139,3513,3824,0.7246,6569
1058,2021-04-26,120.268,121.575,120.703,120.703,2411,3810,-0.3597,6569
1059,2021-04-27,120.268,122.011,122.011,120.703,4216,3810,0.0,6569
1060,2021-04-28,120.703,121.139,121.139,120.703,1148,3810,0.0,6569
1061,2021-04-29,121.139,121.139,121.139,121.139,417,3824,0.361,6569
1062,2021-05-03,119.396,121.139,120.268,120.268,1946,3796,-0.7194,6569
1063,2021-05-04,117.653,119.832,119.832,117.653,4001,3714,-2.1739,6569
1064,2021-05-05,116.781,117.653,117.217,117.653,5008,3714,0.0,6569
1065,2021-05-06,117.217,117.653,117.653,117.217,1262,3700,-0.3704,6569
1066,2021-05-07,117.653,118.525,117.653,118.525,3584,3741,1.1152,6569
1067,2021-05-10,116.781,118.96,118.525,117.653,2845,3714,-0.7353,6569
1068,2021-05-11,115.039,117.217,117.217,115.039,5023,3631,-2.2222,6569
1069,2021-05-12,107.195,115.039,113.296,111.552,5995,3521,-3.0303,6569
1070,2021-05-13,111.552,111.552,111.552,111.552,1216,3521,0.0,6569
1071,2021-05-14,110.681,112.86,112.424,112.424,1037,3549,0.7813,6569
1072,2021-05-17,108.067,113.296,110.681,109.81,1690,3466,-2.3256,6569
1073,2021-05-18,110.245,112.86,112.86,111.988,797,3535,1.9841,6569
1074,2021-05-19,109.81,112.424,112.424,111.988,509,3535,0.0,6569
1075,2021-05-20,108.938,109.81,108.938,109.81,408,3466,-1.9455,6569
1076,2021-05-21,110.245,110.681,110.245,110.681,253,3494,0.7937,6569
1077,2021-05-24,110.681,111.552,110.681,111.117,687,3508,0.3937,6569
1078,2021-05-25,111.117,111.988,111.552,111.988,2179,3535,0.7843,6569
1079,2021-05-26,110.245,112.86,111.988,111.552,1311,3521,-0.3891,6569
1080,2021-05-27,112.424,115.039,113.296,112.424,516,3549,0.7813,6569
1081,2021-05-28,111.552,113.296,112.424,113.296,516,3576,0.7752,6569
1082,2021-05-31,113.296,113.296,113.296,113.296,266,3576,0.0,6569
1083,2021-06-01,111.552,111.552,111.552,111.552,275,3521,-1.5385,6569
1084,2021-06-02,111.552,112.424,111.552,112.424,1677,3549,0.7813,6569
1085,2021-06-03,110.681,112.86,110.681,110.681,1652,3494,-1.5504,6569
1086,2021-06-04,110.681,112.424,110.681,110.681,766,3494,0.0,6569
1087,2021-06-07,109.81,110.681,110.681,109.81,641,3466,-0.7874,6569
1088,2021-06-08,109.81,112.86,109.81,112.86,639,3563,2.7778,6569
1089,2021-06-09,110.681,112.424,110.681,110.681,752,3494,-1.9305,6569
1090,2021-06-10,111.552,112.86,112.424,112.86,1341,3563,1.9685,6569
1091,2021-06-11,112.424,113.296,113.296,112.424,548,3549,-0.3861,6569
1092,2021-06-15,111.552,111.552,111.552,111.552,353,3521,-0.7752,6569
1093,2021-06-16,110.245,112.424,110.245,112.424,2254,3549,0.7813,6569
1094,2021-06-17,112.424,112.424,112.424,112.424,917,3549,0.0,6569
1095,2021-06-18,111.988,112.424,112.424,112.424,1210,3549,0.0,6569
1096,2021-06-21,110.681,111.552,110.681,111.552,1509,3521,-0.7752,6569
1097,2021-06-22,112.86,112.86,112.86,112.86,772,3563,1.1719,6569
1098,2021-06-23,114.167,115.91,114.167,115.039,1636,3631,1.9305,6569
1099,2021-06-24,112.86,115.474,115.474,112.86,569,3563,-1.8939,6569
1100,2021-06-25,113.296,113.296,113.296,113.296,332,3576,0.3861,6569
1101,2021-06-28,113.296,113.296,113.296,113.296,237,3576,0.0,6569
1102,2021-06-29,112.424,113.296,113.296,112.424,1734,3549,-0.7692,6569
1103,2021-06-30,113.296,119.396,113.296,117.217,4363,3700,4.2636,6569
1104,2021-07-01,114.167,118.96,114.167,118.96,2948,3755,1.487,6569
1105,2021-07-02,117.217,118.96,118.525,117.217,2046,3700,-1.4652,6569
1106,2021-07-05,117.217,118.96,118.525,118.96,1247,3755,1.487,6569
1107,2021-07-06,118.96,119.396,119.396,118.96,921,3755,0.0,6569
1108,2021-07-07,118.96,118.96,118.96,118.96,26,3755,0.0,6569
1109,2021-07-08,117.217,119.396,117.217,118.525,1561,3741,-0.3663,6569
1110,2021-07-09,115.91,119.396,119.396,117.217,1938,3700,-1.1029,6569
1111,2021-07-12,115.474,118.089,115.474,118.089,417,3728,0.7435,6569
1112,2021-07-13,114.167,116.781,116.346,114.167,3109,3604,-3.321,6569
1113,2021-07-14,112.424,115.91,114.167,113.296,1743,3576,-0.7634,6569
1114,2021-07-15,115.039,117.217,117.217,115.039,689,3631,1.5385,6569
1115,2021-07-16,113.296,115.039,113.296,115.039,306,3631,0.0,6569
1116,2021-07-19,112.86,115.039,113.296,113.296,683,3576,-1.5152,6569
1117,2021-07-20,113.296,116.781,115.91,113.296,399,3576,0.0,6569
1118,2021-07-21,113.296,113.296,113.296,113.296,277,3576,0.0,6569
1119,2021-07-22,112.424,115.039,113.296,115.039,981,3631,1.5385,6569
1120,2021-07-23,113.296,114.167,114.167,113.296,441,3576,-1.5152,6569
1121,2021-07-26,112.86,115.91,112.86,115.91,2774,3659,2.3077,6569
1122,2021-07-27,114.167,116.781,115.91,115.039,2047,3631,-0.7519,6569
1123,2021-07-28,112.424,113.731,113.296,112.86,1891,3563,-1.8939,6569
1124,2021-07-29,113.731,114.167,114.167,113.731,749,3590,0.7722,6569
1125,2021-07-30,115.039,115.91,115.91,115.039,533,3631,1.1494,6569
1126,2021-08-02,113.731,114.167,113.731,114.167,1123,3604,-0.7576,6569
1127,2021-08-03,113.296,114.167,113.731,114.167,538,3604,0.0,6569
1128,2021-08-04,114.167,114.167,114.167,114.167,1536,3604,0.0,6569
1129,2021-08-05,114.167,116.346,114.167,114.603,2813,3618,0.3817,6569
1130,2021-08-06,114.603,116.346,114.603,114.603,2305,3618,0.0,6569
1131,2021-08-09,107.631,114.603,114.603,111.117,8292,3508,-3.0418,6569
1132,2021-08-10,106.324,111.117,111.117,109.81,3685,3466,-1.1765,6569
1133,2021-08-11,105.888,109.374,109.374,106.324,3510,3356,-3.1746,6569
1134,2021-08-12,105.888,108.938,106.324,108.938,2039,3439,2.459,6569
1135,2021-08-13,106.324,107.631,107.195,106.324,2957,3356,-2.4,6569
1136,2021-08-16,105.016,107.195,105.452,105.888,2392,3342,-0.4098,6569
1137,2021-08-17,105.452,107.195,105.888,106.759,2122,3370,0.823,6569
1138,2021-08-18,108.067,111.552,108.502,111.552,1676,3521,4.4898,6569
1139,2021-08-19,108.938,113.296,113.296,108.938,1268,3439,-2.3438,6569
1140,2021-08-20,110.681,113.296,111.988,112.424,2905,3549,3.2,6569
1141,2021-08-23,112.424,116.346,112.424,115.91,8230,3659,3.1008,6569
1142,2021-08-24,112.0,117.0,116.0,117.0,3855,3541,0.9023,6569
1143,2021-08-25,113.5,117.0,117.0,113.5,930,3435,-2.9915,6569
1144,2021-08-26,113.5,114.0,113.5,113.5,864,3435,0.0,6569
