,News,All,SVO
0,20181115_100,◆投信連續3日賣超個股投信連續 3 日賣超個股1. 投信連續賣超 3 日的股票(2313) 華通  、 (2408) 南亞科、 (2014) 中鴻  、 (2356) 英業達、 (1326) 台化2. 投信連續賣超 2 日的股票(2886) 兆豐金 (2014) 中鴻  、 (2356) 英業達、 (1326) 台化  、 (2031) 新光鋼、 (0050) 元大台灣 503. 投信當日 (14) 賣超的股票(1326) 台化、 (0050) 元大台灣 50、 (1301) 台塑、 (2356) 英業達、 (1101) 台泥,"[['投信', '賣', '3連續日賣']]"
0,20181115_101,◆投信連續3日買超個股投信連續 3 日買超個股1. 投信連續買超 3 日的股票(5876) 上海商銀、 (2633) 台灣高鐵、 (3037) 欣興、 (00632R) 元大台灣 50 反 1、 (2886) 兆豐金2. 投信連續買超 2 日的股票(5876) 上海商銀、 (00632R) 元大台灣 50 反 1、 (2633) 台灣高鐵、 (4958) 臻鼎 - KY 、3. 投信當日 (14) 買超的股票(4958) 臻鼎 - KY、 (2886) 兆豐金、 (2633) 台灣高鐵、 (6271) 同欣電、 (5876) 上海商銀,[]
0,20181115_102,◆外資連續5日賣超個股外資連續 5 日賣超個股1. 外資連續賣超 5 日的股票(00637L) 元大滬深 300 正 2、 (2353) 宏碁、 (0050) 元大台灣 50、 (2448) 晶電、 (2337) 旺宏2. 外資連續賣超 4 日的股票(00637L) 元大滬深 300 正 2、 (0050) 元大台灣 50、 (2448) 晶電、 (2353) 宏碁、 (2317) 鴻海3. 外資連續賣超 3 日的股票(2448) 晶電、 (2356) 英業達、 (2353) 宏碁、 (2317) 鴻海、 (1504) 東元4. 外資連續賣超 2 日的股票(2448) 晶電  、 (2356) 英業達、 (2317) 鴻海、 (1504) 東元、 (2337) 旺宏5. 外資當日 (14) 賣超的股票(2885) 元大金 (2337) 旺宏、 (1504) 東元、 (2448) 晶電、 (2317) 鴻海、 (2356) 英業達,"[['外資', '賣', '個股外資'], ['賣', '超', '.個股'], ['賣', '超', '.個股']]"
0,20181115_103,◆外資連續5日買超個股外資連續 5 日買超個股1. 外資連續買超 5 日的股票(2409) 友達、 (1304) 台聚、 (2888) 新光金、 (2885) 元大金、 (3481) 群創2. 外資連續買超 4 日的股票(2409) 友達、 (1304) 台聚、 (00677U) 富邦 VIX、 (2885) 元大金、 (2888) 新光金3. 外資連續買超 3 日的股票(00677U) 富邦 VIX、 (1304) 台聚、 (2409) 友達、 (2888) 新光金、 (2885) 元大金4. 外資連續買超 2 日的股票(1304) 台聚、 (00677U) 富邦 VIX、 (2409) 友達、 (00637L) 元大滬深 300 正 2、 (2888) 新光金5. 外資當日 (14) 買超的股票(1304) 台聚、 (2303) 聯電、 (00677U) 富邦 VIX、 (2409) 友達、,[]
0,20181115_104,群聯穩坐IC設計EPS冠軍寶座 聯詠、瑞昱重回前10名IC 設計廠第 3 季每股純益排名出爐，其中記憶體控制晶片廠群聯 () 第 3 季每股純益 7.12 元，力保 EPS 王寶座，譜瑞 - KY() 則受惠面板驅動 IC 出貨帶動，每股純益達 6.57 元，排名緊追在後。IC 設計廠第 3 季財報出爐，群聯在旺季效應帶動下，純益達 14 億元，季增 13.5%，每股純益 7.12 元，穩坐 IC 設計 EPS 王；譜瑞受惠面板 IC 出貨帶動，純益達 5.05 億元，季增 37.8%，每股純益 6.57 元，排名進入第二名。矽力 - KY 純益表現也亮眼，每股純益達 6.29 元，優於第 2 季的 5.45 元，排名第三名；而信驊受惠伺服器等需求帶動，雖然稅後純益 1.94 億元，僅小增 1.74%，不過每股純益仍有 5.72 元，排名第四。USB 晶片祥碩 () 第 3 季則受惠旺季效應帶動，另外還有 AMD 的訂單加持，每股純益 4.6 元，排名進入第五名。至於手機晶片大廠聯發科 ()，第 3 季每股純益為 4.39 元，排名第六名，而電源管理晶片廠昂寶 - KY，第 3 季每股純益為 4.19 元，排名第七。另外 MOSFET 雖然近期供需趨緩，但市場需求仍穩定成長，大中第 3 季每股純益 3.56 元，創下歷史新高，排名也擠進第八名。傳統 IC 設計大廠聯詠 () 與瑞昱 ()，第 3 季也受惠旺季帶動，每股純益達 3.02 元與 2.78 元，排名第九與第十，聯詠與瑞昱也重回睽違已久的前十名 IC 設計廠排名。,"[['羣聯', '坐', 'EPS'], ['每股', '純益達', '6.57元'], ['排名', '緊追在', '後'], ['排名', '進入', '第二名'], ['每股', '純益達', '6.29元'], ['每股純益', '有', '5.72元'], ['排名', '進入', '第五名'], ['每股', '爲', '4.39 元'], ['每股', '爲', '4.19元'], ['排名', '擠進', '第八名'], ['每股', '純益達', '2.78元'], ['聯詠', '睽違', '設計廠排名']]"
0,20181114_105,藍天業內外皆美 前三季獲利年增1.8倍 EPS 2.26元藍天電腦 () 今 (14) 日公布第三季財報，稅後純益 2.02 億元，季減 18.1%、年增 15.7%，每股純益 0.39 元；前三季在筆電量價齊揚，以及業外挹注下，稅後純益來到 14.24 億元，年增 182%，每股純益 2.26 元。藍天第三季營收 49.72 億元，季減 13.9%、年減 27.7%，毛利率 29.02%，季增 4.61 個百分點、年增 13.82 個百分點，營益率 8.43%，季減 1.5 個百分點、較去年同期由負轉正，稅後純益 2.02 億元，季減 18.1%、年增 15.7%，每股純益 0.39 元。藍天前三季營收 157.29 億元，年增 2.9%，毛利率 25.98%，年增 2.55%，營益率 7.94%，年增 4.28 個百分點，稅後純益 14.24 億元，年增 182%，每股純益 2.26 元。藍天表示，第三季受惠筆電銷售產品組合優化，電競機種及新產品比重增加，拉升藍海機種銷售比重達 51%，ASP 也較去年同期增加 6%，推升獲利表現，今年前三季出貨量為 101 萬台，較去年同期增長 13%。而今年下半年走貶，也導致藍天產生匯損，不過今天業外因有處分資產及資產增值收益，也彌補匯損，藍天今年前三季營業外收益 9.44 億元，年增 88.6%。此外，藍天電腦分別在武漢、成都及西安以持股 30% 投資的大型百貨公司群光廣場，前三季營收已達 142 億元，年增 25%，而由百腦匯與群光廣場攜手合作打造的「群光匯」，11 月德州店的開幕後，12 月底汕頭店也將投入營運，未來都將併入藍天的合併營收，進一步增加藍天的營收動能。,"[['獲利年', '增', '1.8倍'], ['EPS', '公佈', '第三季財報'], ['季', '減', '13.9%'], ['營益率', '季增', '個百分點'], ['年', '增', '2.9%'], ['年', '增', '個百分點'], ['藍天', '表示', '銷售產品組合優化'], ['前三季出貨量', '爲', '101萬臺'], ['走', '導致', '藍天產生匯損'], ['藍天', '產生', '匯損'], ['有處分收益', '處分', '資產'], ['藍天電腦', '在', '武漢'], ['藍天電腦', '在以', '羣光廣場'], ['前三季營收', '達', '142'], ['汕頭店', '投入', '營運']]"
0,20181114_106,APG評鑑初步結果16日揭曉  我爭取列「一般追蹤」亞太防制洗錢組織 (APG) 11 月 5 日來台，進行的第三輪相互評鑑進入尾聲，財政部官員透露，評鑑委員今 (14) 日下午召開閉門會議，預計週五 (16 日) 將公布初步考核的成績，此次評鑑結果將以爭取列為「一般追蹤」為目標。APG 來台評鑑，財政部轄下的賦稅署、關務署與國際財政司被點名須接受評鑑，其中賦稅署部分，考題包括：稅務犯罪、追稅制度與通報機制等。賦稅署官員透露，評鑑委員對於「稅務犯罪」興趣不大，但十分關注：律師、會計師、記帳士與報稅代理人等非金融業或相關人員是否落實洗錢防制相關程序，審查項目鎖定「通報可疑交易 SOP 程序」與「客戶盡職審查」等項目。APG 評鑑將在 16 日閉幕並同步公布初步報告，而我國政府將列入「一般追蹤」名單列為首要目標，並就初階評鑑各項目的成績，針對相關法規做滾動式檢討。,"[['我', '爭取', '列'], ['相互評鑑', '進入', '尾聲'], ['評鑑委員', '召開', '閉門會議'], ['評鑑結果', '爲', '目標'], ['財政部轄下賦稅署', '接受', '評鑑'], ['考題', '包括', '賦稅署部分'], ['、', '追', '稅'], ['賦稅署官員', '透露', '關注'], ['等律師非金融業', '落實', '相關程序'], ['審查項目', '鎖定', '等程序項目'], ['而我國政府', '列入', '一般追蹤名單']]"
0,20181114_107,◆投信連續3日賣超個股投信連續 3 日賣超個股1. 投信連續賣超 3 日的股票(2313) 華通  、 (2408) 南亞科、 (2014) 中鴻  、 (2356) 英業達、 (1326) 台化2. 投信連續賣超 2 日的股票(2886) 兆豐金 (2014) 中鴻  、 (2356) 英業達、 (1326) 台化  、 (2031) 新光鋼、 (0050) 元大台灣 503. 投信當日 (14) 賣超的股票(1326) 台化、 (0050) 元大台灣 50、 (1301) 台塑、 (2356) 英業達、 (1101) 台泥,"[['投信', '賣', '3連續日賣']]"
0,20181114_108,◆投信連續3日買超個股投信連續 3 日買超個股1. 投信連續買超 3 日的股票(5876) 上海商銀、 (2633) 台灣高鐵、 (3037) 欣興、 (00632R) 元大台灣 50 反 1、 (2886) 兆豐金2. 投信連續買超 2 日的股票(5876) 上海商銀、 (00632R) 元大台灣 50 反 1、 (2633) 台灣高鐵、 (4958) 臻鼎 - KY 、3. 投信當日 (14) 買超的股票(4958) 臻鼎 - KY、 (2886) 兆豐金、 (2633) 台灣高鐵、 (6271) 同欣電、 (5876) 上海商銀,[]
0,20181114_109,◆外資連續5日賣超個股外資連續 5 日賣超個股1. 外資連續賣超 5 日的股票(00637L) 元大滬深 300 正 2、 (2353) 宏碁、 (0050) 元大台灣 50、 (2448) 晶電、 (2337) 旺宏2. 外資連續賣超 4 日的股票(00637L) 元大滬深 300 正 2、 (0050) 元大台灣 50、 (2448) 晶電、 (2353) 宏碁、 (2317) 鴻海3. 外資連續賣超 3 日的股票(2448) 晶電、 (2356) 英業達、 (2353) 宏碁、 (2317) 鴻海、 (1504) 東元4. 外資連續賣超 2 日的股票(2448) 晶電  、 (2356) 英業達、 (2317) 鴻海、 (1504) 東元、 (2337) 旺宏5. 外資當日 (14) 賣超的股票(2885) 元大金 (2337) 旺宏、 (1504) 東元、 (2448) 晶電、 (2317) 鴻海、 (2356) 英業達,"[['外資', '賣', '個股外資'], ['賣', '超', '.個股'], ['賣', '超', '.個股']]"
0,20181114_110,◆外資連續5日買超個股外資連續 5 日買超個股1. 外資連續買超 5 日的股票(2409) 友達、 (1304) 台聚、 (2888) 新光金、 (2885) 元大金、 (3481) 群創2. 外資連續買超 4 日的股票(2409) 友達、 (1304) 台聚、 (00677U) 富邦 VIX、 (2885) 元大金、 (2888) 新光金3. 外資連續買超 3 日的股票(00677U) 富邦 VIX、 (1304) 台聚、 (2409) 友達、 (2888) 新光金、 (2885) 元大金4. 外資連續買超 2 日的股票(1304) 台聚、 (00677U) 富邦 VIX、 (2409) 友達、 (00637L) 元大滬深 300 正 2、 (2888) 新光金5. 外資當日 (14) 買超的股票(1304) 台聚、 (2303) 聯電、 (00677U) 富邦 VIX、 (2409) 友達、,[]
0,20181114_111,永豐金：明年起景氣恐連2年下滑 央行啟動預防性升息機率低美國聯準會持續升息，拉大「台美利差」差距？永豐金首席經濟學家黃蔭基認為，美中貿易戰短期不會落幕，且台灣景氣將首此影響，明年起恐連續兩年下滑，我國中央銀行「預防性升息」機率推估只剩下 25%。央行第 3 季理監事會議，有理事拋出「預防性升息」的建議，認為萬一碰上全球經濟成長衰退，預防性升息可讓台灣有充分政策空間因應。但黃蔭基認為，美中貿易戰是場長期戰爭，並衍生深井效應、蝴蝶效應與長期效應等三大效應。黃蔭基解釋，所謂的深井效應，類似當幼童時期遭受到傷害時，這種恐懼將持續延伸到成年，金融市場也是如此，在民粹主義、保守主義與種族主義等事件影響，一旦有風吹草動，市場就有如同驚弓之鳥，並牽動市場走勢變化。至於蝴蝶效應則是指中美貿易戰衍生的外溢效應，包括外交戰、石油戰、貨幣戰。另外，長期效應則是指，美中貿易戰不會在短期內落幕，預估起碼會持續 20 至 30 年，儘管貿易戰短期難以休兵，但預估是景氣卻不致於大衰退，「頂多是小雨，但不會有颱風」。黃蔭基認為，台灣明 (2019)、後(2020) 兩年景氣恐怕比今年還差，屆時央行升息的機率恐將更低。黃蔭基說，央行升息的指標條件，包括：經濟成長率 3.6%、通貨膨脹 2%，以及景氣燈號紅燈，但目前台灣這三項指標皆未達標，如果只有台美利差擴大的因素，推估央行升息機率不高。,"[['央行', '啓動', '升息機率'], ['永豐金首席經濟學家黃蔭基', '認爲', '影響'], ['預防性升息機率推估', '剩下', '25%'], ['季理監事會議', '有', '理事建議'], ['黃蔭基', '認爲', '美中貿易戰是場長期戰爭'], ['美中貿易戰', '是', '場長期戰爭'], ['黃蔭基', '解釋', '這種恐懼延伸'], ['這種恐懼', '延伸到', '成年'], ['市場', '有', '如同驚弓之鳥'], ['則', '指', '美中貿易戰落幕'], ['預估', '持續', '景氣致於大衰退'], ['景氣', '致於', '大衰退'], ['黃蔭基', '認爲', '差'], ['黃蔭基', '說', '指標條件包括']]"
0,20181114_112,三大法人賣超25.17億元 僅投信買超 鴻海遭外資連8賣台股今 (14) 日收在 9791.88 點，上漲 16.04 點或 0.16%，成交值 1018.55 億元，外資、自營商站在賣方，僅投信買超，三大法人合計賣超 25.17 億元，其中鴻海遭到外資再賣 1 萬張，連續 8 天賣超，不過期貨方面，三大法人均增持多單，外資期限貨不同調。今日外資及陸資賣超 16.70 億元、投信買超 1.92 億元、自營商賣超 10.39 億元，三大法人合計賣超 25.17 億元。期貨方面，外資今日加碼 833 口多單，未平倉口述來到近 4.1 萬，投信回補多單 538 口，空單未平倉降至 2.92 萬口，自營商加持多單 652 口，未平倉餘額 2389 口。觀察個股表現，鴻海雖然公告第三季獲利雖優於去年，但蘋果 iPhone 銷售展望不佳，今日外資續賣 1 萬張，為連續第 8 天賣超，加上油價暴跌，今日外資資金從蘋概、傳產轉至擁有旺季業績題材的 PCB、航運族群。外資今日買超第一名聯電 2.32 萬張，第二名富邦 VIX 2.06 萬張，第三名友達 1.63 萬張，第四名元大金 1.26 萬張，第五名新光金 1.07 萬張，第六名台新金 8336 張，第七名臻鼎 - KY 7355 張，第八名南電 7109 張，第九名長榮航 6851 張，第十名長榮 5190 張。外資賣超第一名旺宏 2.07 萬張，第二名東元 1.38 萬張，第三名晶電 1.35 萬張，第四名鴻海 1.03 萬張，第五名英業達 8392 張，第六名中信金 7764 張，第七名宏碁 7457 張，第八名台泥 6459 張，第九名中石化 6387 張，第十名元大 S&P 原油正 2 4541 張。投信買超第一名元太 4080 張，第二名臻鼎 - KY 1791 張，第三名兆豐金 1558 張；投信賣超第一名台化 1632 張，第二名元大台灣 50 1130 張，第三名台塑 1126 張。自營商買超第一名富邦 VIX 1.47 萬張，第二名元大 S&P 原油反 1 5726 張，第三名 TPK-KY 1610 張；自營商賣超第一名元大滬深 300 正 2 2.13 萬張，第二名元大 S&P 原油正 2 1.1 萬張，第三名富邦上証正 2 6075 張。,"[['僅', '投信', '遭外資'], ['三大法人', '合計賣超', '25.17億元'], ['鴻海', '遭到', '外資'], ['三大法人', '合計賣超', '25.17億元'], ['未平倉口述', '來到', '近4.1萬'], ['自營商', '加持', '多單口'], ['自營商', '加持降至', '2.92萬口'], ['獲利', '優於', '去年'], ['轉至', '擁有', '旺季業績題材'], ['第六名中信金7764', '超', '萬張2.07'], ['第三名臺塑', '1126', '張'], ['自營商賣', '超', '大滬深第一名元']]"
0,20181114_113,同開進軍海外博奕首站敲門柬埔寨 明年正式營運同開科技 () 在機電工程與環保污泥處理之外，博弈事業也跨出海外，公司今 (14) 日表示，同開已取得柬埔寨政府核發彩券營運執照，今年 10 月將在柬埔寨首都金邊展開試營運，目前已於金邊設置 30 個自有品牌「Wingo」投注站。不過今日同開科技公布最新財報，第 3 季因認列資產減損損失 1.2 億元，單季稅後虧損 1.26 億元，也較上季及去年同期轉盈為虧，單季每股淨損 1.74 元，前 3 季稅後虧損 9799 萬元，較去年同期也由盈轉虧，每淨純損 1.35 元同開指出，將在柬國的展開的博奕事業，營業項目包括電腦型樂透彩券以及刮刮樂，同開目標能於 2019 年 1 月起正式營運，同時計畫於首都金邊及其他省分設置 300 間以上 Wingo 投注站，主要鎖定鎖定柬國中產階層消費客群的購買力。同開指出，柬埔寨首都金邊的居住工作人口超過 200 萬人，介於 25-54 歲的鎖定主力消費客群約占 40％，在金邊基本的工資約在 8000-20000 元之間，每年 GDP 成長率高達 7％，並且地下經濟活絡，遠大於政府統計數據。依同開保守估計，消費客群每星期購買 100 元彩券，光在金邊一年就有近 27 億元龐大市場需求，然而，因當地政府與文化的關係，目前尚未有國際級大型彩券公司進駐以滿足市場需求，而同開旗下 Wingo 合法營運並已建立與當地政府良好關係，也有足夠的營運實力，彩券事業的發光發熱的先天與後天環境均俱備。同開表示，自有品牌「Wingo」柬埔寨彩券團隊主要由曾任職台灣彩券通路處處長的余全豐，親自率領來自於台灣業界最頂尖的專業人員團隊，及自主管理與自主開發包含了彩券營運管理、遊戲開發與系統開發等的軟硬體設備，並以國際水準的經營經驗、配合當地文化與消費習慣等拓展彩券事業，此為台灣企業首次將台灣已發展成熟的彩券產業經驗，擴展至海外版圖，也將有機會提升同開於柬埔寨彩券市場的市場占有率，對整體營運帶來正面的效益。同開前 3 季營收為 11.01 億元，毛利率 12.78%，年增 4.27 個百分點，稅後虧損 9799 萬元，較去年同期由盈轉虧，每淨純損 1.35 元，主要在第 3 季認列 0.75 億元及 0.45 億元的減損損失及預期信用損失，其為投資柬埔寨彩券業務包括開辦、市調及暫墊辦理市場開發等費用，致使稅後歸屬於母公司單季虧損 1.26 億元，也較上季及去年同期轉盈為虧，單季每股淨損 1.74 元。,"[['每股', '淨損', ' 元'], ['能', '包括', '電腦型樂透彩券'], ['居住工作人口', '超過', '200萬人'], ['消費客羣', '佔', '40％'], ['基本工資', '在', '800020000 元之間'], ['經濟活絡', '大於', '統計數據'], ['同', '開', '保守'], ['消費客羣', '購買', '100元彩券'], ['彩券公司', '進駐以', '滿足市場需求'], ['同開', '表示', '處長餘全豐'], ['自主管理', '包含', '軟硬體設備'], ['此', '爲', '彩券產業經驗'], ['開前3季營收', '爲', ' 億元'], ['毛利率', '增', '個百分點'], ['彩券業務', '包括', '等開辦費用']]"
0,20181114_114,2019消費電子大預測！郭明錤高喊5G、可折疊手機、新生物辨識技術天風證券分析師郭明錤週三 (14 日) 發表《2019 年消費性電子關鍵趨勢》報告，預測 2019 年消費性電子將由 5G 智慧型手機領軍席捲市場，同時可折疊手機亦將可望重新定義智慧型手機市場，並新生物辨識技術也可望獲得改善或創新。郭明錤預期，4 至 6 間品牌廠商將在 2019 年正式發表支援 5G 技術之智慧型手機，郭明錤並相信：郭明錤在研報中表示，折疊裝置將重新定義行動裝置的外觀設計，與提升螢幕佔比相比較，折疊裝置將能讓用戶更方便隨身攜帶更大螢幕，故可望提供更革命性的使用者體驗，郭明錤表示，不擔心初期生產成本過高與軟體支持度低的問題，因這些問題均會隨著時間而改善，同時郭明錤更在研報上強調新生物辨識技術，估計新生物辨識技術可望顯著改善或創新行動或穿戴裝置上的認證、環境偵測或健康管理相關應用。,"[['天風證券分析師週三', '發表', '報告'], ['新生物辨識技術', '獲得', '改善'], ['品牌廠商', '發表', '智慧型手機'], ['品牌廠商發表智慧型手機', '支援', '5G'], ['郭明錤', '表示', '摺疊裝置定義外觀設計'], ['摺疊裝置', '定義', '外觀設計'], ['郭明錤', '強調', '新生物辨識技術']]"
0,20181114_115,晟德前3季純益21.7億元 EPS 6.45元晟德 () 公布第 3 季財報，稅後純益 15.82 億，季增 1054%，年增 3001%，每股純益 0.44 元，前三季稅後純益為 21.7 億元，每股純益 6.45 元。晟德第 3 季營收達 60.11 億，季減 15%，年增 18% ，毛利率達到 49.7%，年增 8.62 個百分點，季減 2.46 個百分點，營益率 5.64%，年增 2.98 百分點，季減 2.61 百分點。晟德前 3 季營收 190.17 億元，較去年同期成長 40.78%，毛利率達 47.78%，年增 5.82 個百分點，營益率達 6.8%，年增 1.95 個百分點，稅後純益 21.7 億元，每股純益 6.45 元。晟德指出，前 3 季除水劑事業持續成長外，主要獲利來自各轉投資公司成長驅動及處分利益，包含澳優前 3 季稅後純益約 21.06 億元，較去年同期跳躍成長 106.5%；豐華前 3 季稅後純益 0.91 億元，另外晟德合併處分投資利益總計 21.75 億元，其中包含香港東源完成 1.02 億美元 B 輪募資，晟德因控制力變動，重新衡量香港東源股權公允價值，因此認列處分投資利益 17.99 億元。 展望 2018 第四季，除澳優、豐華及晟德水劑持續帶來穩定的獲利成長動能外，加上處分利益的進帳，獲利動能更可期。,"[['純益', '爲', '21.7億元'], ['毛利率', '達到', '49.7%'], ['年', '增', '8.62\xa0個百分點'], ['營益率', '減', '個百分點'], ['年', '增', '個百分點'], ['晟德', '指出', '主要獲利來自轉投資公司成長驅動'], ['主要獲利', '來自', '轉投資公司成長驅動'], ['澳優', '帶來', '成長動能'], ['持續', '帶來', '成長動能'], ['加上處分進帳', '處分', '利益']]"
0,20181114_116,艾訊Q4業績估持平或略增 策略性接單助毛利率持穩工業電腦廠艾訊 () 今 (14) 日召開法說會，發言人黃士青指出，今年布局博奕產品效益漸顯，雖然目前市場上英特爾 CPU 缺貨，但公司因提早備貨，預計到明年上半年都還能正常出貨，第 4 季營收估較上季持平或小幅成長，加上自有品牌佔比提升，及 ODM 業務挑單生產下，毛利率可望維持水準。黃士青指出，艾訊 10 月營收 4.4 億元，較上月持平，年增近 5 成，就以往經驗來看，11、12 月表現不差，英特爾 CPU 缺貨的消息 6 月就有聽說，那時就開始備貨，預計到明年上半年的都還能正常出貨，不會有掉訂單的問題，加上布局博奕產品的效益顯現，預計第四季估較上季持平或略增。毛利率方面，黃士青表示，由於部分特定的大單因為議價能力較強，拉低毛利率表現，未來除了大單外，都會選擇性接單生產，短期內可能會影響接單狀況，但中長期對營運正面，未來會持續朝毛利較高的自有品牌業務發展，毛利率要維持在 30% 以上。至於美中貿易戰，黃士青指出，目前主要組裝產能都在台灣，僅機殼生產在中國大陸，不過現在全球機殼幾乎都在大陸生產，所以都會被課到稅，目前艾訊美國及歐洲銷售比重最大，合計達 73%，中國不到 10%。艾訊今年第 3 季營收 12.11 億元，季減 12.7%、年增 17.1%，毛利率 33.65%，季增 1.92 個百分點，年增 0.92 個百分點，稅後純益 0.97 億元，季減 11.09%、仍年增 7.11%，每股純益 1.23 元，前三季每股純益來到 3.66 元。,"[['發言人黃士青', '指出', '漸顯'], ['公司', '預計', '出貨'], ['毛利率', '維持', '水準'], ['黃士青', '指出', '營收'], ['艾訊', '營收', '4.4億元'], ['，', '加上', '佈局產品'], ['黃士青', '表示', '毛利率維持'], ['中長期', '持續', '自有品牌業務發展'], ['毛利率', '維持在', '30% 以上'], ['黃士青', '指出', '課'], ['組裝產能', '在', '臺灣'], ['每股', '來到', '3.66元']]"
0,20181114_117,板卡廠Q3逆流 技嘉本業意外轉虧 微星、華擎電競撐大局 相對優異板卡廠上季財報出爐，技嘉 (2376) 本業意外虧損，單季 EPS 僅 0.23 元；映泰 (2399) 與撼訊 (6150) 每股分別大虧 1.19 元與 1.34 元，麗臺 (2465) 每股虧損 0.48 元。不過，以電競為主的業者相對有撐，一線大廠微星 (2377) 單季 EPS 1.79 元居冠，華擎 (3515) 也有 1.19 元的水準，顯卡業者承啟 (2425) 有母公司七彩虹支持，雖較前兩季下滑，但單季 EPS 仍有 0.54 元；至於青雲 (5386) 則有技嘉伺服器的奧援，單季 EPS 達 0.85 元。板卡廠傳統最旺季的第三季度，今年卻因上半年挖礦效應墊高基期，第三季挖礦潮瞬間消失，讓挖礦占比高的業者營運陷入苦戰。此外，輝達 (nVIDIA)RTX 電競新顯卡與英特爾第九代處理器均延遲上市，且 RTX 顯卡初期推出 2080/2080 Ti 機種定價過高，不利換機，也讓以電競為主的業者處於新舊產品交替期，青黃不接，壓抑第三季板卡的銷售熱度。此外，美中貿易戰的開打，板卡被列入第二波 2 千億美元關稅清單中，9 月下旬 10% 關稅開徵，元月將提高到 25%，廠商忙因應，墊高成本。至於英特爾處理器缺貨更是雪上加霜。因此，上季財報出爐，上半年挖礦占比高的業者最慘，首季最風光的撼訊每股虧 1.34 元，累計前三季 EPS 剩 8.13 元；映泰單季每股虧 1.19 元，累計前三季轉虧 0.67 元；麗臺雖有中國商用顯卡大單支持業績，但單季每股仍虧 0.48 元，累計前三季每股虧 0.96 元。較跌破市場眼鏡的是技嘉，上季本業意外小虧 0.72 億元，單季 EPS 則剩下 0.23 元，累計前三季營業利益為 23.44 億元，年增 41%，稅後盈餘 24.28 億元，年增 25%，EPS 為 3.82 元。而電競占比高的業者，仍以一線大廠微星最具支撐力，該公司雖在上述因素下毛利率與營益率下滑，本業獲利仍有 14.73 億元，表現不差，稅後盈餘則超過 15 億元，EPS 1.79 元，累計前三季營業利益突破 60 億元，年增率 46.8%，稅後則為 53.62 億元，EPS 6.35 元。華擎在主板穩健，伺服器順利轉盈，單季 EPS 1.19 元，在族群中居次，累計前三季 EPS 達 4.1 元，同比也大增 35%；承啟第三季 EPS 為 0.54 元，雖低於前兩季度，但較同期大增 5 倍，前三季累計 EPS 2.19 元；青雲在伺服器記憶體大單的加持下，單季 EPS 0.85 元，優於預期，前三季 EPS 2.37 元。,"[['爲主業者', '有', '撐'], ['華擎3515 ', '也有', '1.19元水準'], ['單季EPS', '有', '0.54 元'], ['EPS', '達', '0.85 元'], ['挖礦', '佔', '比高'], ['挖礦', '佔', '比高'], ['板卡', '列入', '關稅清單中'], ['廠商', '忙', '應'], ['前三季EPS', '剩', '8.13 元'], ['麗臺', '有', '支持業績'], ['每股', '虧', '0.48元'], ['較', '跌破', '市場眼鏡'], ['跌破市場眼鏡的', '是', '技嘉'], ['EPS ', '爲', '3.82元'], ['高業者', '最具', '支撐力'], ['稅後盈餘', '超過', '15億元'], ['年增率', '累計', ' 億元'], ['稅後', '爲', '6.35 元'], ['前三季EPS', '達', '4.1元'], ['第三季EPS', '爲', '0.54元'], ['較同期', '大增', '5倍']]"
0,20181114_118,友勁台南廠將投產 明年毛利率有壓 資料中心交換器拚明年底出貨網通廠友勁 (6142) 第三季在蘇州廠土地徵收挹注 5 千多萬元下，帶動營運轉盈，EPS 為 0.09 元，累計前三季每股仍虧 0.5 元。財務長李裔武今 (14) 日表示，台南新廠預計 12 月正式投產，除了美國客戶的生產移回，更重要的是資料中心交換器有機會在明年第四季小量出貨，但初期產能利用率偏低，明年上半年毛利率有壓力，希望第四季能虧轉盈。受到中國紅色供應鏈競爭的友勁，近幾年營運陷入低潮，今年第三季本業仍虧損 2200 萬元，惟業外因蘇州廠土地徵收挹注 5 千多萬元，帶動營運轉盈，EPS 為 0.09 元。累計前三季營收 23.78 億元，年衰退 8.8%，毛利率受到零組件漲價影響，只剩下 8.72%，較去年同期下滑約 3.62 個百分點。稅後虧損 1.33 億元，每股虧損 0.5 元。李裔武指出，過去幾年公司業績慢慢下滑，現在營收和高峰比只剩下 1/3~1/4，2013 年公司看到中國薪資上升趨勢，也評估中國未來是世界市場而不是工廠，有破壞性的建設才會有未來，決定在台灣建立新廠。台南新廠規模與蘇州廠相當，投資金額約 18 億元，包括土地 2.4 億元、廠房 10 億及第一期設備約 3 億元，9 月已經進行試產，預計 12 月正式投產。第一階段主要係既有的美國客戶，因應中美貿易戰，將生產從蘇州轉移到台灣，美國市場目前在友勁的營收占比約 2 成，也有不少客戶衝著台南生產基地來洽談，但目前公司首要必須先完成既有的客戶生產，但有一個很大的客戶委託友勁進行後段製程的加工，也會在 12 月出貨，但毛利率僅是個位數。考量既有網通產品面臨嚴峻的價格競爭，友勁也努力轉型開發更高階的資料中心產品，李裔武稱 100G、400G 交換器都在開發中，主要和長期合作的小型晶片廠商搭配，產品開發更有彈性，先前已經送樣很多客戶，明年第四季有機會小量出貨，並帶動當季營運轉盈。但他也坦言，新廠明年第一季開始攤提折舊，此對毛利率將造成壓力。 『新聞來源／財訊快報 』,"[['毛利率', '有', '壓'], ['毛利率', '有', '壓'], ['第三季', '徵收', '挹注'], ['EPS', '爲', '0.09元'], ['每股', '虧', '0.5元'], ['更重要的', '是', '資料中心交換器出貨'], ['毛利率', '有', '壓力'], ['營運', '陷入', '低潮'], ['千多萬元挹注', '虧損', '2200 萬元'], ['毛利率', '受到', '漲價影響'], ['每股', '虧損', '0.5元'], ['李裔武', '指出', '公司業績下滑'], ['高峯', '比只剩下', '1/41'], [' 年公司', '看到', '上升趨勢'], ['中國', '是', '世界市場'], ['不少客戶', '衝著', '臺南生產基地'], ['公司', '完成', '既有客戶生產'], ['很大客戶', '委託', '友勁'], ['毛利率', '是', '個位數'], ['考量', '既有', '網通產品面臨價格競爭'], ['網通產品', '面臨', '價格競爭'], ['100G交換器', '在', '開發中'], ['產品開發', '更有', '很多客戶'], ['他', '坦言', '此造成壓力'], ['新廠', '開始', '攤提折舊'], ['此', '造成', '壓力']]"
0,20181114_119,拓展歐洲市場 中光電智能安防無人機方案參展The Commercial UAV Show中光電 (5371) 旗下子公司中光電智能機器人與矽谷新創公司合作的智能安防無人機方案，今年 7 月量產以來，已獲得多家美國前五百大企業採用，成功進軍北美無人機市場，今 (14)、明(15) 兩天參加英國倫敦舉辦的歐洲最大的商用無人機展「The Commercial UAV Show」，拓展歐洲商務無人機市場。中光電智能機器人以自我研發的閉源飛控與機隊管理系統為基礎、終端高速運算和感知融合為核心，結合 AI 技術，在邁向 AI 人工智慧的時代，具體實現無人機自主飛行、AI 偵測感知、智慧路徑規劃、精準降落，以及自動充電的智能化巡航任務，大幅提高無人機適應環境的學習與應變能力。未來，中光電智能機器人將深耕安防、檢測、3D 測繪等商業應用領域，持續導入創新的 AI、VIO SLAM 視覺技術，提供無人機商用市場客製化模組與完整解決方案，以提升商用無人機的整體應用效益。,"[['智能機器人', '爲', '基礎'], ['在', '邁向', '人工智慧'], ['智能機器人', '深耕', '商業應用領域'], ['智能機器人', '深耕以', '提升應用效益'], ['持續', '導入', 'AI']]"
0,20181114_120,國際金融市場動盪 國泰金未來加碼資產以美債為主國泰金 (2882) 於今 (14) 日召開法人說明會，對於 10 月全球股市大震盪，是否影響後續資產組合配置調整，國泰金表示，內部有專業團隊建立模式，為景氣下行示警，至於未來加碼資產仍以美債為主，同時控制海外資產避險成本。截至第三季為止，國壽總投資金額 5.74 兆元，現金及約當現金 590 億元，比重 1%、報酬率 0.6%；國內股票 4640 億元、比重 8.1%、報酬率 12.1%，主要前 9 月有 230 億元股息收入入帳；國外股票 4070 億元、比重 7.1%、報酬率 10.8%；國內債券 2940 億元、比重 5%、報酬率 3.3%；國外債券 3.32 兆元、比重 57.8%、報酬率 4.7%；擔保放款 4230 億元、比重 7.4%、報酬率 2%；保單貸款 1670 億元、比重 2.9%、報酬率 5.7%；不動產 5000 億元、比重 8.7%、報酬率 2.3%，其他 1150 億元，比重約 2%，年化避險後經常性投資收益率為 4.19%，負債成本約 4.05%。美國升息造成美元升值，外匯市場傳統避險成本墊高到 3%，第三季 CS(換匯契約) 成本比起去年同期高出 1 個百分點，國泰金第三季整體避險成本約 1.22%，當中替代避險約 0.82%，帳上外匯準備金約 154 億元，截至第三季金融資產未實現收益為 53 億元，淨值為 4494 億元。近期網銀設立成為金融業界兵家必爭之地，兩大網行陣營名單都沒有國泰金，對此，國泰金強調，觀察潛在網銀團隊組合可能變化，網銀未來發展關鍵在「網」而非「銀」，國泰金有內部建立平台，或是外部合作，網銀發展進程不致於落後同業太多。,"[['國泰金', '表示', '內部有專業團隊建立模式'], ['內部', '有', '專業團隊建立模式'], ['前9月', '有', '入帳'], ['美國升息', '造成', '美元升值'], ['傳統避險成本墊', '高到', '3%'], ['實現收益', '爲', '53億元'], ['淨值', '爲', '4494億元'], ['陣營名單', '沒有', '國泰金'], ['國泰金', '強調', '潛在網銀團隊組合變化'], ['國泰金', '有', '內部建立平臺'], ['網銀髮展進程', '致於', '太多']]"
0,20181114_121,山林水Q3獲利回升 前3季純益2.87億元 EPS 2.17元環境工程業者山林水 () 公告最新財報，笫 3 季稅後純益為 9546 萬元，季增 13.69%，年增 13.75%，每股純益 0.72 元，前 3 季稅後純益為 2.87 億元，年減 7.29%，每股純益 2.17 元。山林水第 3 季營收 10.82 億元，毛利率 20.61%，季增 2.05 個百分點，年減 4.92 個百分點，稅後純益 9546 萬元，季增 13.69%，年增 13.75%，每股純益為 0.72 元；累計前 3 季營收 18.85 億元，毛利率 21.66%，年減 8.85 個百分點，稅後純益為 2.87 億元，年減 7.29%，每股純益為 2.17 元。山林水主管指出，前 3 季獲利較去年衰退，主要是受水處理工程專案獲利減少，及旗下子公司東山林、綠山林 5 年免稅到期，還有營所稅率自 17% 提高至 20% 影響。雖然承攬政府工程標案帶動營收成長，但初期利潤較低，獲利不會與營收等比成長，隨著公司的規模及技術口碑累積，對公司未來發展潛力及動能將具有指標性意義。山林水目前致力發展為「全方位環境工程公司」，並朝循環經濟經營模式邁進，除水務工程，近年也跨足污泥回收再利用、土壤污染整治、有機事業廢棄物與生物質能發電市場，其中，山林水子公司禾山林的外埔綠能生態園區整建營運移轉（ROT）案，日前已完工並開始試營運，正式跨入生質能源市場。台中市外埔綠能生態園區是全台最大的綠能發電廠，特色為結合「生廚餘厭氧」及「稻稈氣化」發電技術，回收稻草、廚餘進行綠能發電並售電。此 ROT 案合約期限 25 年，總投資金額 6.35 億元，山林水負責建置全期完成後至少每年 5.4 萬公噸廚餘處理量能，及每年 5 萬公噸以上稻稈處理量能設備及操作系統。明年正式營運後，山林水跨足生質能發電領域的營運效益將陸續顯現。水務工程方面，山林水也保持領先優勢，公司看好台灣再生水產業發展，與法商蘇伊士旗下水務技術與方案 (SUEZ’s Water Technologies & Solutions，簡稱 SUEZ-WTS) 簽署合作備忘錄（MOU），簽定以 4 年為期，共同以「SUEZ InSight 智慧水務系統」及「長期薄膜性能協議」兩項領先技術進行合作，攜手進軍台灣再生水市場。,"[['3季純益', '爲', '9546 萬元'], ['毛利率', '季增', '個百分點'], ['每股純益', '爲', '0.72元'], ['稅後純益', '爲', '2.87億元'], ['每股', '爲', '2.17 元'], ['水主管', '指出', '3季獲利衰退'], ['還有營所稅率', '提高至', '影響'], ['未來發展潛力', '具有', '指標性意義'], ['山林水致力發展', '爲', '環境工程公司'], ['埔綠能生態園區', '是', '綠能發電廠'], ['特色', '爲', '發電技術'], ['特色爲發電技術', '結合', '生廚餘厭氧'], ['山林水', '跨', '發電'], ['山林水', '跨', '發電'], ['山林水', '保持', '領先優勢'], ['公司', '看好', '水產業發展'], ['臺灣', '再生', '水']]"
0,20181114_122,超商年菜預購戰開打 統一超、全家拚Q4淡季不淡進入第 4 季超商淡季，業者不約而同開打年菜預購戰，統一超 () 強打 5 成品項與去年不同，而全家 () 則強化小包裝商品，藉此為農曆年前的年菜銷售旺季暖身，兩大意者均樂觀看待，此波年菜預購有望較去年同期成長 10-20%。統一超指出，冷凍年菜市場規模達 20 億元，且成長力不容小覷，首波預購以入秋體感商機、跨年聚餐為主軸，主打排隊鍋物和摘星美食，今年品項數多達 120 款，有將近 50% 的品項與去年不同，且商品價格帶相當廣泛，落在 179-12800 元間，可滿足全客層需求。7-ELEVEN 進一步說明，儘管距離農曆年節還有近 3 個月的時間，但希望提早讓消費者試菜，為年菜銷售暖身，去年 7-ELEVEN 年菜預購首波以鍋物結構最熱銷，因此今年再擴大經營，一口氣推出 25 道排隊名店的人氣鍋物，占總品項比重達 20%，預計此檔期銷售年成長可達 10-20%。另一方面，7-ELEVEN 為了在激烈競爭的市場中持續領先，今年首次攜手米其林推薦餐廳，開發摘星年菜，價格最低 269 元起，甚至獲米其林三星殊榮的君品酒店頤宮都成為合作對象。全家則說明，便利商店購買年菜已成為許多消費者的習慣，通常在春節前 3 個月會在網路陸續出現年菜討論聲量，為因應小家庭趨勢，今年強化適合小家庭規格的菜色，首波主推百項商品，支援平日家庭餐桌料理，預計整體業績可成長 20% 左右。,"[['全家', '拚', 'Q4'], ['超淡季', '進入', '第 4季超商淡季'], ['業者', '開打', '年菜'], [' )', '強化', '小包裝商品'], ['此波年菜預購', '有望', '成長10-20%'], ['超', '指出', '成長力小覷'], ['菜市場規模', '達', '億元'], ['商品價格帶', '多達', '120款'], ['7ELEVEN', '說明', '希望讓'], ['總品項比重', '達', '20%'], ['此檔期', '銷售', '年'], ['此檔期銷售成長', '可達', '10-20%'], ['獲米其林三星殊榮君品酒店頤宮', '成爲', '合作對象'], ['全家', '說明', '便利商店購買年菜成爲許多消費者習慣'], ['便利商店', '購買', '年菜'], ['便利商店購買年菜', '成爲', '許多消費者習慣'], ['整體業績', '成長', '20% 左右']]"
0,20181114_123,〈年興法說〉前3季純益年增95% 主要是2個原因年興 () 今 (14) 在證交舉辦法說會，其中關於今年獲利顯著提升，前 3 季純益達 1.54 億元，年增 95%，年興解釋有 2 個原因，包含以環保訴求為主的牛仔褲成主流，單價顯著提升，再者是產品與接單結構調整有成，越南廠轉虧為盈，帶動獲利上揚。年興第 3 季稅後純益達 1.54 億，年增率達 95%，季減 23%，每股純益 0.78 元，前 3 季稅後純益為 2.77 億，年增 75%，每股純益 1.4 元。年興表示，今年獲利提升有 2 個原因，第一是，以環保為訴求的牛仔褲成為主流，在單價提高的狀況下推升獲利；第二個原因則在調整產品跟接單結構，位於越南的成衣廠開始轉虧為盈。年興指出，第 3 季營收達 24.02 億，毛利率達到 13%，比起上一季 11% 多了 2 個百分點，主要是因為棉花價格波動影響，但稅後純益 1.54 億，跟第 2 季相比降低大約 5000 萬，主因則是因為升值幅度大所致。年興前 3 季營收達 64.36 億，年減 9%，毛利率達 10%，年減 4 百分點，營益率達 4%，年減 2 個百分點，稅後純益 2.77 億元，年增 75% ，每股純益 1.4 元。,"[['年', '增', '75%'], ['年興', '表示', '有個原因'], ['環保', '爲', '訴求'], ['爲訴求牛仔褲', '成爲', '主流'], ['，', '位於', '越南'], ['成衣廠', '開始', '轉虧'], ['年興', '指出', '多'], ['毛利率', '達到', '13%'], ['營益率', '達', '4%']]"
0,20181114_124,〈國泰金法說〉參與純網銀投資？ 國泰金總座：未來有機會不排除純網銀戰火正熾，包括中信銀、台北富邦等消金大咖銀行爭相加入純網銀團隊，搶數位金融商機，但國泰金旗下國泰世華至今仍紋風不動，國泰金總經理李長庚說，未來有機會仍不排除投資純網銀。純網銀本週五即將開放申請，包括中華電信、LINE 與樂天各自尋覓盟友，爭搶純網銀執照，國泰世華至今仍未加入任何一家純網銀團隊，媒體提問，國泰世華銀行對於純網銀的想法與規劃。對於沒有參與任何一個純網銀團隊投資，李長庚解釋，銀行對於投資純網銀的態度是「有機會就投資，沒機會也會自立自強」，何況目前對於純網銀如何運作還不是很清楚，除非未來金管會僅「獨厚」某些特定業務只能由純網銀承做，不然現有的銀行業務也不見得會輸給純網銀。國泰世華銀行主管補充說明，純網銀重點是「網」而非「銀」，內部目前還在觀察純網銀的發展方向，並且語帶保留的說，目前檯面上的純網銀團隊，股東結構可能還會有變化，不能就此論斷國泰世華銀不加入純網銀，暗示未來可能有機會加入純網銀。,"[['國泰金法說', '參與', '純網銀投資'], ['有機會', '不排除', '戰火'], ['等中信銀消金大咖銀行', '加入', '純網銀團隊'], ['國泰金總經理李長庚', '說', '有機會不排除純網銀'], ['有機會', '不排除', '純網銀'], ['LINE', '尋覓', '盟友'], ['國泰世華', '加入', '純網銀團隊'], ['媒體', '提問', '對於想法'], ['李長庚', '解釋', '清楚'], ['對於態度', '是', '有機會投資'], ['國泰世華銀行主管補充', '說明', '純網銀重點是網非銀'], ['純網銀重點', '是', '網非銀'], ['網', '非', '銀'], ['內部', '觀察', '發展方向'], ['股東結構', '有', '變化'], ['國泰世華銀', '加入', '純網銀']]"
0,20181114_125,〈年興法說〉致力環保製程 賴索托新廠明年產能將量產 挹注營運動能年興 () 今 (14) 日赴證交所舉辦法說會，說明目前還是以效率跟品質提升為主要目標，明年位於賴索托的新廠量產後，將有另一波營收挹注動能。年興董事長陳宜鋒表示，賴索托的針織廠廠房已建設一段時間，原本預計第 4 季投產，但因為法規跟建設尚未完善，因此延後到明年第一季，產能滿載大概需 6 到 8 個月，預計明年第 3 季產能將可完全開出，在接單方面，則以現有客戶為基礎，未來將擴及運動品項與機能性產品。年興位於越南的牛仔褲廠，主要改變是產品售價從低單價往高單價移動，目前產能滿載情況下， 1 個月約有 540 萬件產出，由於牛仔褲每年流行不一樣，年興表示，會看市場接受度再做調整。提到美中貿易戰，年興表示，目前主要廠區在墨西哥、賴索托、越南及台灣，貿易戰影響很小，未來主要會在上游開發新布種，來增加產品多樣性。,"[['挹注證交所舉辦法', '說明', '有營收動能'], ['明年', '位於', '賴索托'], ['另一波', '營收', '挹注'], ['年興董事長陳宜鋒', '表示', '預計季產能開出'], ['產能滿載', '需', '6 '], ['年', '興位於', '越南']]"
0,20181114_126,匯率幫忙 競國Q3獲利創10季以來新高 前3季EPS 2.89元PCB 廠競國 () 第 3 季起產能利用率明顯提升，旗下泰國廠接單也朝正面發展，競國今 (14) 日公布最新財報，第 3 季稅後純益 2.37 億元，超越上半年總和，累計前 3 季稅後純益為 4.63 億元，年增 93.13%，每股純益為 2.89 元。法人估，由於第 4 季進入市場需求淡季，競國單季營收將下滑到 21 億元，獲利也將較笫 3 季下滑，2018 年全年每股稅後純益，估達 3.5 元左右。競國最新財報顯示，笫 3 季營收 23.36 億元，毛利率為 16.72%，季增 1.11 個百分點，年增 2.36 個百分點，稅後純益 2.37 億元，勝過上半年總和，季增 10.16%，年增 4.32 倍，每股純益為 1.48 元；累計前 3 季營收為 69.03 億元，毛利率為 14.97%，年增 0.56 個百分點，稅後純益為 4.63 億元，年增 93.13%，每股純益為 2.89 元。競國笫 3 季毛利率，在有利的匯率因素支持，及稼動率提升等經濟規模效益挹注下，以 16.72% 創 7 季以來新高。稅後純益則以 2.37 億元改寫 10 個季度以來新高。競國主管指出，由於笫二、三季、等匯率有利，得以讓毛利率維持高水準，同時泰國廠目前每月營收維持 1.6 億元水準，並篩選高毛利產品接單，有助單季獲利的成長。至於競國泰國廠已取得歐系汽車電子廠認證，將陸續取得部分經認證的汽車板訂單，並進入生產，估明年笫 1 季起對營收貢獻較大，同時有助明年全年獲利。競國主管指出，競國泰國廠具成本及人工優勢，也有來自競國陸廠轉單效應，其中競國大陸廠訂單，在成本、交期許可下，配置在泰國廠生產，可獲取最大獲利效益。競國實業擁有台灣樹林廠、中國大陸昆山廠及泰國廠三地產能，目前生產 PCB 仍偏重 3C 電子產品應用，包括 TFT LCD 光電板、NB 應用等；競國泰國廠原即為投入汽車板而設立，目前該廠營收中，包括汽車風扇、音響等非安全性車用電子 PCB 已占其營收的重要比重。,"[['匯率', '幫忙', ')第 3季起產能利用率提升'], ['稅後純益', '爲', '4.63億元'], ['每股', '爲', '2.89 元'], ['營收將', '下滑到', '21億元'], ['最新財報', '顯示', '23.36億元'], ['毛利率', '爲', '16.72%'], ['年', '增', '個百分點'], ['年', '增', '4.32倍'], ['每股純益', '爲', '1.48元'], ['前3季營收', '爲', '69.03億元'], ['稅後純益', '爲', '4.63億元'], ['每股', '爲', '2.89 元'], ['競國主管', '指出', '得以讓'], ['泰國廠', '維持', ' 億元水準'], ['競國泰國廠', '取得', '歐系汽車電子廠認證'], ['部分', '經', '認證'], ['競國主管', '指出', '競國泰國廠具成本也有競國陸廠轉單效應'], ['競國泰國廠具成本', '也有', '競國陸廠轉單效應'], ['競國實業', '擁有', '臺灣樹林廠'], ['生產PCB', '偏重', '3C電子產品應用'], ['包括非安全性車用電子PCB', '佔', '重要比重']]"
0,20181114_127,"【亞洲投顧】元太，矽創，南電都強勢◆盤勢分析今天大盤量平整理，大盤出現站穩 9777 點的正式止跌訊號，基本上可以續看反彈格局，挑戰 10014 點，不過提醒大家，大盤中長線還是空方趨勢，要降低操作資金以控制風險。這次大盤千點下跌和 600 點反彈，只要按照訊號操作就是有大獲利，龍哥非常早之前就規劃，大盤跌破短線支撐 10940 點，偏空操作，親帶會員實際對帳單，波段空單累積大賺 + 268 萬；然後反彈行情，一口波段多單累積大賺 + 300 點以上，親帶會員大賺將近 + 100 萬。搶反彈可以留意多方格局而且籌碼穩定的主力股，例如，2458 義隆電，6176 瑞儀，8016 矽創，3596 智易，8069 元太，8046 南電等等。之後還有 ""大"" 行情，不論上漲或下跌，大家一定要把握，跟上龍哥的腳步，一起佈局一起迎接行情。這陣子主力雷達的主力股還是很強勢，例如，7/31 主力雷達就選出 4953 緯軟；8/3 就選出 2379 瑞昱和 3227 原相；8/6 就選出 2027 大成鋼；1477 聚陽，早在 8/10 雷達就選出來了；8/14 主力雷達選出 6121 新普，幾乎是起漲點！看看龍哥推薦的 6278 台表科，8046 南電，3037 欣興，5371 中光電，2458 義隆都有創高。今天外資期貨多單增加 833 口，自營商期貨多單增加 652 口，外資選擇權避險佈局，自營商選擇權中性佈局，大盤整理，多方籌碼小幅度增加，有機會持續反彈格局。目前波段操作策略，多方操作者，大盤帶量突破 9777 開始偏多操作；空方操作者帶量跌破 9764 點開始偏空操作，突破 9777 點出場。蘇建豐 (股期龍心)  分析師以上資料僅供參考，投資時應審慎評估","[['大盤', '出現', '正式止跌訊號'], ['大盤中長線', '降低', '操作資金'], ['大盤中長線', '降低以', '控制風險'], ['跌破短線', '支撐', '10940點'], ['親帶會員', '賺', '100萬'], ['搶反彈', '留意', '多方格局主力股'], ['主力雷達', '選出', '緯軟'], ['主力雷達', '選出', '6121新普'], ['5371中光電', '有', '創高'], ['外資期貨', '增加', '833口'], ['自營商期貨', '增加', '652口'], ['大盤帶', '突破', '9777']]"
0,20181114_128,【顧德投顧】鴻海體質調整，市場疑慮多◆盤勢分析鴻海董事會通過 2018 年第三季合併財報，毛利率、營益率、淨利率「3 率 3 升」，每股盈餘 1.57 元，優於第二季 1.01 元及去年同期 1.21 元，但市場並不買帳，利多不漲! 似乎潛藏著更大的疑慮!從營收面來看，第三季合併營收 1.37 兆元，季增 27.46％、年增 27.52％，創同期新高，以數字上非常漂亮；毛利率 5.87％，優於第二季 5.63％和去年同期 5.83％；營益率 2.28％優於第二季的 1.47％和去年同期的 1.95％；公司營運體質已經轉好，市場對於蘋果的未來市占仍屬負面看待，且大陸匯率走低，美中貿易戰影響，這些顧慮對於鴻海股價有一定的負擔。台股今天雖然有明確拉抬跡象，但昨天 9800 點破線了，支撐轉換成壓力，早盤拉高回 9800 點之上，收盤仍壓回至 9791 點，達陣不成功；以技術線型論斷，周線與五日線進行博鬥，沒有任何勝出的跡象，看起來要站上 9800 點仍須努力。觀察重點仍然在陸股的發展上，雖然美國白宮國家經濟委員會主任庫德洛稱美國樂見與中國恢復貿易磋商，稱美國和中國政府「如今在所有層級進行溝通，這非常好。」，並且表示 G20 會議上川習會是很明確的既定行程；不過下午新聞提到，美國副總董彭斯警告北京: 要從根本做出改變，美方絕不退步；新聞一出，上海綜合指數像洩氣的皮球一樣，對於台股明天的表現烏雲罩頂；感覺這場戰爭仍然在「美國第一」與「厲害了! 我的國」的意識之戰。MSCI 明晟此次全球標準指數成分股的半年度調整，台灣成分股將原本屬於全球小型指數的大同 (2731) 轉列入 ；剔除 GIS-KY 業成 (6456) 、宏達電 (2498) 、旺宏 (2337) 、東元 (1504) 等 4 檔，轉列入全球小型指數成分股；全球小型指數部分，更增加大國鋼 (8415) 、世紀鋼 (9958) 、達方 (8163) 、勝一 (1773) 、泰博 (4736) 等；此次調整將在 11 月 30 日盤後生效。油價受到預期中國經濟走弱，需求面可能減少的疑慮，持續走弱；市場預估這次可能不只是供給面可以解決的問題，是從需求面減少引起；所以昨天紐約輕原油 12 月期貨大跌 7.1%(4.24 美元)、收 55.69 美元，創 2017 年 11 月 16 日以來收盤新低，為史上首見連續 12 個交易日收低；盤中交易區間為 54.75-59.35 美元。隨著油價走弱，不管短、中、長期的美國殖利率都有拉回現象，市場對於美國升息疑慮所導致未來經濟波動可以暫緩一口氣，雖說美國指數會持續攀高；不過 Capital Economics 資深美國經濟學家 Michael Pearce 則認為美國核心通膨已經觸頂，因為美元強勢，隨著通膨趨緩，Fed 只會緩慢升息，明年應該很快就會停下緊縮步伐，這對於全球股市應該會是一個比較正面的看法。上海股市中場拉回，投資人皮巴緊一點由於上海股市中場拉回，對於明天台灣股市並不是太好的諭示，雖然盤勢仍然可以看到強力拉抬的影子，投資人面對明天的股市應該要有拉高避險的心理準備。林開誠 分析師以上資料僅供參考，投資時應審慎評估,"[['顧德', '投顧', '鴻海體質調整'], ['5.87％', '優於', '第二季'], ['市場', '屬', '負面看待'], ['這些顧慮', '有', '一定負擔'], ['臺股', '有', '拉抬跡象'], ['支撐', '轉換成', '壓力'], ['周線', '進行', '博鬥'], ['美國白宮國家經濟委員會主任庫德洛', '稱', '美國樂見恢復磋商'], ['美國', '樂見', '恢復磋商'], ['美國', '進行', '溝通'], ['新聞', '提到', '美國副總董彭斯警告北京'], ['美國副總董彭斯', '警告', '北京'], ['上海綜合指數', '表現', '烏雲罩頂'], ['這場戰爭', '在', '美國第一'], ['臺灣成分股將', '屬於', '小型指數大同'], ['指數部分', '增加', '等大國鋼'], ['油價', '受到', '中國經濟預期走弱'], ['市場', '預估', '只是供給面解決問題'], ['盤中交易區間', '爲', '54.75-59.35美元'], ['美國殖利率', '有', '拉回現象'], ['美國升息疑慮', '導致', '經濟波動暫緩一口氣'], ['經濟波動', '暫緩', '一口氣'], ['美國經濟學家Michael Pearce', '認爲', '核心通膨觸頂'], ['這', '是', '正面看法'], ['盤勢', '看到', '強力拉抬影子']]"
0,20181114_129,【亞洲投顧】建議以短多個股技術面操作因應◆盤勢分析反應前一交易日，台 ADR 多數上漲激勵，指數以上漲 23.85 點開出，但受到 MSCI 連降台股權重影響，反彈走勢受阻，數度滑落盤下。重量權值股以聯電、台達電、與金融股表現較有支撐，次族群則以觀光、汽車、運輸等漲幅 1% 以上最為突出，電子族群中，部分太陽能個股、以及印刷電路板個股呈現強彈也成為亮點。指數終場上漲 16.04 點或 0.16%，以 9791.88 點作收，成交量減少而為 1019 億元。油價不久前才登上 4 年高點，但卻在短短 6 週內，全數吐回今年所有漲幅並摔入熊市，這波跌勢主要是反映出油市未來基本面，正出現變化，全球三大產油國的產量正處於或接近史上高點，OPEC 正在協調增產的過程。近幾個月，美國產出量已經達每日 1100 萬桶，同時俄國產油量也大致同一水平，達後蘇聯時代的高位。沙國產油量雖落後，但 10 月也達 1060 萬桶 / 日之多。台股操作上需需注意避開塑化股、紡織股、水泥股、食品股。胡毓棠  分析師,"[['重量權值股', '有', '支撐'], ['部分太陽能個股', '呈現', '強彈'], ['部分太陽能個股呈現強彈', '成爲', '亮點'], ['指數', '上漲', '16.04點'], ['油價', '登上', '4年高點'], ['這波跌勢', '反映', '未來基本面'], ['三大產油國產量', '處於', '接近史上高點'], ['OPEC', '協調', '增產'], ['正在', '協調', '增產'], ['產出量', '達', '1100萬桶']]"
0,20181114_130,中國市場衰退＋貿易戰影響 桂盟Q3遭逆風 明年動能轉強優於今年桂盟 (5306) 今日舉行法說會，發言人陳泳仁於法說會中提到，前三季獲利表現受到共享單車、新興市場貨幣兌美元貶值及中美貿易戰影響，但全年營收仍將力拚優於去年，而明年在自行車及機車部門的獲利結構調整下，看好獲利表現將優於今年。陳泳仁表示，第三季除受到稅率增加影響外，中國共享單車、內銷市場仍未見回溫，此外，中美貿易戰也造成客戶下單趨緩，導致第三季獲利年減逾 25%，單季 EPS 1.6 元，前三季 EPS 5.63 元。桂盟第三季歸屬母公司淨利 2.01 億元，年減 25.8%，毛利率 42.47%，營益率 23.39%，EPS 1.6 元；前三季歸屬母公司淨利 7.10 億元，年減 8.9%，毛利率 41.69%，營益率 24.02%，EPS 5.63 元。展望第四季，陳泳仁提到，第四季主要成長動能來自電動自行車，目前新增產能的產量已被預訂完畢，去年專用鏈條約出貨 70 萬條，營收占比 3%，今年出貨則近百萬條，營收占比提升至 5%，目前市占率 60-70%，而由於電動自行車鏈條單價高出 15-20%，看好將為明年自行車部門的重要動能。而針對中美貿易戰部分，陳泳仁則表示，雖桂盟 80% 的生產位於中國，但其中只有 15% 輸往美國，且在台灣、越南皆有工廠，目前搭配自行車整車廠做生產配置，越南已開始生產電動自行車鏈條，未來將配合客戶需求逐步做調整。,"[['Q3', '遭', '逆風'], ['強', '優於', '說會'], ['發言人陳泳仁', '提到', '獲利表現受到'], ['營收', '將力拚優於', '去年'], ['明年', '看好', '優於今年'], ['陳泳仁', '表示', '中國共享單車未見回溫'], ['中國共享單車', '未見', '回溫'], ['中美貿易戰', '造成', '客戶下單趨緩'], ['1.6EPS', '減逾', '25%'], ['前三季', '歸屬', ' 7.10億元淨利'], ['陳泳仁', '提到', '來自電動自行車'], ['營收佔比', '提升至', '5%'], ['則', '表示', ' 輸'], ['80%桂盟生產', '位於', '中國'], ['越南', '開始', '生產電動自行車鏈條']]"
0,20181114_131,國泰金總座稱 2020年美國總統大選前 美中貿易戰有轉圜契機美中貿易戰牽動全球金融市場敏感神經，這場戰役何時解、如何解﹖國泰金 (2882) 總經理李長庚表示，美中貿易戰在 2020 年美國下屆總統大選之前，應該會有轉圜的空間，沒有國家領導人會拿物價，去跟百姓的生活撕殺，以美國總統川普智慧、精明程度，會在下屆總統選前，技術性讓兩國的貿易戰有所轉圜。美國期中選舉落幕，並未影響川普陣營聲勢，李長庚分析，主要美國經濟表現仍佳，試想若是跌了 5 千點，民眾還會依然支持他嗎﹖川普立場能不動搖嗎﹖美國之所以發動貿易戰關鍵，不全然在中國大陸賺走美國多少順差，他個人解讀，背後真正原因防堵中國大陸工業製造能力提升，透過貿易手段，將其供應鏈整個搬走，瓦解製造能量蓄積。對於美中貿易戰，李長庚認為，2020 年下屆美國總統大選，川普若要尋求連任，勢必會重新精算貿易戰利弊得失，轉圜契機就此浮現，即便有轉圜，並非兩國領導人或相關代表擁抱一下、握個手就會解決，兩國之間貿易競合，制裁手段會愈來愈變本加厲。美中貿易戰開打，製造廠商將基地轉移到越南、印尼等東南亞國家，李長庚觀察到，貿易戰不易解決，供應鏈遞延調整腳步持續發生，另外，美國明年仍會升息 3～4 次，台美利差擴大，恐怕會引發一波資金外流，政府應該有「預防性措施」來因應。,"[['國泰金總座', '稱', '美中貿易戰有敏感神經'], ['美中貿易戰', '有', '敏感神經'], [' 總經理李長庚', '表示', '國家領導人有轉圜空間'], ['國家領導人', '有', '轉圜空間'], ['李長庚', '分析', '民衆支持他'], ['民衆', '支持', '他'], ['美國', '發動', '貿易戰關鍵'], ['李長庚', '認爲', '美國總統大選'], ['川普若', '尋求', '連任'], ['李長庚', '觀察', '貿易戰解決'], ['美國', '升息', '43次'], ['政府', '有', '預防性措施來因應'], ['預防性措施', '來', '因應']]"
0,20181114_132,宏達電公布自結 10月每股虧1.06元宏達電 () 由於近期股價走勢動盪，今 (14) 日應主管機關要求公布自結數，10 月稅後虧損 8.74 億元，年增 38%，每股虧損 1.06 元，年增 38%。宏達電 10 月合併營收 13.07 億元，年減 78%，稅前虧損 8.04 億元，年增 43%，稅後虧損 8.74 億元，年增 38%，每股虧損 1.06 元，年增 38%。宏達電日前也公布第 3 季財報，合併營收 40.4 億元，季減 41.18%，年減 74.52%，毛利率 4.7％，季增 2 個百分點，年減 5.6 個百分點，營益率 - 68.9%，季減 18.2 個百分點，年減 48 個百分點；稅後虧損 26.03 億元，較上季虧損 21 億元擴大，但較去年同期的虧損 31 億元收斂，每股稅後虧損 3.18 元。宏達電近期股價走勢動盪，近 2 周成交量較先前擴增，從 11 月 7 日起成交量均超過 1 萬張，昨 (13) 日更爆大量上攻、放大至 7 萬張，外資從 11 月 6 日起開始買超宏達電，截至昨日為止，共買超逾 1.2 萬張，但今日則轉為調節、賣超逾 3000 張。,"[['宏達電公佈', '自結', '1.06元宏達電)每股虧'], ['主管機關要求', '公佈', '自結數'], ['每股', '虧損', '1.06元'], ['每股', '虧損', '1.06元'], ['宏達電', '公佈', '第 3季財報'], ['毛利率', '年減', ' 74.52%'], ['營益率', '減', '個百分點'], ['每股', '虧損', '3.18 元'], [' 月7日起成交量', '超過', '1萬張'], ['外資', '爆', '攻'], ['賣', '超逾', '3000張']]"
0,20181114_133,【華冠投顧】幸運星-大盤還是持續洗刷刷+洗澎澎…投機行情持續中......星星之火可以燎原......林幸蓉 分析師焦點個股：1526 日馳、2368 金像電、2231 為升、4123 晟德、4736 泰博美股跌 100 點，科技反彈 1.35%...... 台股經過昨天的震撼教育後，今日持續洗刷刷 + 洗澎澎…… 投機行情持續中…… 指數在月線附近震盪。控盤者作多的企圖心仍然強大！！今日再拉 2330 台積電、2303 聯電、2408 南亞科及金融大軍 2881 富邦金、2882 國泰金、5880 合庫金、2892 第一金等金控股一起撐盤，收盤小漲 16 點，安全收在月線之上。OTC 部分矽晶圓族群昨天偷拉尾盤，今日休息，改由其他個股百花齊放！整體來說，OTC 反而強於大盤，收盤漲 0.26%，成交量放大到 232 億…… 人氣漸漸回籠……從 10 月 29 日幸運星告訴大家，大盤大跌 1660 點後，投機行情將出現！！大家都看到了吧！！！控盤者先從矽晶圓點火…… 再來點 PCB……MOSFET……IC 設計…… 二極體……COF…… 雪紅概念股…… 自行車變速器…… 今日轉移到雞蛋水餃等低價股…… 控盤者很希望在資金不足的狀況下到處點火，先讓不同的族群都能輪動，因此先點了星星之火…… 將來等資金人氣回流…… 必然可一舉燎原！！10 月 29 日老師分享的矽晶圓 2 隻領頭羊是第一把火：6488 環球晶、5483 中美晶；10 月 30 日無私分享第二把火 PCB…… 二極體：3563 牧德、5425 台半！2458 義隆電…… 老菜手機 COF 6552 易華電今天還再創新高！！接著前幾天控盤者又點火「雪紅概念股」2498 宏達電、2388 威盛…… 自行車變速器 1526 日馳分享四天四根漲停……6266 泰詠昨創新高，今依然創高…… 今天 OTC 高達 16 家漲停，上市也是 16 家漲停！！（雖然滿千漲的漲停不多…… 但人氣漸漸回流，頗有星星之火可以燎原的感覺……）今日成交破萬張以上漲停：1526 日馳（分享四天連四漲停）、2368 金像電、2323 中環；兩千張以上漲停：4909 新復興（網通）、8213 志超、2231 為升、6196 帆宣；其他強勢股有 4123 晟德、4736 泰博、8046 南電……弱勢股有 2317 鴻海、2353 宏碁、2356 英業達、2357 華碩、3529 力旺、4746 台耀、6505 台塑化（以上都破底）、5876 上海商銀、1504 東元……選舉前許久未動的生技股，有機會被大人們點火嗎？？？……… 詳情請免費加入幸運星 LINE 粉絲群，免費隨點隨聽《股市幸運星》節目……最後祝大家明日操作順利！！！※以上內容由華冠投顧 林幸蓉分析師 整理提供，投資人於投資前請審慎評估，遵守紀律，嚴設停利停損。歡迎免費加入林幸蓉老師的 Line 群組 ID：詳細操作策略，請加入林幸蓉 老師 Line 群組服務電話：(02)6630-3237華冠投顧官網：,"[['華冠', '投顧', '幸運星'], ['華冠', '投顧', '幸運星'], ['投顧大盤', '還是', '持續中'], ['林幸蓉', '焦點', '個股'], ['金像電', '爲', '升'], ['臺股', '經過', '震撼教育'], ['安全收', '在', '月線之上'], ['矽晶圓族羣', '拉', '尾盤'], ['收盤', '漲', '0.26%'], ['成交量', '放大到', '人氣回籠'], ['控盤者', '希望', '點火'], ['只領頭羊', '是', '第一把火'], ['1526日馳', '分享', '四漲停中環'], ['4909新復興網通', '爲', '升'], ['其他強勢股', '有', '4123晟德'], ['由華冠', '投顧', '林幸蓉分析師整理'], ['投資人', '請', '審慎']]"
0,20181114_134,〈國泰金法說〉操作眼光精準 國壽前3季靠股票投資就有700億元入袋國泰金控核心子公司國泰人壽海內外股市今年投報率均逾 1 成，累計前 3 季包括現金股利與資本利得，就有超過 700 億元收入，創歷史新高紀錄。國泰金今 (14) 日舉行第 3 季法說，揭露前 3 季財務，國壽今年國內外投資雙雙繳出亮眼成績單，前 3 季台股部位高達 4640 億元，投資報酬率 12.1%；國外股票部位 4070 億元，投報率 10.8%，兩者年化報酬率高達 10% 以上，累計前 3 季光靠財務投資就有 700 億元獲利進帳。國泰金主管表示，第 3 季全球股市雖然拉回修正，但國壽仍逢低加碼美股、陸股與港股，因此海外股票部位前 3 季增加 200 億元，主要是內部預期未來 3 到 6 個月經濟成長率衰退機率極低，因此仍加碼美股、陸股與港股。此外，國壽前 3 季避險後投資收益率為 4.2%，高於資金平均成本 4.05%，換言之，國壽前 3 季仍有利差益。 國泰金前 3 季稅後純益 546 億元，每股稅後純益 (EPS)4.18 元，核心子公司國壽前 3 季稅後純益 362 億元，國泰世華銀稅後純益 184 億元，較去年同期增加 8.24%。國泰世華銀行今年前 3 季，淨利差 (NIM)1.26 個百分點，較去年底增加 8 個基本點 (bp)，主要受惠外幣放款與中小企業放款業務挹注，兩者占整體放款比重分別為 15.8%、11.3%。但國泰金海外分行獲利約 62 億元，占全行獲利比重降至 29.6%，跌破 3 成，約 29.6%，比起去年同期比重 43.1%，大幅衰退。國泰金主管說，去年海外獲利比重拉高，主要是新加坡分行債券投資挹注，但今年因投資市場「混沌不清」，因此投資市場上「暫時休息」。,"[['前3季', '靠', '股票'], ['今年投報率', '均逾', '1成'], ['3季', '包括', '現金股利'], ['雙雙', '繳', '國內外投資'], ['季臺股部位', '高達', '4640億元'], ['兩者年化報酬率', '高達', '10% 以上'], ['3季光', '有', '獲利進帳'], ['國泰金主管', '表示', '3季增加200億元'], ['3季', '增加', '200億元'], ['國壽前3季', '有利', '差益'], ['bp', '增加', '個基本點'], ['整體放款比重', '爲', '11.3%'], ['國泰金主管', '說', '比重拉高']]"
0,20181114_135,"【元大期貨】台股期指盤後－電子金融撐盤，溫和反彈！◆盤勢分析◇行情短評溫和反彈美國指數週二收漲 1.35%，週三早盤由權值龍頭 - 台積電引領反彈，雖然 MSCI 盤中宣佈~ 台股在全球新興市場指數權重由 11.73% 下調至 11.63%，及陸股因經濟數據不佳拉回，使得期指一度回落至接近平盤，不過尾盤在金融族群接棒下，終場上漲 43 點以 9768 點。逆價差降至 24 點期現貨逆價差由 50 點收斂至 24 點，選擇權波動率指數亦由 21.16 下降至 20.4，市場風險情緒呈現降溫。外資籌碼偏中性外資現貨小幅賣超 16.6 億元，期貨淨多單則小增 854 口至 40,997 口。◇元大觀點相較週二大幅波動的行情，週三高低點差距僅 67 點，期指亦持穩在平盤之上，市場情緒已較穩定；不過研究部認為~ 美股近日呈現拉回，而中美雖展開對話，但紛爭不易落幕，上檔依舊承壓。","[['尾盤', '上漲', '43點'], ['尾盤', '上漲以', '點'], ['選擇權波動率指數', '下降至', '20.4'], ['市場風險情緒', '呈現', '降溫'], ['中性外資現貨', '賣超', '16.6億元'], ['854口', '至', '40口'], ['研究部', '認爲', ' 美股呈現'], ['中美', '展開', '對話']]"
0,20181114_136,【華冠投顧】2308台達電 3665貿聯 3324雙鴻美股漲跌互見，台股也繼續在月線的位置整理，不過融資續創新低，融券仍維持在 59 萬張以上的高水位，就籌碼來看是有機會整理完後再往上走的，現階段卡在選舉，要表態應是等選完才是，作好準備，把持股調好，有些產業在轉佳的，在這個階段，可以留意。今天又換到了風電表態，選舉概念，不過指標股 9958 世紀鋼上影線很長，估計是短線客搶短的傑作，股市每天漲漲跌跌，如果這個強就要追，那個強也要弄一下，應該老爸要柏南克才有辦法，所以，心中有把尺比較實在，2308 台達電、3665 貿聯、3324 雙鴻，走勢及籌碼看來還可以，續抱續追蹤即可。今天主流在 PCB，我們手中也有，明日觀察續強力如何，祝大家操作順利。作者: 華冠投顧 謝宗霖分析師   華冠證券投資顧問股份有限公司 (104) 證管投顧新字第 009 號本資料僅供參考投資時應審慎評估,"[['融券', '維持在', '高水位'], ['股市', '追', '那個'], ['柏南克', '有', '辦法'], ['主流', '在', 'PCB']]"
0,20181114_137,貨櫃三雄Q3獲利低迷 Q4二大利多帶動有望淡季不淡受高油價衝擊，貨櫃海運業者第 3 季旺季獲利表現低迷，陽明 () 連虧 3 季，萬海 () 單季獲利年減 66%，而長榮 () 則是年衰退 80%，所幸，第 4 季油價明顯回落，再加上貨主趕著明年美國恐加徵關稅前出貨，10 月以來，傳統淡季見到美國線運價甚至較第 3 季還高，淡季不淡可期。萬海第 3 季合併營收 173.28 億元，年增 9.58%，並創 15 個季度以來新高，反映旺季運量成長，不過，在油價高漲的陰霾下，毛利率衰退 8.09 個百分點至 7.03%，儘管營業費用管控得宜，單季稅後純益僅剩 4.31 億元，年減 66%，每股純益 (EPS)0.19 元。累計前 3 季萬海合併營收為 481.85 億元，年增 7.15%，因連續 3 季毛利率遭壓抑在個位數，導致稅後純益年減 57% 至 8.37 億元，EPS 0.38 元。長榮同樣因高油價獲利逆風行，儘管第 3 季合併營收年增 9.04% 至 452.81 億元，創單季新高紀錄，然而毛利率下滑 3.55 個百分點至 7.32%，稅後純益 7.08 億元，年減幅 81%，EPS 0.17 元；累計前 3 季長榮稅後虧損 3.99 億元，差於去年同期大賺 68.24 億元，EPS -0.09 元。另外，日前公布財報的陽明，第 3 季稅後純損 9.1 億元，差於去年同期獲利 12.64 億元，每股虧損 0.35 元；累計前 3 季虧損 66.74 億元，每股虧損 2.57 元。由於國際油價上漲，前 3 季平均燃油價格年漲 28.38%，對海運業者造成大幅度衝擊，所幸近來油價持續回落，可觀察到過去一個月來跌幅超過 20% 來到每桶 64.04 美元，而 12 月紐約輕原油期貨昨 (13) 日收盤更大跌 7% 來到每桶 55.69 美元，創今年以來新低，也是逾 3 年的最大單日跌幅，顯然本季油價壓力對海運業者而言大幅減輕。,"[['長榮', '是', '所幸'], ['貨主', '趕', '恐加徵'], ['傳統淡季', '見到', '美國線'], ['淡季', '淡', '可期'], ['毛利率', '衰退', '8.09'], ['季萬海合併營收', '爲', '481.85億元'], ['年', '增', '7.15%'], ['3季毛利率', '遭', '壓抑'], ['收年', '增', '9.04%億元'], ['毛利率', '下滑至', '7.32%'], ['每股', '虧損', '0.35 元'], ['前3季', '虧損', '66.74億元'], ['每股', '虧損', '2.57元']]"
0,20181114_138,【華冠投顧】進入壓縮段  準備玩大的范振鴻 分析師●盤勢分析今天整體振幅只有 60 點，量能 1018 億，其實不難發現，最近的盤自 11/02 過後量能都持續萎縮，就連昨天收長下影線也只有 1100 億左右的量，所以這邊要持續震盪的機會還是比較大，就是等待短線是否出現結構上的變化才能判斷方向，而很明顯的從布林通到來看大盤開始進入壓縮，因此也要留意下一次的突破不管向上向下可能都要玩大的，當然以目前的趨勢來看，『結局』往下的機會還是比較大的。類股方面 2330 台積電今天雖然開高，但仍受制於下彎的月線而收黑 K，電子類股早盤強於大盤，但終場也是漲幅收斂，6452 康友 - KY 不是漲停就是跌停跟賭沒兩樣持續提醒看戲就好，而近期比較活潑的光碟股，前陣子有提醒過 2349 錸德季線反壓，今天 2323 中環強勢漲停也是接近季線了，一樣提醒持有的朋友善設停利，而生技股 3176 基亞近期雖然穩盤在季線之上，但要留意上週漲停過後法人與主力開始有出貨現象，也提醒大家避開。※以上內容由華冠投顧 范振鴻分析師 整理提供，投資人於投資前請審慎評估，遵守紀律，嚴設停利停損。最新活動 : 準備出手，歡迎加入海豚交易室 https://goo.gl/6H3Z4E詳細操作策略，歡迎免費加入范振鴻老師的 Line 群組 ID：  服務電話：(02)6632-1000華冠投顧官網：,"[['】', '進入', '壓縮段'], ['進入壓縮段投顧', '準備', '大'], ['整體振幅', '只有', '60點'], ['短線', '出現', '結構上變化'], ['大盤', '開始', '進入壓縮'], ['往下機會', '還是', '大的'], ['生技股3176基亞', '穩盤在', '季線之上'], ['法人', '開始', '有出貨現象'], ['投資人', '請', '審慎']]"
0,20181114_139,【華冠投顧】 MSCI季度調整台股三大指數遭調降MSCI 季度調整，MSCI 全球新興市場指數權重由 11.73% 下調至 11.63%，調降幅度為 0.10%；MSCI 亞洲除日本指數權重由 13.58% 下調至 13.45%，調降幅度為 0.13%；MSCI 全球市場指數權重由 1.30% 下調至 1.29%，調降幅度為 0.01%；三大指數同步調降，最新權重將在 11 月 30 日收盤後生效。全球標準指數成份股，新增 1 檔 (2371) 大同，剔除 4 檔 (6456)GIS-KY 業成、(2498) 宏達電 、(2337)旺宏、(1504)東元。全球小型指數的台股成分股，新增 9 檔包括 (8415) 大國鋼、(9945)世紀鋼、(8163)達方、(1773)勝一、(4736)泰博、(6456)GIS-KY 業成、(2498)宏達電 、(2337)旺宏、(1504)東元。剔除 41 檔包括，(6166)凌華、(8086)宏捷科、(3380)明泰、(1308)亞聚、(3017)奇鋐、(5263)智崴、(2239)英利 - KY、(8358)金居、(6462)神盾、(3450)聯鈞、(2331)精英、(3545)敦泰、(3691)碩禾、(4551)智伸科、(5009)榮剛、(9905)大華、(1338)廣華 - KY、(1714)和桐、(6279)胡連、(2545)皇翔、(6238)勝麗、(1560)中砂、(3003)健和興、(5305)敦南、(9951)皇田、(4128)中天、(6244)茂迪、(4919)新唐、(8114)振樺電、(1307)三芳、(6451)訊芯 - KY、(3708)上緯投控、(3611)鼎翰、(3552)同致、(4180)安成藥、(1522)堤維西、(2727)王品、(1589)永冠 - KY、(1726)永記、(2485)兆赫、(2371)大同。每次 MSCI 季度調整，首次被內入的個股表現走勢就會很好，就像大國鋼、世紀鋼、達方、勝一、泰博，今天都是大漲走勢。那遭到剔除的個股，不一定會立刻反應，但要注意 11 月 30 日最後一盤可能遭到大量賣出。作者: 華冠投顧 藍慶賜分析師華冠證券投資顧問股份有限公司 (104) 證管投顧新字第 009 號本資料僅供參考投資時應審慎評估,"[['11.73%權重由', '下調', '季度調整'], ['11.73%權重由', '下調至', '11.63%'], ['下調', '至', '13.45%'], ['9檔', '包括', '8415'], ['大國鋼', '都是', '大漲走勢'], ['最後一盤', '遭到', '大量賣出']]"
0,20181114_140,【華冠投顧】本周若能守住月線、下周月線就會翻揚鍾騏遠 分析師大盤今天重回月線之上，相對美股下跌百點，台股表現算可圈可點。接下來一直到 11/27 日之前，月線扣抵值將一路向下扣抵，若指數守在月線之上，下周起，月均線就會呈現上揚的多方格局。也就是說，如果下個星期的量能升溫，或是出現帶量長紅，則大盤後續不排除挑戰季線。另一方面，大盤融券水位來到前高、而融資水位來到前低。過去這兩個現象很少同時出現，一般都是融資、融券會反向交叉的情況。站在外資主力的角度來看，這個時候拉指數，除了籌碼沉澱、散戶賣單減少之外，空方回補的買盤，也會形成上漲的助力。由於指數的長線支撐出在 8800 附近，後續是否挽回到這個滿足點，一定是伴隨著國際總經出現變化的前提之下，能夠有如此大的影響，除了中美貿易、聯準會升溫、歐洲債務、脫歐等，都有能影響後續表現。騏遠認為：聯準會升息，屬短空長多，而中美貿易是否和解，才是後續股市多空的關鍵。類股方面：上周五盤後影音預告佈局的個股: 2349 錸德，繼昨天反轉吞噬之後，今天量價齊揚小漲作收。11/15(四) 季線扣抵值進入低檔區，是否能夠重回季線，以及能否跟的上半年線扣抵值，是後續賺多賺少的觀察點。當然，也要看整體漲價題材的表現了。歡迎免費加入鍾騏遠老師的 Line 群組 ID：詳細操作策略，請加入鍾騏遠 老師 Line 群組服務電話：(02)6632-1000華冠投顧官網：,"[['指數', '守在', '月線之上'], ['月均線', '呈現', '多方格局'], ['大盤', '不排除', '挑戰季線'], ['大盤融券水位', '來到', '前高'], ['融資水位', '來到', '前低'], ['空方回補買盤', '形成', '上漲助力'], ['指數長線', '支撐在', '8800附近'], ['國際總經', '出現', '變化'], ['國際總經', '出現', '變化'], ['聯準會升息', '纔是', '空關鍵'], ['季線', '扣', '值'], ['重回季線', '是', '賺觀察點']]"
0,20181114_141,"【華冠投顧】賴昇楷：多頭拿回短線掌控權 選前可鎖定哪些個股?賴昇楷 分析師＜大盤分析＞昨日提到「大盤未來幾日若能重新站回上週整理平台下緣 9783 點（更好的情況是重上 9850 點，這個點位約略是整個整理平台的平均成本），代表多頭該守的防線確實有在守，那麼回檔危機便可望解除並且回復到多方控盤格局」。昨晚美股三大指數留長上影線收小漲小跌，Nasdaq 與  收在所有均線之下，失守月線，顯示對美中貿易戰緩和利多的反應平淡，此一偏空背景為今日台股帶來不小壓力，這點可以從大盤委賣張數暴增獲得確認。然而在賣壓偏重的條件下，今日大盤仍然 + 16 點奮力收上月線和 9783 點，並且扭轉了日Ｋ棒一連幾天高點不過高、低點破低的空方慣性，暗示多頭防守能耐與企圖不差，重拾短線掌控權。現階段多頭仍面臨幾項挑戰，包括：(1) 大盤短線套牢帶仍未完全解套，從委賣張數來看賣壓偏重；(2) 隨著選舉腳步逼近，台股觀望氣氛日趨濃厚，成交量難以有效放大；(3) 國際股市不強、創高。對多頭有利之處則有：(1) 台股下檔具備強勁護盤力道；(2) 外資於本波創高過程中，不似之前對台股進行強力賣超；(3) 融資餘額偏低、融券餘額偏高的資券結構對多方有利。總結來說，多頭今日扭轉了短線空方慣性，即使再遇利空，下檔也容易有支撐力道，昨日低點不易再破，但是在量能不濟的狀態下，向上空間同樣受限，萬點即是強壓，估計選前應為 9600 點～10000 點之間的震盪格局。＜重要觀察股＞近期台股當中表現最為弱勢的族群為 ""被動元件族群"" 和 ""蘋概族群""，這兩大族群能否利空出盡，對台股後市會有很大的影響，因為 ""蘋概族群"" 所佔權值夠大，""被動元件族群"" 最能帶動人氣，假使這兩大族群能夠脫離弱勢格局，對多方控盤將有極大助益。昨日已有部分蘋概股開始出現低檔承接力道，觀察重點放在最弱的《2317 鴻海》、《2474 可成》、《2439 美律》、《3406 玉晶光》... 能否填補掉昨日形成的空方缺口，這幾檔弱勢股今日仍未正式封閉向下缺口，尚有待觀察。被動元件指標股《2492 華新科》、《3026 禾伸堂》今日仍守在月線之上震盪，若能再撐個幾天，月線便可轉為翻揚並提供助漲力道，假如最弱勢的龍頭股《2327 國巨》之後也能重上月線，那麼自千元以上起跌幾乎一路被月線及下降趨勢線壓著打的弱勢慣性便可出現改變，整個族群也就有回春的機會。＜鎖定個股＞上週鎖定的「多方口袋名單」，包括《3596 智易》、《3231 緯創》、《4947 昂寶 - KY》、《3059 華晶科》、《8936 國統》、《3360 尚立》、《8341 日友》、《5243 乙盛 - KY》、《4927 泰鼎 - KY》... 等，至今的表現皆能強於大盤，即便回檔也都守住上揚月線，但處在台股動能不足、類股輪動快速環境下，操作策略宜採「回測支撐、量縮有守」再行低接。除了上述個股之外，近兩日線形較佳、相對抗跌甚至逆勢走揚的個股也可納進「多方口袋名單」之中，這些個股有哪些呢？歡迎加入昇楷 Line@ (點擊 http://line.me/ti/p/@ace168 或搜尋 ID: @ace168) 後，到主頁看盤後分析文便知道。※以上內容由華冠投顧 賴昇楷分析師 整理提供，投資人於投資前請審慎評估，遵守紀律，嚴設停利停損。歡迎免費加入賴昇楷老師的 Line 群組 ID： 詳細操作策略，請加入賴昇楷 老師 Line 群組服務電話：(02)6630-3221華冠投顧官網：","[['賴升楷分析師大盤分析', '提到', '大盤站回上週'], ['大盤', '站回', '上週'], ['更好情況', '是', '重'], ['約略', '是', '平均成本'], ['空背景', '帶來', '小壓力'], ['這點', '獲得', '確認'], ['大盤', '收上', '月線'], ['多頭', '面臨', '幾項挑戰'], ['臺股下檔', '具備', '護盤力道'], ['外資', '進行', '強力賣超'], ['多頭', '扭轉', '短線空方慣性'], ['下檔', '有', '支撐力道'], ['萬點', '是', '強壓'], ['重要觀察股', '表現', '弱勢'], ['當中', '表現', '弱勢'], ['重要觀察股表現弱勢族羣', '爲', '元件族羣'], ['元件族羣', '帶動', '人氣'], ['這兩大族羣', '脫離', '弱勢格局'], ['部分蘋概股', '開始', '出現承接力道'], ['觀察重點', '放在', '弱2317 鴻海'], ['被動元件指標股2492 華新科', '守在', '月線之上'], ['月線', '轉爲', '翻揚'], ['弱勢慣性', '出現', '改變'], ['整個族羣', '有', '回春機會'], ['多方口袋名單', '包括', '3596 智易'], ['這些個股', '有', '哪些'], ['投資人', '請', '審慎']]"
0,20181114_142,【永豐期貨】台指選擇權盤後－MSCI權重再調降 台股量縮震盪觀望◆盤勢分析期貨走勢週三上漲 42 點至 9768 點。價差方面，逆價差縮至 - 23.88 點，電子期逆價差縮至 - 0.92 點，金融期逆價差縮至 - 4.04 點。現貨部分，三大法人賣超 25.02 億元；而在淨部位方面，三大法人淨多單增加 2037 口至 14148 口，其中外資空單減碼超過多單減碼，淨多單增加 854 口至 40997 口；十大交易人中的特定法人全月份淨多單增加 2885 口至 3890 口。週二美股漲跌互見，盤勢未沿續前一日跌勢，加上美股電子盤緩步走高，激勵市場信心回穩，週三台股開高，但受限上方 5 日線反壓橫阻以及陸股拉回，加上台股權重在 MSCI 中連四季遭雙降，多方追價意願明顯不高，整體盤勢大抵維持在平盤之上 9800 點之下震盪，今日八大類股漲跌互見，其中以金融類股漲幅 0.5% 表現較佳，食品類股下跌 - 0.64% 表現較差，終場上漲 16.04 點或 0.164%，收在 9791.88 點，成交量能 1021.46 億，較前一日縮減 113.53 億。技術面觀察，週三日 K 以短黑留上下影線作收，5 日線與 10 日線轉為死亡交叉，KD 指標持續偏空下行，雖然今日指數收復月線，但若近期未能盡速站上 10 日線，則月線持續下彎恐使指數下修的壓力加重。選擇權分析選擇權未平倉量最大量支撐壓力區由 9500~10000 點擴至 9400~10000 點，下檔支撐下移。第二週週選擇權結算後，全月份未平倉量 put/call ratio 值由 0.99 升至 1.09，大於中性值 1，籌碼面轉為中性偏多架構。買權平均隱含波動率由 19.42% 降至 17.95%，賣權平均隱含波動率由 24.6% 降至 21.92%，買賣權皆降。選擇權部位整體來看顯示為中性偏多預期。本投資研究報告由永豐期貨股份有限公司版權所有，未經授權，禁止轉載節錄。本資料內容僅供參考，客戶應審慎考量本身之需求與投資風險，本公司恕不負任何法律責任，亦不作任何保證。,"[['－', 'MSCI', '選擇權盤'], ['42點', '至', '9768點'], ['三大法人', '增加', '2037口'], ['減碼', '超過', '碼'], ['多方', '追', '價'], ['整體盤勢', '維持在', '平盤之上'], ['收', '上漲', '16.04點'], ['週三日K', '留', '上下影線'], [' 日線', '轉爲', '交叉'], ['今日指數', '站', '日線'], ['籌碼面', '轉爲', '中性偏多架構'], ['客戶', '考量', '本身需求'], ['本公司', '恕', '不負任何法律責任']]"
0,20181114_143,【倫元投顧】靜待關鍵時刻、全力一擊◆盤勢分析美股昨晚漲跌互見，在市場期待美股跌深短彈、加上選前政府撐盤下，終場指數以上漲 16 點收在 9791 點，成交量為 1018 億。看法不變，短線而言在縣市長選前應是盤整或盤跌機率大，9840~ 萬點上下為壓力區，之後還會再下來探底打底，才會展開報復性反彈的千點瘋狗浪行情。時間就是在年底到明年初，特別是愈接近農曆年前，屆時請不要看太空，應該是找報復性反彈千點行情的買點非賣點。王信傑 分析師★ 此研究報告著作權屬倫元證券投資顧問 (股) 公司，切勿盜用或翻印，否則追究責任，決不寬貸★ 所有資料僅供參考，本公司不負盈虧責任,"[['】', '靜待', '關鍵時刻'], ['16漲點', '收在', '9791點'], ['成交量', '爲', '1018億'], ['上下', '爲', '壓力區'], ['時間', '請', '看太空'], ['所有資料', '僅供參考', '不負盈虧責任']]"
0,20181114_144,【倫元投顧】 Q3財報為基準，尋找低接時機◆盤勢分析美股連續第三天拉回，台股已逐漸擺脫美股的牽絆，週二開低走高、今天維持平盤遊走相對強勢，如同我對美國選舉後的判斷，因為美元強勢的主因不再，資金將轉向新興市場移動，美股偏向拉回整理、台股可望緩步震盪走高。來到月線 9789 點位置，雖有震盪但沒看到太大賣壓，顯然台股的穩定性越來越好，主要是融資餘額水位 1239 億元已來到 17 年低點，約在金融風暴當年水位 1160 億元 (2008 年 11 月 21 日 3955 點)。籌碼經過沉澱則台股易漲難跌，只是短線在個股強彈告一段落之後，需要時間來進行換手，即強勢股進入平台整理，弱勢一點的績優股則拉回建立第二支腳，財報不佳者就持續破底了。楊天迪 分析師★ 此研究報告著作權屬倫元證券投資顧問 (股) 公司，切勿盜用或翻印，否則追究責任，決不寬貸★ 所有資料僅供參考，本公司不負盈虧責任,"[['臺股', '擺脫', '美股牽絆'], ['資金', '轉向', '新興市場'], ['億元1239', '來到', '17年低點'], ['短線', '需要', '時間'], ['強勢股', '進入', '平臺'], ['不佳者', '破', '底'], ['所有資料', '僅供參考', '不負盈虧責任']]"
0,20181114_145,【華冠投顧】台股量縮震盪漲16點，站回月線，注意矽晶圓族群!台股昨日開低走高，今日續漲 16 點，9791 點作收，成交量 1020 億元，價漲量縮。結構: 電子股漲 0.16%，金融股漲 0.5%，傳產股漲 0.03%，OTC 漲 0.27%。上漲家數 854 檔，下跌家數 554 檔，漲停板 32 檔。台股昨日受國際股市影響跌破月線，指數開低走高，今日延續昨日氣勢續漲 16 點，不過卻是價漲量縮結構，目前 5 日均量小於 10 日均量，量趨是屬弱勢，因此，追漲務必小心! 另外外資現貨市場由買轉賣，賣超 16.7 億元，須留意是否持續賣超或擴大賣超。權值股漲跌互見，台積電 (2330) 收在 228.5 元，小漲 0.44%。鴻海 (2317) 收在 73.3 元，跌 1.48%。股王大立光 (3008) 終場收在 3190 元，跌 0.31%。聯發科 (2454) 收在 230 元，小跌 0.43%。金控股國泰金 (2882) 收在 50.4 元，小漲 0.4%，富邦金 (2881) 收在 51.2 元，小漲 0.39%，中信金 (2891) 收在 20.7 元，小跌 0.96%。被動元件族群國巨 (2327) 收在 306 元，跌 1.6%，華新科 (2492) 收在 158 元，漲 0.64%。禾伸堂 (3026) 收在 102.5 元，跌 1.44%。強勢股: 金像電 (2368)，日馳(1526)，新復興(4909)，德昌(5511)，中環(2323)，志超(8213)，為生(2231)，帆宣(6196) 等漲停板，弱勢股: 矽晶圓族群轉弱須注意，環球晶，合晶 (6182)，中美晶(5483)，台勝科(3532)，嘉晶(3016) 等全軍覆沒，股價全部下跌。台股量能趨勢轉弱，外資由買轉賣，操作建議，危機意識，不可過度追價。華冠證券投資顧問股份有限公司 (104) 金管投顧新字第 009 號資料僅供參考投資應審慎評估,"[['成交量', '1020', '億元'], ['臺股', '受', '跌破月線'], ['指數', '開低走', '高'], ['昨日氣勢', '漲', '16點'], ['5日均量', '小於', '10日均量'], ['鴻海收', '在', '73.3元'], ['(3008收', '在', '3190元'], ['聯發科2454收', '在', '230元'], [' 富邦金收', '在', '51.2元']]"
0,20181114_146,〈崇友展望〉上海廠今年可望損平 計畫開拓南向市場電梯大廠崇友實業 () 去年起中斷在中國境內的電梯銷售，由於中國市場競爭越趨激烈、價格表現也不佳，將逐步退出中國市場，但上海廠仍會維持一定稼動率，今年可望達損益兩平。此外，總經理游本立也說，有計畫前進南向開拓市場，仍在多方評估中，越南與印尼為目前納入考量的國家。崇友日前宣布將退出中國業務市場，游本立今日表示，由於中國市場供需嚴重失衡，全世界電梯大廠都在中國搶食大餅，年產能達到 80 至 90 萬台，但年銷量僅約 50 至 60 萬台，競爭越趨激烈，使價格表現也不佳，因此去年起便中斷在中國境內的電梯銷售。從營收比重來看，崇友中國市場營收比重，已從 2016 年的 5.7%、去年的 4.06%、縮減至今年前 3 季的 1.64%，短期內雖會使集團整體營收表現出現小幅波動，但未來將針對崇友在上海的生產基地，配置以因應台灣小型住宅電梯需求的產能，維持上海生產基地的稼動率在一定水準之上，今年上海廠可望達到損益兩平。此外，游本立也透露，目前有前進南向的計畫，較有潛力的國家為越南、印尼，但包括尋找代理商、以何種形式進軍及規模如何，都在考量與多方評估中，還沒有具體的時間表。,"[['上海廠', '維持', '一定稼動率'], ['總經理遊本立', '說', '前進開拓市場'], ['越南', '爲', '納入考量國家'], ['目前', '納入', '考量'], ['崇友', '宣佈', '退出業務市場'], ['電梯大廠', '搶食', '大餅'], ['因', '應', '小型住宅電梯需求'], ['，', '維持', '上海生產基地'], ['維持上海生產基地稼動率', '在', '一定水準之上'], ['上海廠', '達到', '損益兩平'], ['較', '有', '潛力'], ['有潛力國家', '爲', '越南']]"
0,20181114_147,力山三產品線動能順暢 明年大單出貨帶動營收將優今年力山 () 今 (14) 日在證交所舉辦法人說明會，說明目前業績狀況，董事長王坤復表示，目前的三個主要產品線都運作順暢，推升 10 月營收 7.8 億元，創單月歷史新高；展望後市，預期明年跑步機、滑雪機與滑翔機等，都有可預期的大單出貨，另外也取得美國最大零售店機種訂單，成最大供應商，營收動能可以期待，預期將可優於今年。力山指出，目前三大主軸產品分別是工具機、健身機與汽車配件，工具機方面，主要分成內在布局與市場布局，內部積極生產多樣化產品並爭取專利，在市場上在以策略聯盟的方式來進行，健身機方面則以擴大產品品項、增加技術層級來維持客戶關係，汽車配件方面，則以 ODM 模式與大品牌合作開發研究。力山說明，以今年同期和去年同期比較，健身機營收占比由 30% 拉升至 48%，明年將有可預期的大單，包括跑步機、滑雪機與滑翔機等，將陸續出貨，同時並爭取到美國最大零售店機種訂單，成其第一供應商，未來大量出貨後，營收可以期待。談到關於美中貿易戰影響，力山表示，因為在中國浙江與台灣都有生產基地，所以這次沒有受到太大波動，目前也陸續將產能移回台灣，整體來說影響不大。,"[['今年力山', '說明', '會'], ['董事長王坤復', '表示', '順暢'], ['力山', '指出', '主軸產品是工具機'], ['主軸產品', '是', '工具機'], ['力山', '表示', '受到大波動']]"
0,20181114_148,【華冠投顧】盤後分析：量縮狹幅震盪劉彥良 分析師台股今日表現平淡，量縮狹幅震盪，成交量 1020 億元、高低點差只有 60 點。不過指數多半維持在平盤之上，終場小漲 16 點，撐盤要角是台積電 (2330) 和金控雙雄。技術面上，台股自 10/26 見到波段低點 9400 後展開反彈，來到月線遇壓後進行橫盤整理，最主要的原因是月線扣抵高檔故無法持續上揚形成支撐，所以指數才會在月線附近來來回回。不過隨著月線在下周將往低檔扣抵，有利台股接下來續往空方缺口和季線反攻的機會，前提是台股必須要橫盤不能下殺，尤其是前低 9400 無論如何不能跌破，否則就是築底失敗。由於台股中長期均線走空，所以跌深反彈是給套牢的投資朋友作減碼，積極的投資朋友甚至可以站在空方。至於空手又喜好搶反彈的投資朋友，建議可搭配技術面的壓力來設定好自己的停利點，切記搶反彈只能作短不能放長，現在沒並非作段的好時機，所以見好要收，一旦走勢不如預期就要趕緊停損。※以上內容由華冠投顧 劉彥良分析師 整理提供，投資人於投資前請審慎評估，遵守紀律，嚴設停利停損。歡迎免費加入劉彥良老師的 Line 群組 ID： 詳細操作策略，請加入劉彥良 老師 Line 群組服務電話：(02)6630-3231華冠投顧官網：,"[['1020億元', '只有', '60點'], ['指數多半', '維持在', '平盤之上'], ['要角', '是', '2330臺積電'], ['臺股', '展開', '反彈'], ['主要原因', '是', '指數來來回回'], ['有利臺股', '往', '空方缺口機會'], ['前提', '是', '臺股下殺'], ['跌深反彈', '是', '朋友作'], ['空手', '喜好', '投資朋友'], ['空手喜好投資朋友', '搶', '反彈'], ['走勢', '不如', '預期'], ['投資人', '請', '審慎']]"
0,20181114_149,〈崇友展望〉明年推案看俏 營運可望優於今年電梯大廠崇友實業 () 今 (14) 日表示，今年營收預期將與去年持平，全年毛利率可望維持 27-30%，從目前開工案量與申請建照兩大推案指標來看，明年推案量應會高於去年，可望帶動崇友營運優於今年。此外，崇友已於 8 月推出物聯網雲端電梯監控系統、手機 APP 自動預定電梯等全方位軟硬體整合機種，可望進一步擴大市佔率。崇友近幾年持續採取差異化接單策略，優化新梯銷售案源結構，並衝刺汰舊換新業務開發。從今年目前營收占比來看，新梯營收占比約 52-54%，維修保養營收占比 36-40%，目標為 2025 年達到營收比重各半。崇友總經理游本立指出，目前維修保養營收以每年 3-4% 的增長率穩定成長，而新梯中自有品牌占比 7 成，另外 3 成來自崇友代理日本東芝 (TOSHIBA) 的新梯，在自有品牌營收中，高端自有品牌「堅尼西斯」今年佔比達 13%，未來目標為成長至 2 成。從整體國內市場的需求來看，游本立表示，台灣一年電梯需求約 9000 台至 1 萬台，崇友今年銷售預期將達 2000 台，與去年相近。此外，崇友近年來積極衝刺汰舊換新業務，目前每年以 10% 速度成長，今年汰舊換新數量約 400 台，明年可望達到 450 台。崇友今年前 3 季每股純益 2.73 元，游本立表示，第 4 季將有機場捷運訂單完工認列，可望有 3 億金額入帳，將帶動今年營收與去年持平，全年毛利率可望維持 27-30％，而從目前開工案量與申請建照兩大推案指標來看，明年推案量應會高於去年，可望帶動崇友營運優於今年。崇友看好台灣電梯產業朝節能、智慧化等技術發展趨勢，持續保持電梯產品技術研發創新，今年 8 月正式推出物聯網雲端電梯監控系統、手機 APP 自動預定電梯等全方位軟硬體整合機種，有助於創造中高端自有品牌「堅尼西斯」開拓辦公大樓、百貨與飯店等商用案源的有利發展條件，進一步擴大品牌市占率。,"[['營運', '可望優於', ' 今14日表示營收預期持平'], [' 今14日', '表示', '營收預期持平'], ['毛利率', '維持', '27'], ['與', '申請', '建照'], ['推案量', '高於', '去年'], ['崇友', '推出', '軟硬體整合機種'], ['崇友', '採取', '接單策略'], ['總經理遊本立', '指出', '維修成長'], ['未來目標', '爲', '成長至成'], ['成長', '至', '成'], ['遊本立', '表示', '9000臺'], ['電梯需求', '臺至', '1萬臺'], ['銷售預期', '達', '2000臺'], ['毛利率', '維持', '27'], ['與', '申請', '建照'], ['推案量', '高於', '去年'], ['崇友', '看好', '技術發展趨勢'], ['物聯網雲端電梯監控系統', '預定', '電梯'], ['自動', '預定', '電梯']]"
0,20181114_150,【華冠投顧】武傑電台:台股持續震盪小紅作收!內文告訴你更多看法!陳武傑 分析師武傑關注個股: 3406 玉晶光、9958 世紀鋼、2492 華新科、8936 國統、2327 國巨。台股盤勢分析:誠意十足甩開美股影響，台股早盤上漲 + 23 點開出，上半場雖然一度重返 9800 點大關；可惜受到塑化股的拖累，指數一度由紅翻黑，終場指數小漲 + 16 點作收，收在 9791 點，成交量 1020 億。星期一在美股大跌 - 201 點下，台股小漲 + 1 點；星期二美股大跌 - 602 點，我們下跌 - 55 點。今天在美股下跌 - 100 點下，我們止穩轉強『重返月線』。從上周的盤勢的來看，不難發現台股黑手『誠意十足』；只是美股這個老鼠屎影響多頭反攻號角。不過，在台股二天『信心測試』後；整體的的籌碼面，反而是外資加碼期貨多單已經超過四萬口。因此在外資不追殺，內資逢低接的情況下；預計下半月的台股，還是一個『驚驚漲』的格局。武傑今日【武財神 - 168 專案】今天開放 30 名給你最好的優惠與最大的獲利帶領你在股市一路發!提供給大家參考! 有需要的朋友們都可以免費在武財神 - 陳武傑 - FB 粉絲頁上了解!今天盤面上個股:強勢的個股有:4909 新復興、1526 日馳、2323 中環、6452 康友 KY、5278 尚凡、8213 志超、2368 金像電… 等，有這些股票的投資朋友要留意後勢並小心操作，有任何股票問題大家也可以在 FB 或 LINE@上直接詢問我!弱勢股方面:2357 華碩、2527 宏璟、8431 匯鑽科、2356 英業達、2360 致茂… 等，今天台股創最大跌幅，很多股票都跌停，最後還是要提醒大家小心謹慎操作與分配，規劃好自己的資金，留意自身的買賣點按紀律操作，以上均可留意這些族群、集團與題材股的買點與賣點，祝大家操作順利!不定時在 LINE@或武財神陳武傑 FB 上有更多即時資訊與好股票你分享!※以上內容由華冠投顧 陳武傑分析師 整理提供，投資人於投資前請審慎評估，遵守紀律，嚴設停利停損。歡迎免費加入陳武傑老師的 Line 群組 ID： 詳細操作策略，請加入陳武傑 老師 Line 群組服務電話：(02)6630-3221華冠投顧官網：,"[['分析師武傑', '關注', '個股'], ['成交量', '1020', '億'], ['星期一', '在', '美股大跌'], ['我們', '轉', '重返月線'], ['這個老鼠屎', '影響', '反攻號角'], ['的籌碼面', '是', '超過四萬口'], ['下半月臺股', '還是', '驚驚漲格局'], ['投資朋友', '留意', '後勢'], ['大家', '詢問', '我'], ['投資人', '請', '審慎']]"
0,20181114_151,"【華冠投顧】台股大反攻！何丞唐 分析師周二台股盤中大跌到多少？9616 點。也就是說，之前大盤在 10 月 1 日以來，大盤跌 1600 點，很多朋友選擇性遺忘，如果之前大跌 1600 點，你是傷痕累累，那這波大盤從 9400 點漲到 10000 點，就跟你一點關係都沒有了，怎麼說？因為錢輸光、信心消失了，是吧。之前 9400 點的時候請你大買矽晶圓，大盤來到 10000 點的時候，也請你獲利出清。本周一，最關鍵的時候，很多人又在摸底，我跟你說還不要急，最好跌到 9500-9600 點再來撿。結果周二美股下跌，台股盤中下跌至 9616 點。所以，我是不是都跟你講未來會怎麼走，台積電第四季產能滿載之下，大盤指數下跌空間有限，最好跌到 9500-9600 點再來進場就好，不要著急。周二大盤來到 9616 點後，很多人會問說，那可以買進嗎？ 我給這個大盤 95 分，為什麼少了 5 分？因為要是能收在 9600 點左右，然後隔一天再大漲，那就是一百分的盤。但周二大盤很急，在 9616 點之後急著反彈，當天就拉升。我換一個講法，我引用星爺一部電影來比喻，蘇乞兒遇到洪七公的後代，他說：「我學會你的睡夢羅漢拳之後，我可以變成什麼？」教他武功的高手說：「你可以變成乞丐當中的霸主！」蘇：「什麼是乞丐當中的霸主？」高手：「還是乞丐。」這樣你懂我意思嗎？也就是說，台股盤中大跌 215 點，收盤收跌 55 點，盤中拉升 160 點，那請問今天是漲還是跌？是不是跟老師的比喻一樣，即使大盤拉升了 160 點，但收盤還是跌。很有可能你在當天找到強勢的股票、抗跌的股票，但當大盤開始漲，他就抗漲了。各位，你有沒有常常有這種經驗？有吧！所以為什麼我只給它 95 分。還有更重要的一點，我不講你不知道，你有沒有聽過人唱一首歌，""山頂黑狗兄""，為什麼黑狗兄很厲害？這個要學貫中西的人才知道。黑狗兄，就是很會討價還價的人，因為英文 Haggle(音與黑狗同) 就是討價還價的意思。""山頂的黑狗兄"" 這首歌，為何不唱 ""山下的黑狗兄""？因為住山頂的黑狗兄才是最厲害的！這個字也很好玩，討價還價太過火，就是亂砍嘛，所以這個字也有亂砍的意思。那為什麼要唱 ""山頂的黑狗兄""，因為你在山頂隨便砍、隨便賺嘛！所以啊，為何你沒聽過 ""山下的黑狗兄""？因為就像在股市一樣，你在山腳下亂砍、亂當黑狗兄，那你就搞錯方向了，就好像，你看美股好像又搖搖欲墜，不確定 9400 點是低點，會想說 9600 點，然後 9500 點是不是又要來了、再來就 9400 點… 會不會像 6452 康友一樣，一下漲停、一下跌停，然後你就亂砍出局了。所以，在這個 95 分的大盤出現之後，我說，這才剛開始，你都還來得及啦！重點是，你要起義來歸！因為就算你知道正確的方向，還是要有人從你背後把你向上推，不然你都是看我們在賺而己。※以上內容由華冠投顧 何丞唐分析師 整理提供，投資人於投資前請審慎評估，遵守紀律，嚴設停利停損。歡迎免費加入何丞唐老師的 Line 群組 ID 詳細操作策略，請加入何丞唐 老師 Line 群組：@money8899服務電話：(02)6630-3201華冠投顧官網：","[['何丞唐分析師', '大跌到', '多少'], ['大盤', '跌', '1600點'], ['波大盤', '漲', '一點關係'], ['大盤', '來到', '10000點'], ['大盤', '來到', '10000點'], ['我', '說', '不要急'], ['我', '講', '走'], ['週二大盤', '來到', '9616點'], ['很多人', '問', '買進'], ['那', '就是', '一百分盤'], ['我', '換', '一個講法'], ['我', '引用', '一部電影'], ['蘇乞兒', '遇到', '洪七公後代'], ['我', '學會', '睡夢羅漢拳'], ['什麼', '是', '乞丐當中霸主'], ['「', '還是', '乞丐'], ['你', '懂', '我意思'], ['大盤', '拉昇', '160點'], ['你', '找到', '強勢股票'], ['、', '抗', '跌'], ['大盤', '開始', '漲'], ['你', '有沒有常常有', '這種經驗'], ['你', '聽', '過人唱一首歌'], ['要', '學貫', '中西'], ['黑狗兄', '就是', '討價還價人'], ['同)', '就是', '討價還價意思'], ['黑狗兄這首歌', '不唱', '黑狗兄'], ['因爲', '住', '山頂'], ['黑狗兄', '纔是', '厲害的'], ['這個字', '也有', '亂砍意思'], ['你', '沒聽', '黑狗兄'], ['你', '搞錯', '方向'], ['你', '看', '搖搖欲墜'], ['9400點', '是', '低點'], ['我', '說', '你來得及'], ['重點', '是', '你起義'], ['你', '知道', '正確方向'], ['你', '看', '我們賺而己'], ['由華冠', '投顧', '何丞唐分析師'], ['由華冠', '投顧', '何丞唐分析師'], ['投資人', '請', '審慎'], ['免費', '加入', '何丞唐老師']]"
0,20181114_152,"【日盛投顧】9600點附近為短線多頭重要防線◆盤勢分析1.Nasdaq 指數跌勢趨緩，週三台股開平高震盪，最高點 9,823 點收復月線（9,789 點）但未收復 5 日線（9,835 點）、10 日線（9,855 點）、2 年線（10,410 點）、季線（10,428 點）、半年線（10,667 點）及年線（10,730 點），最低點 9,763 點守穩 11/13 低點 9,616 點及 10/26 低點 9,400 點，終場指數上漲 16.04 點，漲幅 0.16%，收在 9,791.88 點，成交金額為 1,020.51 億元，小於 5 日均量（1,059 億元）及 20 日均量（1,160 億元）。台股前波由 11,073 點快速修正至 9,400 點，拉回了 1,673 點，以反彈 0.382、0.50 及 0.618 推算反彈滿足點分別為 10,039、10,237 及 10,434 點，反彈至今的高點為 11/08 的 10,014 點，尚低於低標 0.382 的 10,039 點，若反彈未能再創高，本波將為弱勢反彈。三大法人合計賣超 25.17 億元：外資賣超 16.70 億元、投信買超 1.93 億元、自營商賣超 10.40 億元。2. 由以下三個面向檢驗方向及強弱：（1）、量能：回檔量縮或反彈成交量大於月均量方有利盤勢止穩。（2）、均線：支撐為 9,500 點至 9,600 點，壓力為 10 日線至萬點。（3）、技術指標：KD 開口向下，9 日 K 值（56）大於 50，短線偏多整理。3. 漲幅 0.26%，收在 118.18 點，以的線型及指標角度而言，支撐為月線附近，壓力為 121 點附近，KD 技術指標開口向上，9 日 K 值大於 50，短線偏多。近期法人著墨較深的個股包括矽晶圓、IC 封測、PCB、生技、設備等。4. 台股選股方向可留意半導體、蘋概、網通、PCB、工業 4.0、車用、風電、生技、金融、越概、內需、自行車等。半導體、蘋概、PCB、設備、太陽能、風電、生技相對強勢1. 半導體：可留意封測與導線架 6239 力成、2351 順德、矽晶圓 6488 環球晶、3532 台勝科、6182 合晶、5483 中美晶及 IC 設計：2379 瑞昱、8016 矽創、3034 聯詠、3545 敦泰、2458 義隆電、6462 神盾、3227 原相、6435 大中、4968 立積、6415 矽力 - KY 等。2. 蘋概：Apple 的手機銷售不佳，但筆電等新產品反應不差，且耶誕節消費旺季將至，蘋果供應鏈如 6176 瑞儀、5264 鎧勝 - KY、2382 廣達、2439 美律、3673TPK-KY、3008 大立光、2474 可成、4958 臻鼎 - KY、2360 致茂、6271 同欣電仍可留意。3.PCB：2368 金像電拚轉盈，INTEL 處理器缺貨帶動 ABF 基板供不應求，相關公司如 3037 欣興、3189 景碩、8046 南電等將受惠。4. 設備：3563 牧德 10 月營收年增 84％，3455 由田第三季獲利年增 2 倍。5. 太陽能：利空已逐步淡化，6244 茂迪、3576 新日光、2406 國碩、4934 太極等週三反彈。6. 風電：國家政策加持，相關公司包括 8463 潤泰材、9958 世紀鋼、3708 上緯投控、1589 永冠 - KY、2013 中鋼構、2031 新光鋼、3023 信邦、2208 台船等。7. 生技：行政院生技產業策略諮議委員會議 (BTC 會議) 長線對生技業帶來政策性利多，可留意包括原料藥 4119 旭富、新藥 4180 安成藥、4157 太景 *-KY、1760 寶齡富錦、4123 晟德、4162 智擎、1795 美時、4130 健亞、4174 浩鼎、1701 中化、醫材 4107 邦特、4736 泰博、保健食品 8436 大江、4743 合一、醫美 4137 麗豐 - KY、4190 佐登 - KY、1786 科妍。8. 越概：越南在中美貿易戰中相對受惠，相關概念股包括 1402 遠東新、9910 豐泰、9938 百和、1434 福懋、4426 利勤、1477 聚陽、1476 儒鴻、4401 東隆興等。9. 內需：受貿易戰影響較低，相關公司包括 2633 台灣高鐵、1216 統一、2912 統一超、8341 日友等。10. 自行車：電動自行車滲透率逐步拉高，9914 美利達、9921 巨大等可受惠。11.Tesla：Tesla 預期財報優，出貨量逐步攀升，供應鏈 1536 和大、3665 貿聯 - KY、3003 健和興、2421 建準、8349 恒耀、3019 亞光等營運可期。12. 工業 4.0：工業自動化需求長線仍將持續成長，2308 台達電、6414 樺漢、2049 上銀、1590 亞德客 - KY、1597 直得等相對受惠。13. 金融：美國持續升息循環，大陸開放外資比例，金融族群受惠，指標包括 2881 富邦金、2882 國泰金、2891 中信金、2886 兆豐金、2883 開發金、2884 玉山金、2823 中壽、5871 中租 - KY、9941 裕融等。","[['日盛投顧9600點附近', '爲', 'Nasdaq防線'], ['點', '收復', ' 點線'], [',', '835', '點'], ['073點', '修正至', '9點'], ['反彈高點', '爲', '10點'], ['三大法人', '合計賣超', '25.17億元'], ['自營商賣', '超', ' 10.40億元'], ['回檔縮成交量', '大於', '月均量方'], ['支撐', '爲', '9'], ['壓力', '爲', '10日線'], ['壓力', '爲至', '萬點'], ['56值', '大於', ' 50'], ['壓力', '爲', '121點附近'], ['9日K值', '大於', ' 50'], ['深個股', '包括', '等晶圓'], ['選股方向', '留意', '等半導體'], ['電', '拚轉', '盈'], ['INTEL 處理器缺貨', '帶動', '供不應求'], ['田第三季', '增', '倍'], ['相關公司', '包括', '等潤泰材'], ['對生技業', '帶來', '政策性利多'], ['可留意', '包括', '4107邦特'], ['相關概念股', '包括', '等遠東新'], ['相關公司', '包括', '等高鐵'], ['大陸', '開放', '外資比例'], ['指標', '包括', '等富邦金']]"
0,20181114_153,【群益期貨】台股期權盤後－壓力支撐壓縮  台股量縮整理◆盤勢分析台股在昨日跌深反彈後，今日呈現量縮橫盤整理，盤中平盤以下皆有買盤作撐，成交量縮減至 1018 億。台股在支撐壓力呈現下，目前續作區間整理，短線仍待量能逐漸回升後，台股將能打破目前的區間格局。外資現貨賣超 16 億，期貨淨多單略增至 40997 口。自營商選擇權淨部位，目前仍以賣買權為主要布局。十一月選擇權籌碼呈現中性格局，買權 OI 大於賣權 OI 之差距為一萬四千餘口，買權賣權 OI 增量相去不遠，目前多空呈現拉鋸。綜合以上，外資期現貨中性布局，自營商選擇權中性偏空，月選中性不變，整體籌碼面中性格局。技術面台股依舊量能不足，目前在各均線逐漸靠攏下，短線待台股呈現三角收斂後，台股將隨量能放大走出明顯態勢。,"[['盤勢分析臺股', '跌', '深'], ['盤中以下', '有', '撐'], ['臺股', '打破', '區間格局'], ['現貨賣', '超', '16億'], ['選擇權籌碼', '呈現', '中性格局'], ['賣權OI差距', '爲', '一萬四千餘口'], ['臺股', '呈現', '三角收斂']]"
0,20181114_154,台股盤後—蘋概、傳產股疲軟 收復9800點關卡仍差一步台股今 (14) 日一度重返 9800 點，在蘋概股依舊弱勢，加上權值股表現平平，終場收在 9791.88 點，上漲 16.04 點或 0.16%，雖守住月線，但依舊未能重返 9800 點，成交量 1020.5 億元。觀察今日權值股表現，蘋概三王漲跌互見，僅台積電收紅，鴻海終場下跌 1.4%，大立光小跌 0.4%，拖累英業達等概念股表現弱勢，傳產族群方面，台塑化受到國際油價重挫影響，今日下跌 1.77%，回測波段低點，也拖累大盤收復 9800 點關卡的動能。今日盤面焦點主要落在風電概念族群，由於開發商與本土供應商簽月的步調加快，今日概念族群上緯投控、台船、世紀鋼、新光鋼、中鋼構、永冠 - KY 等盤中大漲，但午盤後獲利賣壓出攏，終場漲幅普遍收斂。PCB 族群迎來旺季，加上產業展望佳，今日表現續強，在臻鼎 - KY 大漲 5.4% 帶頭之下，金像電、統盟、志超直奔亮燈漲停，擁有轉機題材的南電今日也大漲 5.7%。被視為反彈主力的矽晶圓族群今日表現也較低迷，環球晶終場翻黑作收，未能收復 300 元關卡，中美晶跌 4.9%、嘉晶、合晶也有 2-3% 的跌幅。同樣擁有漲價題材的被動元件族群方面，國巨開高走低，終場下跌 1.6%，再度回測 300 元關卡，也拖累同集團的奇力新、美桀下挫 2-3%，另外信昌電也有 2% 的跌幅，禾伸堂也下挫 1.4% 作收。分析師認為，國內地方選舉將屆，目前政府加強護盤力道，指數短期內 9800 點依舊有撐，中長期除了美中貿易戰影響外，從技術面來看，須觀察指數選後能否站穩月線，以及成交量能否重返 1300 億元 2 大指標。,"[['收', '重返', '9800點'], ['，', '蘋概', '三王'], ['大立光小跌', '拖累', '等英業達概念股表現弱勢'], ['等英業達概念股', '表現', '弱勢'], ['臺塑化', '受到', '國際油價重挫影響'], ['盤面焦點', '落在', '風電概念族羣'], ['開發商', '籤', '月'], ['本土供應商', '籤', '月'], ['PCB族羣', '迎來', '旺季'], ['，', '擁有', '轉機題材'], ['被', '視爲', '反彈主力'], ['嘉晶', '也有', '2-3% 跌幅'], ['同樣', '擁有', '漲價題材'], ['國', '巨開', '高'], ['信昌電', '也有', '2% 跌幅'], ['禾伸堂', '下挫', '1.4%作收'], ['分析師', '認爲', '指數短期內9800點有撐'], ['政府', '加強', '護盤力道'], ['指數短期內9800點', '有', '撐'], ['中長期', '觀察', '站穩月線'], ['成交量', '重返', '大指標']]"
0,20181114_155,合晶上海松江廠11月底遷廠 楊梅廠備妥15萬片產能支援半導體矽晶圓廠合晶 () 今 (14) 日針對上海廠關廠傳言澄清指出，上海松江廠今年收到當地政府遷廠要求，雙方就搬遷補償金進行討論中，預計 11 月底開始遷廠，國際客戶的中小尺寸訂單，將轉移至台灣楊梅廠，且楊梅廠已擴增 5 吋產能 15 萬片來因應。合晶目前也正在揚州廠建置 15 萬片產能，預計明年 3 至 4 月完工。市場傳合晶上海松江廠關廠消息，合晶今日澄清，上海松江廠是老廠房，位於水源保護區內，今年收到上海市政府的遷廠要求後，過去幾個月內，已與上海市政府針對遷廠補貼進行討論，目前搬遷補償金金額仍在協調中，初估至少上億元，剛好可用來興建新廠房。合晶表示，目前預計 11 月底開始遷廠，其中，國際客戶中小尺寸訂單，將直接轉移至台灣楊梅廠生產，楊梅廠也已擴增 5 吋產能 15 萬片來因應，並不影響現有客戶與訂單。在中國廠區部分，合晶指出，揚州廠也正在建置 15 萬片產能，無塵室已開始建置，預計新產能明年 3 至 4 月就可完工。,"[['上海松江廠', '收到', '遷廠要求'], ['雙方', '進行', '討論'], ['合晶', '建置', '萬片產能'], ['市場', '傳合', '晶上海松江廠關廠消息'], ['上海松江廠', '是', '老廠房'], ['的', '遷', '廠'], ['針對', '遷', '廠'], ['搬遷補償金金額', '在', '協調中'], ['合晶', '表示', '開始遷廠'], ['合晶', '指出', '揚州廠建置萬片產能'], ['揚州廠', '建置', '萬片產能'], ['無塵室', '開始', '建置']]"
0,20181114_156,擺脫併購陣痛 上福上季轉盈 前三季每股虧損收斂至0.54元上福 (6128) 公告第三季財報，單季獲利轉虧為盈，營業利益達 1.02 億元，營益率 6.25%，歸屬母公司業主淨利為 0.89 億元，EPS 0.79 元，表現漸入佳境。該公司因年初併購美通路商 Katun，初期整併過營運陷入陣痛，使上季首度陷入虧損，每股虧損 0.7 元，上半年每股虧損 0.46 元。第三季轉盈後，累計前三季合併營收 50.66 億元，年增 290%，營業利益 2.42 億元，年增 9.7%，稅後虧損 0.61 億元，每股虧損 0.54 元。該公司指出，整體而言，其在併購 Katun 後的合併營收及營業利益均有成長。惟併購後所產生之主管留任獎金，以及併購首年需出具之收購價格分配報告 (PPA) 中，至 9/30 止增加攤銷費用 0.72 億元及認列一次性銷貨成本 0.96 億元，並已依規定追溯調整前二季之損益，與上福今年現增員工認股費用化等因素影響，造成前三季營業利益僅較同期小幅成長。業外部分，受到首季的匯損及與 Canon 長達 6 年的專利訴訟和解金支出影響，前三季業外損失逾 2.68 億元。在上述不利的成本及費用支出下，該公司累計前三季稅後虧損 0.61 億元。至於第三季，在各項營運數字漸入正軌之下，上福單季營業利益達 1.02 億元，稅後淨利 0.89 億元，單季 EPS 為 0.79 元，顯見上福全球已漸漸擺脫併購初期的陣痛，未來綜效值得觀察。,"[['業主淨利', '爲', '億元'], ['表現', '漸入', '佳境'], ['過營運', '陷入', '陣痛'], ['每股', '虧損', '0.7元'], ['每股', '虧損', '0.54 元'], ['該公司', '指出', '合併營收均有成長'], ['合併營收', '均有', '成長'], ['產生主管', '留任', '獎金'], ['首年', '需', '出具'], ['追溯前二季損益', '造成', '營業利益成長'], ['外部分', '受到', '首季匯損'], ['業外', '損失逾', '2.68'], ['該公司', '虧損', '0.61億元'], ['各項營運數字', '漸入', '正軌'], ['各項營運數字', '漸入', '正軌'], ['營業利益', '達', '1.02億元'], ['未來綜效', '值得', '觀察']]"
0,20181114_157,"南寶完成競拍作業 得標平均價79.56元 承銷價76.8元老牌重量級特化南寶 (4766) 於今 (14) 日完成上市競價作業，根據富邦證提供資料，最低得標價格為每股 76 元，最高得標價格為每股 90 元，得標加權平均價格為每股 79.56 元，承銷價 76.8 元。富邦證表示，南寶辦理競價拍賣股數 8,127 張，公開申購股數為 3,554 張 (含過額配售 1,523 張)，此次參與投標之合格標單共 879 筆，以美國標決標，最低與最高得標價格分別為每股 76 元、90 元，得標加權平均價格為每股 79.56 元，承銷價則訂為 76.8 元，於後天(16) 日至下周二 (20 日) 為公開申購期間，11 月 22 日為公開抽籤日。除了原有接著劑、塗料主要業務，南寶既有合成樹脂核心技術及材料基礎下，積極持續創新開發關鍵性技術，新產品領域如碳纖樹脂為生產碳纖布所需，可廣泛應用於筆電底蓋、運動產品及汽車內裝等及高階感壓膠可應用於光學產品製程用保護膜等，把產品的應用面拓展於光電、運動休閒及汽車工業等產業。南寶公布第三季財報，單季營收 41.76 億元，遞延反映原料成本，毛利率止跌回穩，上升到 24.97%，較第二季成長 2.24 個百分點，稅後淨利 1.97 億元，每股盈餘 1.6 元，累計前三季營收 117.55 億元，稅後盈餘 5.27 億元，每股盈餘 4.86 元。","[['南寶', '完成', '標平均價79.56元承銷價'], ['牌重量級特化南寶4766', '完成', '競價作業'], ['最低得標價格', '提供', '資料'], ['得標價格', '爲', '90元'], ['加權平均價格', '爲', '79.56元'], ['富邦證', '表示', '張'], ['申購股數', '爲', '3'], [' 張', '含', '參與投標合格配售'], ['此次', '參與', '投標'], [' 月22 日', '爲', '抽籤日'], ['既有', '合成', '樹脂核心技術'], ['碳纖樹脂', '爲', '生產碳纖布'], ['每股', '盈餘', '4.86元']]"
0,20181114_158,威潤攻美、日市場有成 貢獻業績跳增 明年新專案啟動新引擎避開紅海競爭，威潤 (6465) 轉向美、日車聯網市場，近期陸續開花結果，第三季北美與日本業績分別較上季跳增 36% 與 46%，明年可望進一步放大。該公司第三季營收 4819 萬元，季增逾 21%，年減 17.65%，毛利率 35.16%，但每股虧損 0.49 元，累計前三季每股虧損 0.37 元。不過，受惠日本軟銀電信專案出貨，10 月營收 2259 萬元，創今年新高，較上月跳增 31.82%，年減 7.62%。累計前 10 月營收 1.67 億元，年減 22.8%。威潤指出，過去其主力市場為歐洲及中東，然該市場因持續使用較成熟且技術門檻較低的 2G 通信技術，導致削價競爭情況嚴重。去年起，該公司逐步將重心移轉至高技術門檻，且對產品品質及性能有高度要求的北美及日本市場，搶攻北美及日本龐大的車聯網商機。威潤表示，與第二季相比，北美營收成長 36%，日本營收則成長 46%，成果顯現。北美除原有客戶各式專案外，大型新 ODM 專案也將陸續確定，明年開始逐步為營收帶來貢獻。日本市場方面，與日本三大電信商之一的軟銀電信合作案已於上月正式放量出貨，目標鎖定日本超過百萬台公務車輛，可望持續穩定挹注可觀的營收。除了北美及日本等高技術門檻市場外，威潤也將於今年底至明年上半年推出針對低階市場之戰鬥機種，助歐洲、中東、拉丁美洲等低價市場的營運重返成長軌道，進一步帶動該公司整體獲利向上揚升。,"[['威潤', '有成', '貢獻業績跳增'], ['啓動新引擎', '避開', '紅海競爭'], ['北美業績', '增', '36% '], ['威潤', '指出', '該市場導致嚴重'], ['主力市場', '爲', '歐洲'], ['該市場', '導致', '嚴重'], ['性能', '有', '高度要求'], ['威潤', '表示', '成長'], ['日本', '超過', '百萬臺'], ['日本', '超過', '百萬臺'], ['威潤', '推出', '戰鬥機種']]"
0,20181114_159,股價委屈 樺漢朱復銓、事欣科廖文嘉上月同步斥資逾千萬買自家股票IPC 廠樺漢 (6414) 與事欣科 (4916) 董事長朱復銓與廖文嘉，在自家股價重挫破底之際，不約而同斥資逾千萬元出手佈局，分別買進 50 張與 475 張股票。受到美中貿易戰、英特爾 CPU 缺貨等不利因素衝擊，國際股災掀濤，科技股崩跌，IPC 業者難以倖免，股價紛紛破底，樺漢一度跌破 200 元大關，並讓出 IPC 股王寶座予研華(2395)，事欣科 30 元大關也失守，最低來到 25.65 元價位，兩檔個股波段分別跌逾 67% 與 37%。不過，因智慧製造長線趨勢不變，樺漢產業整合佈局完成，成長前景佳，公司盤點內部訂單，每月僅 3 千萬為客戶要求轉回台灣生產，美中貿易戰影響微乎其微，加上目前樺漢在中國市場業績佔比極低，明年來自中國業績估翻倍，因此朱復銓對公司營運成長信心足。而事欣科在中國沒有工廠，且早就在上市掛牌後就前往美國設廠，以就近供貨客戶，加上墨西哥新產能在本月已經完工，下季將進入量產，以及川普提高國防預算，使美中貿易戰對該公司反成利多，而國防、航太均為高階產品，該公司也不受英特爾 CPU 缺貨影響。在看好自家公司成長前景之下，更認為股價崩跌已屬委屈，朱復銓、廖文嘉 10 月份不約而同斥資逾千萬元買進自家股票，做為長期資產配置的規劃佈局，也對外宣示公司派信心。,"[['廖文嘉', '斥資', '廠樺漢6414'], ['IPC股王寶座', '予', '2395研華'], ['公司', '盤點', '內部訂單'], ['事欣科', '沒有', '工廠'], ['下季', '進入', '量產'], ['國防', '均爲', '高階產品'], ['該公司', '不受', '缺貨影響'], ['在', '看好', '自家公司成長前景'], ['股價崩跌', '屬', '委屈']]"
0,20181114_160,聚陽10月獲利強 Q4賺很大成衣大廠聚陽 (1477) 公告 10 月獲利，單月稅前盈餘為 2.16 億元，較去年同期成長 24.1%，累計前 10 月稅前盈餘 16.7 億元，同比成長 16.4%，表現強勁。第四季為聚陽的傳統次旺季，尤其今年成本管控效益顯現，加上匯率幫忙，第三季一度調升第四季的獲利目標，10 月合併營收 22.45 億元，與 2.16 億元獲利同步寫下今年第三高紀錄。聚陽週三 (14 日) 股價在 10 月獲利利多激勵之下，盤中買盤湧入大漲近 3%，最高來到 173 元價位，平 10/31 盤中寫下的兩年半高點，強勁的業績使 10 月以來國際股災對該股毫無影響。,"[['稅前盈餘', '爲', '2.16億元'], ['第四季', '爲', '次旺季'], ['14日股價', '在', '多激勵之下'], ['國際股災', '毫無', '影響']]"
0,20181114_161,【華冠投顧】台股下檔空間已不多！2492華新科，即將進入主升段！？在 OPEC 下調了全球原油需求預期之際，美國總統川普，日前呼籲 OPEC 無需減產，而沙國目前產量也恢復到 2015 年減產之前的水準；周二，油價續下盪，12 原油來到 55.20 美元 / 桶上下，預期在 55.02-53.00 之間為長期支撐區，來到此區隨時具彈升之機。市場關注焦點置於，今晚將公布之美國的 CPI 數據，市場持樂觀預期。目前 12 ，持續維持於高檔，後續觀測下方 96.81-96.30 支撐區間之力道如何？此區若遭摜破，則具有持續下行之機。12 ，目前依舊位居低檔徘徊，上方注意 25666-25910 之反壓區，若有來到，後續仍有再次往下發展一段之機。未來一周，美股於高位區之整理時間有拉長之趨勢，但長多架構無改！跌深之後，將再度回至多方軌道當中。11 加權，先觀測 9811-9886 之反壓區，是否站的上去？基本上，該區之反壓，仍有再度壓抑一次之機會，下方支撐暫看 9577-9460 之區間。近期可鎖定之個股，詳見下述。3008 大立光：看多！近期雖持續遭利空襲擊，但依技術面觀之，目前已接近長期低檔轉折位置，可注意下方 3000.0-2900.0 之大支撐區；該股隨時具有大幅攀升之機。6173 信昌電：看多！第三季 EPS 達 3.04 元，續創近期新高。技術面觀之，目前形成頭肩底，頸線位居 60.50-62.00 之區間，一旦站上此區則向上續航力增。6269 台郡：看多！第三季 EPS 高達 3.22 元，優於前二季。股價位居低檔，具蓄勢待發之氣勢。2492 華新科：看多！第三季 EPS 高達 18.95 元，前 10 月每股稅後純益達 35.52 元，本益比僅 4.83 倍。依據技術面來看，於低檔已有打底完成之雛形，目前往上揚升，進入主升段之氣勢漸漸顯現，見下圖。4746 台耀：看短多！第三季績效不如預期，股價持續遭受打壓，但目前處於歷史低位區，短期間具有向上攻堅之機。作者: 華冠投顧 葉良超 分析師華冠證券投資顧問股份有限公司 (104) 證管投顧新字第 009 號本資料僅供參考投資時應審慎評估,"[['2492華新科', '進入', '主升段'], ['OPEC', '下調', '全球原油需求預期'], ['美國總統川普', '呼籲', '減產'], ['目前產量', '恢復到', '減產之前水準'], [' 原油', '來到', '55.20 美元 / 桶'], ['市場關注焦點', '置於', 'CPI數據'], ['市場', '持', '樂觀預期'], ['目前12', '維持於', '高檔'], ['此區', '遭', '摜破'], ['之', '反', '壓'], ['後續', '有', '發展一段機'], ['整理時間', '有', '拉長趨勢'], ['之', '反', '壓'], ['反壓', '有', '壓抑機會'], ['該股', '具有', '攀升機'], ['之面觀', '形成', '頸線位居60.50-62.00區間'], ['第三季EPS', '高達', '3.22元'], ['第三季EPS', '高達', '18.95元'], ['於低檔', '已有', '打底雛形'], ['，', '進入', '主升段'], ['第三季績效', '不如', '預期'], ['股價', '遭受', '打壓']]"
0,20181114_162,"關中Q3單季EPS 0.89元 毛利率維持29%水準 審慎樂觀第四季關中 (8941) 於去年第三季處分中國珠海廠房，墊高獲利基期，第三季稅後淨利 0.22 億元，年減逾九成，EPS 0.89 元，若排除處分廠房的業外收益約 3,900 萬元，單季本業營業利益年增 123.31%；然因首季虧損，前三季稅後淨利 0.74 億元，年減近八成，營業利益 0.19 億元，年減逾六成，EPS 3.02 元。關中表示，戶外烤肉爐業務持續採取代工 (ODM) 及自有品牌 (OIM) 策略並進，產品銷售及品牌代理聚焦中高端消費客群，加上 O2O 行銷策略奏效，帶動北美自有通路 Barbeques Galore 門市平均單店營收表現，占戶外烤肉爐業務營收比重由去年同期的 92% 進一步提升至 98% 水準。關中進一步表示，第三季本業營運受惠於戶外烤肉用品銷售旺季、瓦斯桶開關安全閥主要客戶拉貨動能轉強，推升旗下戶外烤肉爐生產基地江門廠、以及安全閥製造基地稼動率持續提高，整體毛利率維持 29% 水準，本業營業利益較去年同期成長 1.23 倍，加上近期美元匯率走強，有利於本業營運及業外表現。展望第四季，關中持審慎樂觀看法。第四季為傳統瓦斯桶開關出貨旺季，主要客戶因應季節變化需求備貨力道增溫，訂單能見度持續維持 3 個月以上水準，可望穩定挹注整體營運表現成長。此外，旗下主打水溶性無毒燃料與不鏽鋼燭芯設計的自有環保熱源居家品牌「Lovinflame」，將開始積極拓展全球銷售網絡尋求更多異業結盟與經銷合作機會，第一階段鋪貨預計將於 2019 年完成，有機會成為集團營運另一隻腳。","[['EPS0.89元毛利率', '維持', '審慎樂觀第四季關中8941'], ['年減', '逾', '六成'], ['戶外烤肉爐業務營收比重', '提升至', '98%水準'], ['關中', '表示', '本業營運受惠'], ['客戶', '拉', '貨'], ['整體毛利率', '維持', '29%水準'], ['第四季', '爲', '出貨旺季'], ['訂單能見度', '維持', '個月以上水準'], ['旗下', '主打', '水溶性無毒燃料設計'], ['旗下', '主打', '水溶性無毒燃料設計'], ['居家品牌Lovinflame', '開始', '拓展銷售網絡'], ['有機會', '成爲', '營運另一隻腳']]"
0,20181114_163,擴廠急急如律令 廣達斥資42.8億元購入中環華亞園區逾萬坪廠辦廣達 (2382) 擴廠急急如律令，週二 (13 日) 第三季財報記者會上才公布要在台獵地擴廠，傍晚就公告斥資 42.8 億元，買進華亞園區逾萬坪土地與建物。根據董事長林百里的說法，目前林口總部已經「滿滿滿」，廣達這波在台擴廠主要是因應 AI 人工智慧業務的發展以及美中貿易戰、高階訂單回台生產的需求，也將成立「AI 實驗室」。根據公告，廣達這次買進華亞科學園區的土地與廠房，面積各為 1.1 萬坪與 0.9 萬坪，與其研發總部對面的原廠區面積相當，交易相對人為中環 (2323) 旗下的中嘉國際投資公司。據了解，該廠區座落於桃園龜山文化二路與復興三路交叉口，與廣達林口研發總部僅距離一個街區，有利於集團研發生產能量的整合。該股週三 (14 日) 因上季財報優異，上漲逾 1%。,"[['擴廠', '如', '律令'], ['這波', '是', '因'], ['美中貿易戰', '回', '臺'], ['高階訂單', '回', '臺'], ['面積', '爲', '1.1萬坪'], ['交易', '相對人爲', '旗下中嘉國際投資公司'], ['該廠區', '座落於', '桃園龜山文化二路交叉口']]"
0,20181114_164,華碩遇逆流 上季營益率狂摔至逾2% Q4回升無力 股價崩5年低營運面臨逆流，加上大環境挑戰高，華碩 (2357) 第三季財報營益率狂跌至 2%，預估第四季也提升無力，導致該公司在線上法說會後，外資降評，週三 (14 日) 股價重挫逾 9%，最低來到 206.5 元價位，創 5 年新低價，200 元大關保衛戰開打。華碩公告第三季財報，單季品牌營收在傳統旺季效應之下為 937.71 億元，較第二季增加 16%，同比衰退 10%，單季營業利益為 21.07 億元，季減 27%，年減 31% 續創新低，歸屬於母公司業主淨利為 33.43 億元，較上季大幅回升 150%，同比則衰退 42.7%，EPS 4.5 元。累計前三季品牌營收為 2643.53 億元，較去年同期衰退 8.5%，合併營業利益為 87.76 億元，同比下滑 2.3%，歸屬於母公司業主淨利為 70.54 億元，年減達 38.7%，EPS 來到 9.5 元。其中，華碩第三季合併營益率僅 2.05%，品牌營益率也僅 2.4%，均是再創新低紀錄的表現，主要是因為在競爭日趨強烈之下，毛利率衰退壓力大，此外，中美貿易戰、新興國家市場貨幣大幅波動以及英特爾 CPU 缺貨等都是不利因素，預期第四季英特爾 CPU 缺貨效應擴大，PC 業務僅能持平，手機與零組件季增率均落在 0-5% 間，營益率則仍持平約 2%。執行長沈振來在法說會上指出，目前產業前景不確定，第四季能見度僅 20%，是有史以來最低，除了同業競爭壓力大之外，中美貿易戰讓新興市場貨幣劇貶，影響匯率很大，因此避險需求高。而英特爾 CPU 缺貨在第四季會擴大，增加營運的不確定性，尤其零組件的部分，CPU 缺貨的影響較大，電競產品所需求的高階處理器，是英特爾僅次於資料中心次要的供貨重點，因此較不受缺料影響，預計 CPU 缺貨到明年第二季都無法解決。在營運壓力轉趨沈重之下，沈振來表示，華碩毛利率降低，因此要以控制費用的手段來維繫獲利，加上以其創新設計的專長與優勢，來提升產品的附加價值，進一步提升競爭力。在手機業務方面，沈振來坦言，華碩手機品牌在量大的市場面臨很大的競爭壓力，未來手機業務將會做出整頓，朝向利基產品定位走，包括美、中等競爭激烈的市場將盡量避開。至於電競業務方面，目前佔整體品牌營收比例為 15%，透過全方位發展，目標 20% 佔比。,"[['華碩', '遇', '財報營益率面臨逆流'], ['財報營益率', '面臨', '逆流'], ['第四季提升', '導致', '評'], ['該公司', '說', '會'], ['單季品牌營收', '爲', '937.71億元'], ['單季營業利益', '爲', '21.07億元'], ['季', '減', '年減 33.43億元'], ['品牌營收', '爲', '2643.53億元'], ['營業利益', '爲', '87.76億元'], ['母公司業主淨利', '爲', '70.54'], ['年', '減達', '億元'], ['營益率', '落在', '05%間'], ['執行長沈振來', '指出', '產業前景不確定'], ['中美貿易戰讓', '是', '最低'], ['高階處理器', '是', '英特爾僅次於供貨重點'], ['英特爾', '僅次於', '供貨重點'], ['營運壓力', '轉趨', '沈重'], ['營運壓力', '轉趨', '沈重'], ['沈振來', '表示', '維繫獲利'], ['手機品牌', '面臨', '競爭壓力'], ['手機業務', '做出', '整頓']]"
0,20181114_165,展望保守＋營運調整 華碩股價重挫華碩 (2357) 昨日公布第三季財報，EPS 為 4.5 元，相較去年同期的 7.86 元差距甚大，今年整體衰退不少，在中美貿易戰、晶片供應不足及同業價格競爭下，第四季展望也不佳，預估將持平或微幅衰退，加上新興市場貨幣匯率波動不小，公司需要付出相關避險成本，進而也影響毛利率表現。華碩目前將陷入營運調整階段，其中商用 NB 及電競產品將是未來主要成長動能，公司表示，電競目前佔營收約 15%，未來將朝 20% 目標邁進，盼望整體營運 2019 年下半年能重回成長。股價今日直接跳空大跌，最低來到 206.5 元，距跌停價僅差兩檔，不過股價持續維持在 8-9% 跌幅，今日這一根長黑 K 下去，已接近 2013 年低點 204 元，整體趨勢偏空無誤，反彈宜減碼。,"[['EPS', '公佈', '第三季財報'], ['公司', '需要', '付出避險成本'], ['華碩', '陷入', '營運調整階段'], ['NB', '是', '成長動能'], ['公司', '表示', '未來邁進'], ['距跌停價', '差', '兩檔'], ['股價', '維持在', '-9%跌幅']]"
0,20181114_166,特販業務挹注 花仙子Q3營收、獲利攀高峰 前三季EPS 3.3元超越去年特販業務建功，花仙子 (1730) 第三季營收、獲利創新高，單季營收衝高到 8 億元，稅後淨利 9178 萬元，每股盈餘 1.54 元，累計前三季稅後淨利 1.98 億元，年增率 43%，超越去年全年 1.9 億元，每股稅後盈餘 3.33 元。今年 6 月之後，花仙子與國內零售量販通路業者展開為期 20 周特販業務合作，該項短期業務帶動下，7～9 月營收分別 1.95 億元、2.74 億元以及 3.45 億元，年增率 25.21%、72.35% 以及 103.22%、合計第三季營收 8.14 億元，季增率 32%，年增率 57%，毛利率持穩在 43.99%，稅後淨利達 9178 萬元，季增率 5 成，每股盈餘為 1.54 元。花仙子內銷比重約占 87%，外銷比重約 13%，發展目標以擴展亞洲的外銷市場，看好東協十國民生消費市場潛力，關稅優惠利基，去年成立越南花仙子作為銷售營運據點，投資比例 65%，今年已將驅塵、芳香消臭類、除濕等系列產品陸續上架，未來計畫赴泰國投資。若以產品別區分：芳香消臭類占營收比重 39%、除塵潔淨類 31%、除濕類 18%、廚具類 12%，旗下主要品牌包括去味大師、克潮靈、潔霜、驅塵氏等，花仙子在台灣芳香除臭類產品市占率逾 5 成。,"[['3.3元', '超越', '去年'], ['稅後淨利', '高到', ' 億元'], ['花仙子', '展開', '特販業務合作'], ['年增率', '穩在', '43.99%'], ['每股盈餘', '爲', '1.54元'], ['發展目標', '擴展', '外銷市場'], ['投資比例', '計劃', '赴泰國'], ['消臭類', '佔', '營收比重'], ['主要品牌', '包括', '等去味大師']]"
0,20181114_167,"紅馬-KY Q3認列博物館虧損 前三季每股虧損達7.28元紅馬 - KY(2928) 第三季正式結束寓教娛樂事業中的 Orbi 大阪自然體感型教育博物館，認列虧損約 8,700 萬元，此外，今年開始推展 GCF（政府群眾募資）及區塊鏈線上捐款平台等新業務，再加上日本國內運費因應新勞動法案而調漲，致第三季營業費用率約 48%，較去年同期增加 5 個百分點，導致單季虧損擴大至 1.7 億元，EPS-3.53 元，前三季 EPS-7.28 元。紅馬 - KY 表示，結束 Orbi 大阪自然體感型教育博物館後，目前以地球大冒險為主題的親子體驗娛樂設施（MARUMIE-Plaza），以及義式冰淇淋連鎖專賣店（FLOR）均已開幕，營運合乎預期，並自 10 月份開始積極擴大招商，目前正與多家廠商洽談中，以期提高整體租金收入，將有助於公司寓教娛樂事業轉虧為盈。此外，ICO 專案的顧問服務，依合約收取 8,000 萬枚之顧問報酬，考量 IRFS 與市場風險、波動性等因素，將謹慎評估兌換時機，並於取得法定貨幣時認列收入。紅馬 - KY10 月營收 5.8 億元，月增 45%，年增 23%，其中，10 月份故鄉納稅業務較上個月增加 47%，伴手禮業務亦較上個月成長 34%，主要在於時序進入日本伴手禮與故鄉納稅旺季，以及公司與會員制企業合作推廣故鄉納稅捐款業務的效益逐步顯現。紅馬 - KY 對於第四季展望持審慎樂觀態度，並指出，故鄉納稅捐款業務今年底前預計完成 10 個合作案，全年故鄉納稅捐款業務可望維持雙位數的年成長率；而伴手禮業務第四季進入旺季，有助推升第四季業績。","[['2928KY第三季', '三季每股虧損達', '結束寓 Orbi 大阪自然體感型教育博物館'], ['單季虧損', '擴大至', '1.7億元'], ['KY紅馬', '表示', '開幕'], ['提高租金收入', '有助於', '公司寓爲盈'], ['公司', '寓', '爲盈'], ['顧問服務', '收取', '萬枚顧問報酬'], ['於', '取得', '法定貨幣'], ['公司', '推廣', '納稅捐款業務'], ['合作', '推廣', '納稅捐款業務'], ['捐款業務', '預計', '完成10個合作案'], ['捐款業務', '維持', '年成長率'], ['伴手禮業務第四季', '進入', '旺季'], ['伴手禮業務第四季進入旺季', '有', '助推']]"
0,20181114_168,庫藏股及出售資產激勵 中環盤中股價強攻漲停中環 (2323) 公告將於明 (15) 日起實施買回庫藏股，預定買回期間為 11 月 15 日至 1 月 11 日，預計買回總金額上限為 7.19 億元，預定買回 5 萬張；每股買回區間價格 4.5～8 元，若股價低於區間價格下限，將繼續買回；加上中環旗下中嘉國際桃園龜山華亞段不動產以 42.8 億元售給廣達(2382)，受到庫藏股以及出售資產激勵，中環盤中股價直奔漲停。中環董事長翁明顯日前曾表示，隨著大數據時代來臨，全球資料量在 10 年內將有超過 10 倍的爆炸性成長，伴隨而來數據儲存需求，也為光碟帶來新發展契機。,"[['2323中環公告', '實施', '買回庫藏股'], ['買回期間', '爲', ' 月11日'], ['總金額上限', '爲', '7.19億元'], ['股價', '低於', '區間價格下限'], ['中嘉國際桃園龜山華亞段不動產', '給', '2382'], ['中環董事長', '表示', '全球資料量有超過10倍爆炸性成長'], ['全球資料量', '有', '超過10倍爆炸性成長']]"
0,20181114_169,六暉廈門新廠暫訂2020年Q3完工 2024年TPMS氣門嘴月產能增至800萬顆中國大陸 2020 年起新車強制配備 TPMS(胎壓偵測器)，為搶攻相關商機，生產基地整合雙重考量，六暉 - KY(2115) 以金屬精密加工、TPMS 氣門嘴生產為主廈門新廠暫訂 2020 年第三季完工，到了 2024 年之際，TPMS 氣門嘴月產能將提升到 800 萬顆。大陸車市成長放緩，氣門嘴產業供過於求，同業競價搶單，銅價上漲轉嫁不易，六暉毛利率由過去兩年平均 25～26%，降至今年上半年 19.3% 左右，目前傳統氣門嘴月產能約 6600 萬顆，平均利用率約 7 成，透過自動化降低人工比重，料、工費獲得控制，第三季毛利率回升到 22%，11、12 月接單狀況尚佳，第四季可望略優於第三季。六暉第三季營收為 6.7 億元，毛利率 22.01%，營益率 10.46%，稅後淨利 5509 萬元，每股盈餘 0.67 元，累計前三季營收約 19 億元，與去年同期持平，稅後盈餘 1.32 億元，年減 38%，每股盈餘 1.61 元。由於 TPMS 氣門嘴金屬加工設備無法傳統氣門嘴共用，加上昆山當地生產標準趨於嚴格，六暉於去年底規畫廈門新廠建廠計畫，目前六暉生產基地以廈門 (本廠生產兩輪氣門嘴為主，6 成外銷、4 成外銷；精工部則為 TPMS 氣門嘴)、昆山(生產汽車、卡車及非道路用車氣門嘴，7 成內銷、3 成外銷)、印尼(生產機車氣門嘴) 三地為主，三個廠區前三季占營收比重各為 68.74%、27.37% 以及 20.88%；待廈門新廠完工，昆山保留卡車氣門嘴產線，部份產線轉移到廈門新廠，廈門新廠量產後平均每個月折舊費用增加 1 百萬元。現有廈門分布三個廠區，透過新廠籌建整合產線，可以 TPMS 氣門嘴供應戰線由 AM(售後) 延伸到 OE(組車)，大陸每年新車需求量約 3 千萬輛，以四個輪胎來推算，一旦強制安裝 TPMS 之後，市場胃納量達 1 億顆。TPMS 係由晶片、氣嘴門、金屬件等組件所構成，傳統、TPMS 氣嘴門兩者價格比值為 1：4～6 倍，附加價值較高，成為六暉積極發展重點，擴大與 TPMS 業者合作，打入 OE 市場，初期供貨先以卡車為主，接下來則是鎖定汽車。,"[['六暉廈門新廠', '訂', '增至強制配備TPMS胎壓偵測器'], ['2020年', 'Q3', '完工'], ['生產基地', '整合', '新廠'], ['第四季望', '優於', '第三季'], ['六暉第三季營收', '爲', '6.7億元'], ['加工設備', '共用', '門嘴'], ['生產標準', '趨於', '嚴格'], ['六暉', '規畫', '建廠計劃'], ['則', '爲', '門嘴'], ['7', '成', '內銷'], ['營收比重', '爲', '27.37% '], ['折舊費用', '增加', '1百萬元'], ['市場胃納量', '達', '億顆'], ['傳統兩者價格比值', '爲', '1']]"
0,20181114_170,聰明理財 樺漢新一波募資計劃條件優渥 估省近億利息補償金儘管第三季財報繳出超乎預期的成績單，本季與明年展望亦佳，但樺漢 (6414) 宣布將辦理 600 萬股現金增資以及最高 60 億元的可轉換公司債 (CB)，導致週三(14 日) 股價開盤重挫逾 5%。外資機構預估此波募資最多將稀釋樺漢 EPS 高達 38%。不過，據了解，因股價已低，長期而言獲利可期，樺漢這次募資與券商所談的條件相當優渥，資金成本遠低於前波 CB2 與第一次 ECB(海外可轉換公司債)，估計將可剩下近億元的利息補償金，加上以高於面額的價格取得資金，使得這波借新還舊的算盤打的相當聰明。樺漢週二 (13 日) 公告第三季財報，營益率 4.63% 大幅超越市場預期，單季 EPS 4.35 元，創下歷史次高紀錄，累計前三季獲利超過一個股本，EPS 來到 10.38 元，同比轉為正成長。該公司在這次董事會上，亦通過了募資的重要議案，預計將發行 600 萬股的現增以及 60 億元的 CB，現增每股發行價格估計在 160-220 元區間，CB 的溢價率預估在 110-120 之間。亞系外資評估，如以現增來看，EPS 稀釋率約 8%，CB 如以週二收盤價 236 元計算，如全數轉換，EPS 稀釋率最高可達 30%。不過，該機構在樺漢線上法說會後評該股超越大盤。據了解，樺漢在繳出亮麗財報之後，週三股價卻逆勢重挫，主要是因為其募資計劃引發市場對於其財務規劃與股本膨脹的憂慮。根據公告，樺漢此波募資主要是因應前次第二次 CB 與第一次 ECB 的償還所決定，因當時所訂之轉換價格均高，在股價下跌後，明年兩個舊債也都到了可申請賣回權的時候，因此樺漢打算透過募集新的資金，來一次償還舊債。資料顯示，樺漢 18 億元的第二次 CB 目前還有 12.1 億元尚未轉換，2 億美元的 ECB 也還有 1.97 億美元 (約 60 億) 尚未轉換，公司以最保守的態度要在明年全數償還，合計這次要償還的借款逾 72 億元(不含 CB2 約 1% 以及 ECB 約 1.2% 的利息補償金)，約當本波募資規模。不過，樺漢這次現增僅 600 萬股，募資最高約 13 億元，此部分將增加股本 6 千萬股，主資金是以 CB 募集，可見樺漢控制股本膨脹的用意。樺漢指出，CB3 預計明年掛牌，3 年後才陸續進入贖回期，分期轉換股票之下，短期影響股本不多，也不見得會全數轉換成股票。而之所以發動這波募資計劃，是該公司經過精算的結果，因資金取得成本遠低於前次，因此總計下來將可省下近億元的利息補償金費用，有利於獲利表現，且將以高於面額的價格取得資金，非常划算。據了解，這次該公司發行 CB3 所談到的利息補償金比率僅 0-0.5%。至於一般現增均以折價發行，最低可折到 7 折，以目前樺漢股價處於低檔，加上第四季與明年成長前景均佳，法人評估折價幅度可望控制在 85 折之上，發行價格逾 200 元的機率高；至於 CB 溢價率約在 110-120% 間，以週二收盤價來看，轉換價有機會趨近 300 元。,"[['募資計劃條件優渥', '估', '第三季財報繳出超乎預期成績單'], ['第三季財報繳出', '超乎', '預期成績單'], ['將', '辦理', '600 萬股'], ['宣佈現金增資', '導致', '逾'], ['股價14日開盤重挫', '逾', '5%'], ['外資機構', '預估', '此波募資高達'], ['資金成本', '遠低於', '前波CB2'], ['以', '高於', '面額'], ['4.63% 營益率', '超越', '市場預期'], ['該公司', '通過', '重要議案'], ['該機構', '說', '評該股超越大盤'], ['該股', '超越', '大盤'], ['樺漢', '繳', '亮麗財報'], ['募資計劃', '引發', '對於憂慮'], ['此波募資', '是', '因'], ['此波募資', '是因', '高'], ['兩個舊債', '到', '可申請時候'], ['了', '可申請', '賣回權'], ['樺漢', '打算', '償還舊債'], ['資料', '顯示', '第二次CB還有12.1億元轉換'], ['第二次CB', '還有', '12.1億元轉換'], ['償還借款', '逾', '約CB2'], ['此部分', '增加', '千萬股股本'], ['主資金', '是', '募集'], ['樺漢', '控制', '股本膨脹'], ['樺漢', '控制', '股本膨脹'], ['樺漢', '指出', '預計掛牌'], ['短期', '影響', '多'], ['發動募資計劃', '是', '該公司經過精算結果'], ['該公司', '經過', '精算'], ['該公司', '經過', '精算'], ['成本', '遠低於', '前次'], ['以', '高於', '面額'], ['樺漢股價', '處於', '低檔'], ['折價幅度', '控制在', '85折之上'], ['發行價格', '逾', '200元'], ['發行價格', '逾', '200元'], ['CB溢價率', '約在', '110-120% 間'], ['轉換價有機會', '趨近', '300 元']]"
0,20181114_171,TPK、易華電、南電、世紀鋼、牧德TPK-KY(3673)：受惠於三星發表摺疊智慧型手機，TPK-KY 擁有 OLED 折疊手機所需的奈米銀觸控技術，後市樂觀可期。股價站上 60 日線，創下波段新高 53.7 元，惟遭逢前波長黑 K 反壓而拉回。易華電 (6552)：明年 COF 基板的供應可能偏緊，2019 年智慧型手機的 COF 機種滲透率上看 35%，且 COF 用的捲帶產能並未持續擴充，供需短時間內難以平衡。股價創下波段新低 69.3 元後隨即出現反彈，今天股價跳空開高，創下 11 月以來新高 94.1 元，遭逢前波高點 94.5 反壓而出現賣壓。南電 (8046)：第三季稅後淨利 4692 萬元，EPS 為 0.07 元，經歷 6 季虧損後順利轉盈。受到 ABF 載板因缺貨調漲價格，推動南電營運逐步改善。今日股價開高走高，創下波段新高 33.65 元。世紀鋼 (9958)：成為 MSCI 明晟全球小型指數台灣成分股之一，第三季營收淨額為 4.27 億元，每股盈餘為 0.07 元。股價呈現橫盤整理格局，今日股價開高走高，突破頸線壓力，創下 11 月股價新高 87.9 元，下檔以 5 日線為支撐，上檔落在大量區間 91 至 93 元。牧德 (3563)：受惠於大陸硬板廠自動化設備需求持續增溫，帶動 10 月營收達 3.16 億元，年增 84.15%，第四季營收與獲利均可望挑戰單季歷史新高。今天股價跳空開高，收復 60 日線，創下自 10 月以來新高 393.5 元。,"[['KYTPK', '擁有', '觸控技術'], ['股價', '站', '60日線'], ['黑K', '反', '壓'], ['股價', '創下', '69.3元'], ['ABF載板', '推動', '南電營運改善'], ['營收淨額', '爲', '4.27億元'], ['每股盈餘', '爲', '0.07元'], ['股價', '呈現', '橫盤整理格局'], ['下檔', '爲', '支撐'], ['91', '至', '93 元'], ['第四季營收', '挑戰', '歷史新高']]"
0,20181114_172,金像電Q3獲利亮眼 漲停慶賀 明年營運成長力道亦可期印刷電路板大廠金像電 (2368) 受惠於旺季效應，加上網通類用板出貨持續放量，今年第三季單季每股淨利達到 0.47 元，單季獲利不單較第二季增加 161%，更優於市場預期，並激勵今早股價開高後，隨買單湧入，攻上漲停的 11.85 元，並鎖住；展望後續，因金像電的 HDI 產線效益將有提升，加上網通部分，400G Switch 用板，金像電為全球主要供應商，明年營運可望繼續強勁的成長力道。金像電第三季財報，單季營收 57.41 億元，年增 11.31%，單季毛利率提升到 18.55%，較去年同期毛利率的 8.33%，大增超過 10 個百分點，以年對年的表現來看，金像電的營運績效，明顯好轉；此外，第三季單季營業利益 4.7 億元，營業利益率達 8.23%，去年同期為負的 1.24%，第三季淨利 2.5 億元，單季每股淨利 0.47 元，而今年第二季每股淨利 0.18 元，以季對季來看，金像電第三季獲益大增 161%。,"[['金像電2368', '受惠於', '旺季效應'], ['每股淨利', '達到', '0.47元'], ['單季獲利', '增加', '161%'], ['產線效益', '有', '提升'], ['金像電', '爲', '主要供應商'], ['營運', '可望', '強勁成長'], ['去年同期', '爲', '負1.24%']]"
0,20181114_173,外資單日買進逾1500張 日馳盤中股價走強、數度攻頂自行車零組件廠日馳 (1526) 近日股價明顯走高，已連續拉出三根停板，昨天外資買進 1500 多張，今天股價再度走高，盤中數度攻頂，走勢強勁。公司自結 10 月營收 1.18 億元，創今年以來高點，月增 24.61%，年增 1.47%。累計前 10 月營收 10.26 億元，年減 3.76%。日馳日前公佈第三季每股盈餘為 0.79 元，較去年同期的 1.48 元明顯衰退；累計前三季毛利率 26.64%，營業淨利 1.1 億元，營益率 12.14%，稅後淨利 1 億元，年減 7.39%，EPS 為 2.01 元，較去年同期的 2.17 元衰減。日馳為充實營運資金及償還借款，擬辦理現金增資發行 1000 萬股普通股，每股價格暫定 20.9 元。鑑於近期資本市場變化及日馳股價波動亦大，為維護股東權益，且尋求最佳發行時點並得以順利完成資金募集，公司申請延長 107 年現金增資發行普通股案、募集期間至 108 年 2 月 24 日已獲得金管會核准在案。,"[['買進強', '逾', '日馳盤中'], ['外資', '買進', '多1500張'], ['公司', '自結', ' 億元營收'], ['每股盈餘', '爲', '0.79元'], ['EPS ', '爲', '2.01元'], ['日馳', '爲', '充實營運資金'], ['每股價格', '暫定', '20.9元'], ['公司', '申請', '增資']]"
0,20181114_174,群聯Q3表現優於預期 今盤中走強 漲逾2%雖然 NAND 晶片報價直直落，但卻因價格達到甜蜜點，刺激相關產品銷售量，NAND 控制晶片龍頭廠群聯 (8299) 進而受惠，第三季單季稅後獲利 14.03 億元，季增 13.51%，每股淨利 7.12 元，表現優於預期，並帶動今日股價走強，盤中最多上漲 6 元。群聯第三季成績單，單季合併營收 110.36 億元，季增 6.83%，年減 1.2%，營益率 13.94%，季增 1.64 個百分點，年減 1.96 個百分點，單季稅後獲利 14.03 億元，季增 13.51%，年減 12.31%，每股淨利 7.12 元，累計今年前三季每股淨利 17.87 元。群聯提到，受惠晶片出貨量增加、工控模組產品穩健成長，加上商用市場因價格下跌，有效刺激容量需求提升，帶動營收微幅成長，至於第三季毛利率上揚，則取自產品組合優化，至於單季整體營運表現，是符合預期的。展望第四季，就晶片銷售部分，SSD 與 eMMC 需求相對穩健，至於成品模組方面，工控及消費性產品出貨預期也將持穩，因此整體看來，群聯對第四季營運表現抱持審慎穩健的看法。此外，群聯也強調，近期因產業循環，導致 NAND 晶片報價波動，但公司現金充裕，將可適時建立庫存部位，為下一波產業向上預作準備。,"[['表現', '優於', '預期'], ['表現', '優於', '預期'], ['羣聯', '提到', '商用市場刺激容量需求提升'], ['商用市場', '刺激', '容量需求提升'], ['營運表現', '是', '符合預期的'], ['羣聯', '抱', '審慎看法'], ['羣聯', '強調', '充裕']]"
0,20181114_175,元山認列結束中國尚朋堂資產減損 前三季每股虧損0.81元車用電子與家電大廠元山科技 (6275) 公布第三季季報數字，由於今年結束中國尚朋堂品牌事業，累計前三季每股虧損 0.81 元。公司表示，虧損主要原因是來自認列中國尚朋堂無形資產與庫存，若看繼續營業單位損益則為每股獲利 0.91 元。元山科技前三季合併營收 19.31 億元，年增 6.18%，毛利率為 20.50%，較去年下滑 0.96 個百分點，稅後虧損 5394 萬元，每股虧損 0.81 元，相較去年同期每股獲利 1 元呈現轉虧。元山第三季合併營收為 6.35 億元，季減 8.32%，年增 20.1%，稅後淨利 791 萬元，季減 27%，年下滑 43%，每股盈餘 0.12 元，相較上季及去年同期 0.16 元及 0.24 元下滑。元山指出，今年結束中國尚朋堂品牌，認列無形資產與庫存等 1 億 1473 萬元，此一部分資產減損為一次性，而且沒有現金支出，公司營運不受影響。元山今年聚焦發展家電與熱傳事業，在車用風扇訂單暢旺帶動下，營收已經恢復正成長，彌補了尚朋堂結束後的營收缺口。元山進一步指出，未來營運將呈先蹲後跳，今年佈局多時的中國車用風扇開始出貨放量，加上歐洲訂單穩定成長，公司持續深耕車用市場發展。,"[['元山認列', '結束', '中國尚朋堂資產減損'], ['每股', '虧損', '公佈科技'], ['公司', '表示', '主要原因是來自認列中國尚朋堂無形資產'], ['主要原因', '是', '來自認列中國尚朋堂無形資產'], ['每股', '獲利', '0.91元'], ['1獲利元', '呈現', '轉虧'], ['合併營收', '爲', '6.35億元'], ['元山', '指出', '結束中國尚朋堂品牌'], ['此一部分資產減損', '爲', '一次性'], ['公司營運', '不受', '影響'], ['營收', '恢復', '成長'], ['元山', '指出', '將蹲'], ['車用風扇', '開始', '出貨'], ['公司', '深耕', '車用市場發展']]"
0,20181114_176,TPK-KY本季營收可望季增逾3成 今日大漲逾半根停板觸控面板大廠 TPK-KY(3673) 公告前三季 EPS 達 0.08 元，其中，第三季 EPS 達 0.47 元，相較第二季已轉虧為盈。受惠於蘋果新機 iPhone XR 進入出貨高峰，TPK 自結 10 月營收達 172.66 億元，較前一月大增逾 5 成，也較去年同期大增逾 7 成，並創下近 6 年以來單月新高。該公司表示，在客戶新品上市反應不錯的帶動下，第四季合併營收可望季增逾 3 成，獲利也將優於第三季。股價創下 43.5 元的波段新低後反彈，成功收復短天期均線，今日開高走高，突破季線反壓。由於下方的 5 日均線已由下往上穿越 10 日均線，且 9 日 KD 指標在上週五轉為交叉後，目前仍持續向上揚升，短線對於多方有利。下檔先以 46～47 元為支撐，短壓在 57～58 元間。,"[['該公司', '表示', '獲利優於第三季'], ['獲利', '優於', '第三季'], ['股價', '創下', '43.5元'], ['股價', '創下', '43.5元'], ['5日均線', '穿越', '10日均線'], ['9日KD指標', '轉爲', '交叉'], ['下檔', '爲', '支撐']]"
0,20181114_177,"淘帝-KY前三季EPS 7.19元 10月迎旺季 營收創單月新高淘帝 - KY(2929) 受惠 TOPBI 品牌於中國童裝市場占有率穩步提升，帶動前三季營收表現仍較去年同期成長 15.18%，然淘帝 - KY 指出，主要受集團行銷廣告費用集中認列季度與去年不同，整體營業利益較去年同期小幅成長 0.69%，達 8.37 億元；此外，受匯率波動等影響，本期兌換損失 0.69 億元而去年同期則為兑換利益 0.36 億元，導致累計前三季稅後淨利表現衰退，為 5.64 億元，EPS 7.19 元，分別較去年同期減少 14.42% 及 15.91%。淘帝 - KY 表示，第三季整體毛利率保持 39%，為進一步提升旗下 TOPBI 品牌旺季銷售表現及市占率，採取較以往不同的品牌行銷策略，以彈性調配高鐵動車、廣播、以及線上電商平台廣告投放步調，雖然使得今年廣告費用較去年增加，前三季 TOPBI 品牌線上會員人數衝破 5 萬人大關，電商銷售表現今年前 9 月個已超越 2017 年全年銷售額的三倍，成功打造另一成長引擎。而受惠時序步入年底中國童裝產業傳統旺季，旗下代理商看好旺季銷售逐步加大備貨力道，帶動 TOPBI 品牌童裝服飾銷售持續成長，淘帝 - KY 10 月營收 7.64 億元，再次刷新歷史單月新高記錄，並較去年同期成長 6.17%；累計 1 至 10 月營收 53.24 億元，亦較去年同期成長 13.79%。展望第四季，淘帝 - KY 維持審慎樂觀看法。看好雙十一購物節電商銷售表現，除 TOPBI 品牌購物 APP 及官網商城陸續推出多個電商限定優惠，針對熱門線上商城、社區及 Shopping mall 亦集中進行廣告投放，同步與線上代理商擬定銷售策略，以期帶動營運表現。此外，淘帝 - KY 董事會決議通過，自今年 11 月 12 日起至明年 1 月 11 日將實施庫藏股，預計買回自家股票 1,100 張，買回價格區間為 64.5 元至 143 元，且當股價低於所訂區間價格下限時將繼續買回。淘帝 - KY 表示，看好 TOPBI 品牌持續布局線上及線下整合的新零售業務模式，有助於帶動線上電商銷售仍保持雙位數成長力道，以及線下實體門市持續穩步展店步伐，目前 TOPBI 品牌實體銷售門市已達 1,600 間。","[['然淘帝 - KY ', '指出', '不同'], ['營業利益', '成長', '0.69%'], ['0.36億元爲', '導致', '淨利表現衰退'], ['淘帝 - KY ', '表示', '整體毛利率保持39%'], ['整體毛利率', '保持', '39%'], ['個', '超越', '5萬人大關'], ['旗下代理商', '看好', '旺季銷售加大備貨力道'], ['旺季銷售', '加大', '備貨力道'], ['TOPBI品牌購物APP', '推出', '限定優惠'], ['64.5 元', '至', '143元'], ['股價', '低於', '訂區間價格下'], ['股價', '低於', '訂區間價格下'], ['淘帝 - KY ', '表示', '看好新零售業務模式'], ['實體門市', '展', '店'], ['穩步', '展', '店'], ['品牌實體銷售門市', '達', '1間']]"
0,20181114_178,英利-KY前三季每股盈餘8.28元 今起買回庫藏股2000張汽車零組件廠英利 - KY(2239) 公布第三季財報，單季合併營收為 56.19 億元，年增率 24.7%，稅後淨利 2.52 億元，年增 57.8%，每股盈餘 2.19 元。累計前三季稅後淨利 9.25 億元，EPS 為 8.28 元。英利董事會也決議今天起至明年 1 月 13 日實施庫藏股，預計買回 2000 張自家公司股票，每股區間價格為 98 元至 158 元。英利指出，雖然第三季為車市傳統淡季，公司也配合主機廠歲修調整產能，加上市場受中美貿易戰及大陸景氣影響，但公司主要客戶在大陸銷售都是佼佼者，下滑程度微弱，尤其高階車品牌客戶如 Audi、Benz、Volvo 在第三季依舊是保有銷售成長力道，帶動英利第三季營收仍有 24.7% 的年成長率，單季獲利年增率更達 57.8%。第三季由於新能源汽車投入的研發資源較多，截至第三季費用率從前兩季的 8.9% 提高到 9.2%，主要是因應大陸汽車合資品牌皆全力投入新能源汽車的發展，新能源汽車的品項多屬於輕量化或是新技術的研發投入，英利 - KY 在這方面保有接單的優勢但也勢必要投入對應的研發資源。匯損方面，第三季由於相對於以及皆走貶，尤其是對美元的貶值比較劇烈，也影響到公司財報上必須呈列金融評價損失 (業外匯損)，累計前三季匯損金額達 0.91 億元。,"[['-', 'KY', '前三季'], ['單季合併營收', '爲', '56.19億元'], ['EPS ', '爲', '8.28元'], ['英利董事會', '決議', '實施庫藏股'], ['每股區間價格', '爲', '至元'], ['英利', '指出', '主要客戶都是佼佼者'], ['第三季', '爲', '傳統淡季'], ['公司', '配合', '調整產能'], ['主要客戶', '都是', '佼佼者'], ['品牌客戶', '保有', '銷售力道'], ['從前兩季 ', '提高到', '9.2%'], ['合資品牌', '投入', '新能源汽車發展'], ['新能源汽車品項', '屬於', '輕量化研發'], ['KY', '保有', '接單優勢'], ['匯損金額', '達', '0.91億元']]"
0,20181114_179,環球晶占營收比重攀升至85% 中美晶挺過太陽能不景氣 Q3 EPS 1.42元中美晶 (5483) 公布第三季財務報告，單季營收 172.75 億元，毛利率為 30.1%，營益率 22.4%，歸屬於母公司的稅後淨利 8.27 億元，稅後每股盈餘 1.42 元，子公司環球晶圓 (6488) 合併營收 151.62 億元，歸屬於母公司的稅後淨利 36.31 億元，稅後單季每股盈餘 8.31 元。中美晶前三季合併營收為 514.74 億元，較去年同期成長 18.7%，歸屬於母公司的稅後淨利為 25.28 億元，較去年同期成長 411.4%，每股稅後盈餘 4.35 元，環球晶合併營收為 434.40 億元，占中美晶營收比重由先前 8 成拉升到 85%。面對太陽能產業嚴厲挑戰，中美晶強調持盈保泰，其現金水位佳且資金充足，具有穩健的營運發展動能，展望未來，積極配合政府的綠色能源政策，持續開發建置光電設施系統，另外，以太陽能本業為藍圖，將朝向太陽能系統電站、智慧電網等利基市場發展。,"[['佔營收', '攀升至', '85% '], ['中美晶', '挺', '億元172.75報告'], ['營益率', '爲', '30.1%'], ['每股', '盈餘', '8.31元'], ['合併營收', '爲', '514.74億元'], ['稅後淨利', '爲', '25.28億元'], ['合併營收', '爲', '434.40億元'], ['中美晶', '強調', '持盈']]"
0,20181114_180,大陸AMOLED客戶比重成長 和鑫連兩季本業轉盈 前三季EPS 0.29元和鑫 (3049) 積極拓展大陸 AMOLED 面板客戶，帶動毛利率改善，本業連續兩個季度轉盈，累計前三季稅後淨利 2.11 億元，每股盈餘 0.29 元，近年來，持續償還銀行貸款，降低利息支出，帳上將近累積虧損 3 億元有機會弭平。以往和鑫 5.5 代線以 LTPS(低溫多晶矽)設備替三星代工生產 AMOLED 用觸控感測器(Touch Sensor)，月投片約 3.3 至 3.5 萬片，三星占營收比重一度高達 9 成，近期大陸 AMOLED 面板產能開出，其轉向開發大陸客戶 AMOLED 面板客戶，目前大陸客戶比重攀升到 2 成以上，而三星則是降低至 7-8 成。大陸接單利潤較佳，帶動和鑫毛利率改善，今年第二、三季毛利率分別增至 27.79%、19.62%，兩個季度營業利益各為 1.52 億元以及 5400 萬元，合計前三季稅後盈餘 2.11 億元，每股稅後盈餘 0.29 元。大陸 AMOLED 產線仍處於量產初期，良率不穩定，影響到和鑫營運穩定性，AMOLED 面板產能開出，今年出貨面積增至 1362.8 萬平方米，較去年 901 萬平方米，成長 5 成之多，而明、後年出貨面積達 1794 萬平方米以及 2286 萬平方米，年增率各為 27.4%、19.2%，反觀 LTPS 產出面積成長不若 AMOLED，均維持 1200 萬平方米。,"[['積極拓展大陸AMOLED面板客戶', '帶動', '毛利率改善'], ['三星', '佔', '營收比重'], ['三星', '降低至', '成'], ['第二毛利率', '增至', '27.79%'], ['營業利益', '爲', ' 2.11億元億元'], ['產線', '處於', '量產初期'], ['出貨面積', '增至', '1362.8萬平方米']]"
0,20181114_181,中保今年本業獲利成長 前三季EPS達3.42元中保 (9917) 董事會通過第三季季報數字。中保今年本業獲利明顯成長，累計前三季合併營收 98.86 億元，年成長 2.03%；營業淨利為 18.73 億元，年成長 15%，稅前淨利為 18.54 億元，年減 10.93%，EPS 達 3.42 元，主因去年有國產建材實業出售土地利益的業外認列。中保自結 10 月合併營收為 11.06 億元，年成長 3.7%。累計前 10 月合併營收 109.92 億元，年增 2.2%。中保指出，人力成本 (最低工資、時薪及勞健保) 逐年增加，多數社區、辦公大樓等用戶為了減少成本的衝擊，開始找尋簡化人力的解套方式，中保從去年底即開始佈局，推出「中保無限＋智慧樓管方案」即所謂「換警專案」，透過物聯網服務系統，取代傳統駐衛警的人力，也提升管委會或客戶的管理效能。產品上市後，詢問度相當多，預計為中保無限＋帶來新一波業績的成長，中保無限＋自推出後，客戶數穩定成長，目前即將突破 6 萬戶。全球天氣異常，暴雨所帶來的水害與土石流，及地震頻頻所造成設備、設施與建築物的破壞。看好智慧災防的需求，子公司中保防災營業項目含地震預警系統、水情監測系統、橋樑監測系統、建物結構體監測系統及邊坡監測系統等。中保防災今年營收及獲利較去年大幅成長，累計至 10 月營收成長 297.48%，未來幾年仍可以創造新高。負責停車場業務的國雲樓管 (國雲停車場) 及國雲保全(國雲科技)，今年均有亮麗的表現。國雲樓管在近日新北市路邊停車場，因舊約到期重新啟標，每月營收增加 300 多萬元。南部國雲保全的停車場營收累計至 10 月份也成長 499.07%。未來兩家子公司均朝智慧停車場業務規劃，將可帶來更高的營收與獲利。看好社會住宅與智慧城市未來展望，中保統整集團資源，整合機電、弱電及消防的機電總包方式與中保無限＋的物聯網技術，跨入營建工程，未來智慧大樓的智慧化工程，都可以由中保來完成。子公司台濼控制逐步轉型，將從過去的環控及燈控業務，走到機電總包的整合，目前已陸續承接數件上億元的案子，未來可帶給集團更大的合併營收。日盛保全於今年 5 月份結束營業，也結束運鈔保全的戰國時代，立保保全之前承接國泰世華 ATM，也陸續交接中國信託 ATM 補鈔業務，營益率已逐漸回升。目前立保保全有機會透過國泰世華 ATM 升價及其補償給予的業務，營收及獲利可逐月增加，逐漸脫離低谷。,"[['EPS', '達', '9917中保'], ['營業淨利', '爲', '18.73億元'], ['稅前淨利', '爲', '18.54億元'], ['EPS ', '達', '3.42元'], ['主因', '有', '國產建材實業'], ['去年', '有', '國產建材實業'], ['中保', '指出', '人力成本最低工資增加'], ['等社區用戶', '開始', '找尋解套方式'], ['找尋解套方式', '簡化', '人力'], ['中保', '開始', '佈局'], ['防災營業項目', '含', '等系統'], [' 10 月', '營收', '累計'], ['亮麗表現', '負責', '停車場業務'], ['國雲停車場', '均有', '亮麗表現'], ['國雲樓管', '在', '新北市路邊停車場'], ['日盛', '保全於', '結束營業']]"
0,20181114_182,"宏達電VR結合藝術領域再傳捷報 協力法國橘園美術館展出莫內VR體驗宏達電 (2498)VR(虛擬實境) 結合藝術領域再傳好消息，宏達電今 (14) 日宣布 VIVE Arts 協力法國橘園美術館、首度展出印象派畫家莫內 VR 體驗「Claude Monet, The Obsession with Water Lilies」。透過互動式 VR 體驗帶參觀者走入莫內位於法國吉維尼小鎮的故居，探索莫內最終作品起源的睡蓮池花園，再到這幅作品的作畫地點，完全沉浸於莫內繪畫這個獨特作品的過程中。該作品同時也獲得第一次世界大戰百年集團認證為「百年經典」。HTC Vive Arts 總監張忠為表示，很高興參與橘園美術館的莫內 VR 體驗展，透過莫內 VR 體驗，全世界的觀眾可以栩栩如生地欣賞莫內的睡蓮和激發他靈感的美麗花園，並親臨他作畫的工作室。宏達電日前公布第三財報，第三季營業毛利率由第二季 2.7% 增加至 4.7%，是自去年第四季以來連續三個季度毛利率成長，營運費用審慎維持成本控管。而第三季每股虧損為 3.18 元。不過由於第一季受惠與 Google 交易 Pixel 團隊獲利入帳，累計前三季每股盈餘 (EPS) 達 20.01 元。而宏達電近期股價在 10 月 15 日跌至盤中低點 30.05 元後，一路反彈至昨 (13) 日盤中高點 46.55 元，一個月時間漲幅達 54.9%；而在今日最新出爐的 MSCI 最新一季度調整中，宏達電由原先的全球標準指數台股成分股中遭剔除，轉而新增至全球小型指數台股成分股名單中。","[['體驗宏達電2498', '結合', '藝術領域'], ['宏達電今', '宣佈', 'VIVE Arts 協力法國橘園美術館'], ['莫內', '位於', '吉維尼小鎮'], ['莫內', '繪畫', '獨特作品'], ['該作品', '獲得', '百年集團認證'], ['ViveArts總監張忠爲', '表示', '參與VR體驗展'], ['全世界觀衆', '欣賞', '莫內睡蓮'], ['第三季營業毛利率', '增加至', '4.7%'], ['營運費用', '維持', '成本控管'], ['每股虧損', '爲', '3.18 元'], ['宏達電', '遭', '剔除']]"
0,20181114_183,力達-KY第三季獲利季增20% 前三季每股盈餘6.46元力達 - KY(4552) 公布第三季財報數字，第三季稅後淨利為 2.52 億元，季增 20.2%，年減 5.5%，每股盈餘為 2.52 元；累計前三季稅後淨利為 6.46 億元，年減 6.8%，每股盈餘為 6.46 元。第三季合併營收為 19.65 億元，季減 8.8%，年減 11.3%，營業利益為 3.25 億元，季減 9.9%，年減 16.9%；業外部分受惠於匯兌迴轉利益大幅回沖，稅後淨利為 2.52 億元，季增 20.2%，年減 5.5%，每股盈餘為 2.52 元，營利率及稅後淨利率分別為 16.5%、12.8%。累計前三季合併營收為 60.06 億元，年增 0.3%，營業利益為 9.92 億元，年減 5.5%，稅後淨利為 6.46 億元，年減 6.8%，每股盈餘為 6.46 元。毛利部分，第三季毛利率為 23.2%，公司指出，原材料行情居高不下，但高階出貨比重持續穩定增加，第三季活塞機、螺桿機、渦旋機營收分別佔比 35.5%、48.6% 及 13.1%，且配合螺桿主機自製啟動，稍稍減緩成本上升影響，使毛利率能維持一定水準。10 月份產品比重，螺桿出貨比重正式突破 5 成，成長速度超過預期，力達對內完成新產品開發，11 月正式推出無油式渦漩機，將環保及效能機種的層次再向上提升，更適用於高端精密行業；對外積極拓展品牌力度、爭取外銷訂單，除加強與經銷商互動外，下半年積極參展各項空壓機及自動化設備大展，包含上海國際木工機械展、廣交會及上海壓縮機展等，配合中國各項提振內政策，盼能因應中美貿易戰之過渡時期。,"[['稅後淨利', '爲', '2.52億元'], ['每股盈餘', '爲', '2.52 元'], ['稅後淨利', '爲', '6.46億元'], ['每股盈餘', '爲', '6.46 元'], ['合併營收', '爲', '19.65億元'], ['營業利益', '爲', '3.25億元'], ['稅後淨利', '爲', '2.52億元'], ['每股盈餘', '爲', '2.52元'], ['營利率', '爲', '12.8%'], ['合併營收', '爲', '億元'], ['營業利益', '爲', '9.92億元'], ['稅後淨利', '爲', '6.46億元'], ['每股盈餘', '爲', '6.46 元'], ['第三季毛利率', '爲', '23.2%'], ['公司', '指出', '原材料行情居高不下'], ['第三季活塞機', '比', '48.6% '], ['成長速度', '超過', '預期'], ['除', '加強', '互動']]"
0,20181114_184,台泥第三季每股賺1.2元 前三季EPS 3.35元再創10年新高台泥 (1101) 受惠中國「錯峰生產、減量保價」政策，前三季水泥價平量漲，每公噸平均漲價幅度約 33%，第三季毛利率為 27%，EPS 為 1.2 元，累計前三季獲利更大增 2.22 倍，每股盈餘 3.35 元，再度創下過去 10 年的最好表現。由於第四季到明年第一季前屬中國的趕工期，除水泥需求大增，價格更持續上漲，將推波獲利進一步向上。台泥第三季合併營收 322 億元，與 2017 年同期相較，合併營收年增 39%，合併稅後純益及每股盈餘分別增加 140% 及 150%。合併稅前利益 83.35 億元，年增 140%，歸屬母公司稅後淨利 59.34 億元，年增 202%，每股盈餘為 1.20 元。累計今年前三季合併營收為 896.57 億元，稅後純益約 170 億元，年增 146%，營業毛利 246.65 億元，年增 97%，毛利率為 27%，歸屬母公司稅後淨利 159.44 億元，每股盈餘為 3.35 元，較 2017 年母公司稅後淨利與每股盈餘同期分別增加 222% 及 175%，每股盈餘更已大幅超越過去 10 年最佳獲利水準。台泥今年中國前三季出貨量大致每個月 450 萬公噸，與歷年持穩，但受惠中國政府「錯峰生產、減量保價」政策，每公噸平均出廠價比去年同期上漲 33% 之多，成為驅動獲利成長的最大動能。展望第四季，由於第 4 季到明年 1 月底進入中國的趕工期，水泥需求大增，目價格只漲不跌，11 月以來台泥華南兩廣地區的水泥出廠價每公噸再漲 20 元，華東地區每公噸漲 50 元，西南地區每公噸漲 50 元，第四季獲利有機會再創高峰。,"[['前三季EPS', '再創', '1101泥政策'], ['EPS ', '爲', '27%'], ['前三季獲利', '增', '2.22倍'], ['前', '屬', '中國'], ['每股盈餘', '爲', '1.20元'], ['合併營收', '爲', '159.44億元'], ['每股盈餘', '爲', '3.35元'], ['稅後淨利', '增加', '222%'], ['每股盈餘', '超越', '獲利水準'], ['平均出廠價', '成爲', '最大動能'], ['水泥出廠價', '漲', '20元'], ['每公噸', '漲', '有機會']]"
0,20181114_185,聯廣砸逾10億元併購兩家公司 拓展行銷版圖聯廣傳播 (8497) 董事會通過分別以 9.65 億元現金合併旺葆公司(間接取得安益國際展覽公司 70% 股權)、另以 1.05 億元併購米蘭營銷公司 75% 股權，總計砸下 10.7 億元，交易基準日與交割日暫定明年 2 月 1 日。聯廣總經理程懷昌表示，為追求規模化、多元化、成長性，聯廣會持續大規模併購，接下來聚焦人工智慧、物聯網、大數據、媒體等領域，現有 3、4 家標的企業洽談中。聯廣今年前三季營收為 18.65 億元，毛利 5.09 億元，毛利率 27.28%，營業淨利 1.38 億元，稅後淨利 0.97 億元、年增逾 42%，淨利超過去年整年，EPS 為 2.8 元，各項指標均優於去年同期，主要受惠於廣告及媒體贏得新客戶及深化既有品牌主服務，以及會展子公司光洋波斯特大案挹注，在成本及流程控管得宜下，毛利率增加 2.45%。其中，先勢行銷傳播集團自 10 月起才加入聯廣集團旗下，聯廣持股 70%，聯廣第四季財報將追溯調整併入先勢全年獲利及淨利，去年先勢賺 3000、4000 萬元，今年大致維持這個水準。法人估，聯廣集團今年 EPS 上看 4 元。聯廣指出，安益國際展覽是台灣會展活動集團，資本額 0.58 億元，旗下事業橫跨 MICE 產業全領域，包括安益國際展覽、優識國際公關顧問、茵康國際會議顧問、高雄展覽館等 4 家公司，曾籌辦 2009 年高雄世運、2017 年台北世大運開閉幕式，近年更積極開發各縣市政府節慶活動、城市交流活動等商機。除了會展及活動業務外，安益國際展覽也於 2013 年取得高雄展覽館營運權 12.5 年，為台灣首度經營國家級會展中心的民間企業，安益國際展覽同時自創會展品牌，投資開發新型態展覽，包括亞洲樂齡智慧生活展、頂級生活展，安益國際展覽 2017 全年度獲利逾 1 億元，2018 年前三季自結營收逾 4 億元，獲利約 5000 萬元。米蘭營銷是台灣數位行銷品牌，實收資本額 0.4 億元，除了廣告、媒體代理商，也跨足多媒體領域，客戶群橫跨眾多產業，從汽車、美妝、酒精性飲料、運動、快速消費品、3C 到電商，外商比重高。米蘭營銷積極發展技術，在 AR、VR 領域投入許多資源 2017 年營收約 2 億元，營收來源以數位科技為主的製作收入，較原聯廣整體的毛利率高。因應集團由眾多指標品牌結合而成，聯廣董事會也通過將公司名稱變更為「格威傳媒股份有限公司」，匯集聯廣傳播、光洋波斯特、先勢行銷傳播、安益國際展覽及米蘭營銷等 5 大品牌，串連線上及線下的行銷模式，發揮綜效。,"[['聯廣', '砸逾', '兩家公司'], ['聯廣總經理程懷昌', '表示', '持續'], ['前三季營收', '爲', ' 億元'], ['各項指標', '優於', '去年同期'], ['深化', '既有', '主'], ['毛利率', '增加', '2.45%'], ['行銷傳播集團', '加入', '聯廣集團旗下'], ['聯廣第四季財報', '追溯', '調整'], ['聯廣', '指出', '安益國際展覽是臺灣會展活動集團'], ['安益國際展覽', '是', '臺灣會展活動集團'], ['旗下事業', '橫跨', '全領域'], ['安益國際展覽', '取得', '年權'], ['首度', '經營', '會展中心'], ['安益國際展覽', '自創', '會展品牌'], ['米蘭營銷', '是', '行銷品牌'], ['客戶羣', '橫跨', '衆多產業']]"
0,20181114_186,中鋼、世紀鋼大啖風機水下基礎建設商機 新光鋼、中鋼構亦將受惠離岸風電開發商近來加速推動供應鏈在地化，其中陸續與負責水下基礎建設的中鋼 () 集團、世紀鋼 () 等簽約，由於一套水下基礎建設單價不斐，可望挹注相關鋼廠營運表現，而相關協力廠商新光鋼、中鋼構亦可望受惠。據了解，風電開發商明 (15) 日前需繳交離岸風電產業關聯方案，開發商必需通過國產化審查，申請電業籌設許可，才可與台電簽署購售電合約 (PPA)、適用於今年的躉購費率 5.8 元。中鋼與子公司興達海基 12 日與沃旭能源 (Ørsted) 簽署管架式水下基礎供應合約，將供應 56 座水下基礎給沃旭大彰化東南及西南離岸風場，世紀鋼日前也與哥本哈根基礎建設基金 (CIP) 簽署價值 165 億元的水下基礎供應合約，將負責 CIP 彰芳、西島 2 座離岸風場共 60 座的水下基礎建設。今日在離岸風電題材發動下，世紀鋼再度走揚，最終場漲勢收斂，但依舊有 3.5% 的漲幅，而與持有世紀鋼股份並與其策略合作的新光鋼，更大漲 6.7%，而中鋼集團中的中鋼構也上漲 2%，惟中鋼因近來外界對將開出第一季盤價看法觀望，今日表現較弱勢。以目前來看，市場預估開發商與供應鏈簽署的合約中，大復院主要是原料採購的部分，而水下基礎建設與基樁相比，價格可能多出數倍，未來也可望為相關供應鏈帶來爆發性的營運成長。,"[['離岸風電開發商', '加速', '推動地化'], ['與', '負責', '基礎建設'], ['開發商', '通過', '國產化審查'], ['中鋼', '簽署', '合約'], ['大復院', '是', '採購部分']]"
0,20181114_187,解決資訊孤島困境 中信銀結盟7外商銀開發區塊鏈技術銀行積極將業務導入區塊鏈，中信金旗下中信銀行今 (14) 日宣布，與 7 家外商銀行合作，以 R3 區塊鏈聯盟 Corda 技術開發「Voltron」貿易融資解決方案，用區塊鏈技術提升信用狀交易效率，預計明 (2019) 年第 1 季進行客戶測試。區塊鏈聯盟 Corda 技術開發「Voltron」貿易融資方案，成員包括滙豐銀行（HSBC）、荷商安智銀行（ING）、渣打銀行（Standard Chartered）、法國巴黎銀行（BNP Paribas）、國民西敏寺銀行（NatWest）、瑞典北歐斯安銀行（SEB）、泰國盤谷銀行（Bangkok Bank）等 7 家國際銀行，中信銀是團隊中唯一台資銀行。為讓企業客戶有更順暢的貿易流程體驗，中信銀行今（2018）年 6 月與國內合作夥伴率先完成區塊鏈貿易融資概念性驗證後，進一步攜手國際銀行團，10 月底於新加坡與 R3、銀行團共同協作討論「Voltron」開放式區塊鏈貿易融資平臺未來經營與管理方針。中信銀表示，企業客戶於「Voltron」平台作業，可透過單一、簡化並開放的管道，與其合作銀行及貿易夥伴建立聯繫，簡化信用狀相關流程，在開放網絡直接發行信用狀和提示文件，將過去紙本傳送的流程數位化，提高作業效率。傳統貿易融資宛如「資訊孤島」，相關交易資訊易侷限於個別網絡或資訊源，各貿易參與方須耗費大量人力及時間，取得、處理及核實交易資訊，「Voltron」平臺將解決以往「資訊孤島」的困境，各交易參與方在隱私權被保障的情況下，將資訊與貿易夥伴分享，提升貿易融資的整體效率。舉例來說，如果兩地企業展開近洋航程貿易，透過區塊鏈貿易融資平臺進行信用狀相關流程，作業時間可縮短 2 至 4 天，「Voltron」亦與數位貿易文件技術廠商串接，外部網絡具法律效力的貿易文件可透過此平臺發送、處理和驗證，增加適用的交易類型，擴展產品應用。中信金為發展區塊鏈，在 2016 年成立區塊鏈實驗室，並在跨業、跨境的數項區塊鏈專案取得成果，包括今年 1 月與 KKFARM（科科農場）合作商轉推出將區塊鏈技術應用於音樂產業的智慧版權發行平台。,"[['客戶測試', '解決', '孤島困境'], ['外商銀開發區塊鏈技術銀行', '導入', '區塊鏈'], ['貿易融資方案成員', '包括', '等HSBC'], ['中信銀', '表示', '透過與其合作銀行'], ['傳統貿易融資', '宛如', '資訊孤島'], ['各貿易參與方', '耗費', '大量人力'], ['Voltron平臺', '解決', '孤島困境'], ['兩地企業', '展開', '航程貿易'], ['貿易文件', '透過', '此平臺'], ['中信金', '爲', '發展區塊鏈'], ['區塊鏈技術', '應用於', '音樂產業']]"
0,20181114_188,特力拿下韓WINIX空氣清淨機台灣代理權 Q4家電銷售添新動能特力集團 () 今 (14) 日宣布，旗下子公司特家取得韓國知名品牌 WINIX 空氣清淨機台灣獨家代理權，為家電事業體再添生力軍，已在全台特力屋、HOLA 門市、量販賣場和各大網購中心上架，隨著近期空氣汙染和換季過敏的議題發酵，為第 4 季銷售再添新動能。特家家電品牌部協理李嘉惠表示，台灣每年 10 月至隔年 5 月由於東北季風或大陸冷氣團南下，將中國霾害帶到台灣，是空氣品質較差的時節，再加上廢核和增加火力發電趨勢，預期消費者未來對空氣清淨的需求將大幅提升。據市調統計，全球住宅用空氣清淨機市場預計自 2016 年到 2020 年間，年複合成長率為 6.05%，由於 WINIX 在韓國家電市場享有高市占率，特家看好引進其旗下全系列空氣清淨機，將出現一波購買潮。特力今年第 3 季和前 3 季獲利均與去年同期持平，儘管和樂中國因關閉昆山和北京永旺兩間店，產生一次性費用，虧損較去年同期增加，不過，其他事業體均成長，有效抵銷負面因素。其中，貿易事業第 3 季稅後純益 1.59 億元，年增 4%，而台灣零售第 3 季稅後純益 1.03 億元，年增 21%，主要是受惠於台灣零售調整產品銷售組合，並投入持續自有品牌發展，有效提升產品毛利率。特力說明，面對年金改革的衝擊，轉以加強瞄準年輕世代需求和新型態購物習慣，日前推出全新品牌「hoi」，強打好設計、好價錢和好服務，並串連線上與線下，未來成長值得期待。截至 9 月底，特力台灣擁有特力屋實體門店 27 家、和樂台灣 26 家，Crate&Barrel 實體店 2 家；而和樂中國實體門店總計 24 家。,"[['旗下子公司特家', '取得', '獨家代理權'], ['特家家電品牌部協理李嘉惠', '表示', '帶'], ['和', '增加', '火力發電'], ['空氣清淨機市場', '預計', '複合成長率爲'], ['WINIX', '享有', '佔率'], ['特力', '說明', '加強瞄準世代需求'], ['未來成長', '值得', '期待'], ['特力臺灣', '擁有', '27家門店']]"
0,20181114_189,樺漢擬籌資辦現增與發可轉債 每股純益恐遭稀釋鴻海 () 集團旗下工業電腦廠樺漢 ()，第 3 季雖然獲利亮眼，本季及明年展望也不看淡，外資也給予買進評等，但公司擬辦理 600 萬股現金增資，及上限 60 億元的可轉換公司債 (CB)，外界擔憂恐稀釋每股純益表現，今(12) 日股價盤中重挫逾 5%，最低來到 222.5 元。樺漢昨 (13) 日宣布，董事會通過決議辦理現金增資發行新股 600 萬股，以及發行總面額上限 60 億元，國內第三次無擔保公司轉換債，因應海外第一次無擔保轉換公司債 (ECB)，暨國內第二次無擔保轉換公司債，持有人執行賣回權所衍生之還本及利息補償金資金需求。法人推估，樺漢發行新股後，恐稀釋每股純益約 8%，轉換債方面，若以今 (14) 日平盤價 236 元計算，並全數轉換的情況下，對每股純益稀釋可達 30%，將影響每股純益表現，也導致樺漢今日盤中一度下挫逾半根跌停。不過，展望未來，樺漢認為第 4 季在併購效益逐漸顯現，以及認列營業費用等短期成本好轉，營收估將呈現高個位數季增，營益率可望持穩第三季的 4.6%，明年在完全認列帆宣下，旗下 S&T 品牌業務毛利率提升下，營收獲利表現可望續強。樺漢第三季營收 199.81 億元，季增 36.2%、年增 68.1%，毛利率 20.9%、營益率 4.6%，季增 2.1 個百分點、年減 0.1 個百分點，稅後純益 3.35 億元，季增 31.5%、年增 19.5%，每股純益 4.35 元，累計樺漢前三季營收 454.79 億元，年增 130%、稅後純益 7.96 億元，年增 2%，每股純益 10.38 元。,"[['樺漢', '擬', '籌資辦'], ['樺漢', '宣佈', '董事會辦理60億元新股'], ['董事會', '辦理', '60億元新股'], ['擔保公司', '轉換', '債'], ['持有人', '執行', '賣回權'], ['法人', '推估', '導致樺漢下挫'], ['樺漢', '發行', '新股'], ['樺漢', '認爲', '併購效益等顯現'], ['營收估', '呈現', '位數季持第三季增'], ['每股', '增', '19.5%']]"
0,20181114_190,二大上市保全前3季EPS比拚 中保3.42元 新保1.8元兩大保全業中保 () 及新保 () 正逐步調整業務內容，以因應人力成本走揚的壓力，新保今 (14) 日公布最新財報顯示，前 3 季稅後純益 6.87 億元，年減 9.4%，每股純益為 1.8 元。中保則在昨日公布財報，第 3 季稅後純益 5.14 億元，季增 9.25%，年增 1.99%，每股純益為 1.16 元；累計前 3 季稅後純益為 15.1 億元，年減 15.84%，每股純益為 3.42 元。新保第 3 季營收為 17.72 億元，毛利率為 32.86%，季減 0.23 個百分點，年減 2.51 個百分點，稅後純益為 2.69 億元，季增 0.14%，年減 2.65%，單季每股純益為 0.71 元；累計前 3 季營收 52.49 億元，毛利率為 33.08%，年減 0.93 個百分點，後純益 6.87 億元，年減 9.4%，每股純益為 1.8 元。雖然兩大保全業前 3 季財報稅後純益均較去年同期下滑，但中保主管指出，中保前 3 季稅後純益 15.1 億元，較去年衰退是因去年認列國產 () 出售土地利益及處分台灣視訊蘇州廠資產，估達 4.4 億元，墊高比較基期因此出現年衰退。若扣除去年 4.4 億元業外獲利，今年前 3 季本業獲利已較去年同期成長。中保最新財報顯示，第 3 季營收 33.14 億元，毛利率 36.26%，季減 0.56 個百分點，年增 0.44 個百分點，稅後純益 5.14 億元，季增 9.25%，年增 1.99%，每股純益為 1.16 元；累計前三季營收 98.86 億元，毛利率 36.65，年增率 0.65 個百分點，稅後純益為 15.1 億元，年減 15.84%，每股純益為 3.42 元。中保主管指出，受到人力成本最低工資、時薪及勞健保逐年增加，多數社區、辦公大樓等用戶為減少成本衝擊，開始找尋簡化人力的解套方式，中保去年底即開始佈局，推出「中保無限＋智慧樓管方案」即所謂「換警專案」，透過物聯網服務系統，取代傳統駐衛警的人力，中保無限＋推出後，客戶數穩定成長，目前即將突破 6 萬戶。,"[['每股純益', '爲', '1.8 元'], ['中保', '公佈', '財報'], ['年', '增', '1.99%'], ['每股純益', '爲', '1.16 元'], ['純益', '爲', '15.1億元'], ['每股', '爲', '3.42 元'], ['稅後純益', '爲', '2.69億元'], ['每股', '爲', ' 0.71 元'], ['每股', '爲', '1.8 元'], ['中保主管', '指出', '15.1億元'], ['去年衰退', '是', ')出售土地利益'], [')', '出售', '土地利益'], ['最新財報', '顯示', '33.14億元'], ['年', '增', '個百分點'], ['年', '增', '1.99%'], ['每股純益', '爲', '1.16 元'], ['稅後純益', '爲', '15.1億元'], ['每股', '爲', '3.42 元'], ['中保主管', '指出', '人力成本最低工資增加'], ['等社區用戶', '開始', '找尋解套方式'], ['找尋解套方式', '簡化', '人力'], ['中保', '開始', '佈局']]"
0,20181114_191,敬鵬改善製程 毛利率將在Q4回升敬鵬 () 4 月桃園平鎮廠 P2、P3 廠發生大火，至今現場仍遭部分封鎖，公司前 3 季財報出爐，稅後純益 79 萬元，已達損益兩平，本業營運及獲利將走出第 3 季谷底，隨著原本 P2、P3 廠調配產能的問題逐步解決，第 4 季毛利率將走穩，明年第 1 季將回到常軌，另外泰國 DRACO 廠虧損也在明顯縮減，整體營運將逐步向上。敬鵬汽車板產量占全球市場超過 1 成，第 3 季營收 49.66 億元，毛利率 11.22%，季減 0.45 個百分百分點，年減 2.42 個百分點，稅後純益 4.8 億元，較第 2 季轉虧為盈，年減 1.62%，單季每股純益 1.21 元。敬鵬累計前 3 季營收 157.59 億元，毛利率 10.71%，年減 3.69 個百分點，稅後純益 79 萬元，已呈現獲利。敬鵬主管指出，第 3 季毛利率下滑到 11.22%，是因平鎮廠 P2、P3 廠損失 15% 產能並進行調配，調配過程中發生間產能不相匹配的問題，在公司進行調整之後，此問題在第 4 季可望獲得抒解，並可望在明年第 1 季引導至正常表現。也就是說，敬鵬毛利率可望在第 4 季脫離 11.22% 谷底逐步回升，明年第 1 季回到常態。敬鵬在前 3 季財報中已認列平鎮廠 P2、P3 廠發生火警的財產損失 12.11 億元，估全部獲得保險理賠金額將在 8.2 億元到 13 億元之間，敬鵬第 3 季已收到理賠金額 3.5 億元，並認列在第 3 季財報中。公司指出，平鎮廠 P2、P3 廠發生火警之後，目前仍有部分現場遭封鎖，無法完全進行現場清理或鑑定損失，第 4 季估沒有保險理賠的收入。至於敬鵬第 4 季營運，法人估營收將與第 3 季的 49.66 億元持平或向上。敬鵬泰國 DRACO 廠虧損也在明顯縮減中，認列的 DRACO 廠在第 3 季下降到 4500 萬元，低於第 1 季的 6500 萬元及第 2 季的 8800 萬元，整體營運將有激勵效果，敬鵬在完全掌握泰國 DRACO 廠的經營權後，也積極投入改善生產及設備。敬鵬說明，就前三季的產品應用比結構來看，汽車校占 70%，消費電子占 12%，工業控制占 12%，網通產品占 4%，其他為 2%。,"[['本業營運', '發生', '大火'], ['現場', '遭', '部分封鎖'], ['P2廠', '調配', '產能'], ['季將', '回到', '常軌'], ['汽車板產量', '佔', '全球市場'], ['毛利率', '年減', '個百分點'], ['敬鵬主管', '指出', '第 3季毛利率滑'], ['第 3季毛利率', '滑到', '11.22%'], ['公司', '進行', '調整'], ['此問題', '獲得', '抒解'], ['敬鵬', '認列', '平鎮廠廠'], ['獲得保險理賠金額', '收到', '3.5億元金額'], ['公司', '指出', '有部分遭封鎖'], ['P2廠', '發生', '火警'], ['部分', '遭', '封鎖'], ['整體營運', '有', '激勵效果'], ['敬鵬', '投入', '生產'], ['敬鵬', '說明', '校佔'], ['汽車', '校佔', '70%'], ['消費電子', '佔', '12%']]"
0,20181114_192,台股盤中—權值股撐盤無力 9800點關卡得而復失 力拚站穩月線之上台股今 (14) 日受到美股科技股反彈帶動，早盤台積電強勢領軍，股價開高站回 9800 點關卡，惟可成、和碩等蘋概權值股表現仍弱勢，加上傳產權值股台塑四寶未能發揮撐盤力道，指數上攻 9800 點後遇反壓拉回，盤中一度由紅翻黑，維持平盤附近震盪格局，力拚站穩月線之上，預估今日成交量約 1070 億元。台股今日開盤上漲 23.85 點，以 9799.69 點開出，盤中最高點來到 9823.25 點，最低來到 9763.89 點；櫃買市場今日表現相對強勢，股價開高走高，以 117.93 點開出後，盤中最高來到 119.03 點。電子三雄部分，台積電為三雄中表現最強勢者，股價開高走高，盤中上漲約 1.3%，來到 230.5 元，力拚站回月線；大立光今日股價開低走低，盤中下挫逾 1.25%，來到 3160 元，跌破 5 日線；鴻海今日則是開高走低，在平盤上下震盪，盤中下挫 0.4%，來到 74.1 元。MSCI 指數編纂公司今日公布成分股半年度調整，台股在全球標準型指數新增大同 1 檔，並剔除 GIS-KY、宏達電、旺宏、東元 4 檔，轉進全球小型指數成分股。受此消息影響，大同盤中上漲 0.66%，GIS-KY 在平盤附近震盪，宏達電下挫逾 0.7%，旺宏下挫逾 1.8%，東元跌幅最重、達 2.57%。美國總統川普於推特發文表示，石油輸出國家組織 (OPEC) 不該減產，衝擊國際油價走勢，使國際油價連續 12 個交易日收黑，創下最長跌勢，布侖特原油跌破 70 元關卡，收在每桶 68.56 美元，受此利空消息拖累，台塑四寶今日股價表現弱勢，台塑、南亞均在平盤附近震盪，台化下挫 0.94%，台塑化大跌 2.65%，中石化、華夏也有超過 1% 的跌幅。以上市族群來看，觀光族群最為強勢，上漲 1.8%，其次為運輸族群，表現最弱勢的為油燃指數，下挫逾 2.9%；櫃買市場以鋼鐵族群最強勢，漲幅逾 2.1%，盤中在平盤之下的族群僅觀光與航運族群。國泰證期分析師蔡明翰指出，台股受到昨日美科技股反彈帶動，加上櫃買族群相對強勢、稍微止貶回升，三因素帶動台股走揚，在平盤附近震盪，但中長線格局來看，整體科技股架構仍偏弱，且美元還是維持強勢，短線指標偏多，而中長線受美中貿易戰影響的個股，維持保守格局，後續仍須留意拉回的可能性。,"[['站穩月線之上臺股', '受到', '美股科技股反彈帶動'], ['積電', '領', '點關卡'], ['加上傳產權值股臺塑四寶', '發揮', '撐盤力道'], ['指數', '攻', '9800'], ['臺股', '上漲', '23.85點'], ['盤中', '來到', '119.03點'], ['積電', '爲', '表現最強勢者'], ['力', '回', '月線'], ['鴻海', '開', '高'], ['編纂公司', '公佈', '半年度調整'], ['標準型指數', '新增', ' 1檔'], ['於推特發文', '表示', '在'], ['石油輸出國家', '組織', '70元關卡'], ['臺塑', '在', '68.56美元'], ['今日股價', '表現', '弱勢'], ['華夏', '也有', '超過 1%跌幅'], ['弱勢的', '爲', '油燃指數'], ['漲幅', '逾', '2.1%'], ['臺股', '受到', '反彈帶動'], ['三因素', '帶動', '臺股走揚'], ['中長線受美中貿易戰影響個股', '維持', '保守格局'], ['後續', '留意', '拉回可能性']]"
0,20181114_193,〈MSCI調整〉中小型股指數 台股多達41檔個股遭踢除MSCI 今 (14) 日公布半年度成分股調整，台股在全球標準指數中，有 4 檔遭剔除，僅新增 1 檔個股，在小型指數部分則新增 9 檔、刪除 41 檔，本次調整將在 30 日盤後生效。根據 MSCI 公布資料，本次遭剔除全球小型指數台灣成分股多達 41 檔，包括大同、宏捷科、凌華、亞聚、明泰 、奇鋐、智崴、英利 - KY、金居、神盾、聯鈞、精英、敦泰、碩禾、智伸科 、大華、榮剛、廣華 - KY 、和桐、胡連、皇翔、勝麗、中砂、健和興、敦南、皇田、中天、茂迪、新唐、振樺電 、三芳、訊芯 - KY、上緯投控 、鼎翰、同致、安成藥、堤維西、王品、永冠 - KY、永記、兆赫。但值得注意的是，大同雖從全球小型指數成分股遭剔除，但卻轉列入全球標準指數成分股。另外，在全球小型指數部分，台股本次新增，東元、大國鋼、世紀鋼、達方、GIS-KY 業成 、宏達電 、旺宏、勝一、泰博等 9 檔成分股。MSCI 每年 2 月、5 月、8 月與 11 月進行權重與成分股調整，其中 2 月與 8 月為季度調整，5 月與 11 月則為半年度調整，今天公布的調整將在 30 日盤後生效。,"[['除MSCI', '公佈', '半年度成分股調整'], ['臺股', '有', '剔除'], ['臺灣成分股', '多達', '檔'], ['值得注意的', '是', '轉列入全球標準指數成分股'], ['大同', '遭', '剔除'], ['東元', '業成', '檔成分股'], ['2月', '爲', '季度調整'], [' 月', '爲', '半年度調整']]"
0,20181114_194,【華冠投顧】盤中解析：狹幅震盪劉彥良 分析師美股漲跌互見，但反彈帶動台股開高，可惜陸股走弱扯後腿，把台股拉回平盤附近震盪。目前預估量不到 1100 億元，高低點相差僅 60 點，呈現量縮狹幅震盪。盤面上表現較強勢的為 PCB，以及節能相關的離案風電和太陽能族群，其餘個股則各自表現。令人意外的是，目前共有 20 檔個股攻上漲停，可惜多是成交量不高的冷門股，無法帶起市場人氣。弱勢股方面，本季能見度僅 20% 的華碩 (2357) 帶量下殺，包括宏碁 (2353)、英業達(2356) 也持續走弱破底，終端消費性電子產品拉貨疲弱，也預告景氣下滑的風險。台股目前在月線上徘徊，如果再撐幾天等月線扣抵值往前波低點，那麼月線即可翻揚推升台股挑戰空方缺口和季線，至於撐不撐得住就要看國際股市的表現了。※以上內容由華冠投顧 劉彥良分析師 整理提供，投資人於投資前請審慎評估，遵守紀律，嚴設停利停損。歡迎免費加入劉彥良老師的 Line 群組 ID： 詳細操作策略，請加入劉彥良 老師 Line 群組服務電話：(02)6630-3231華冠投顧官網：,"[['反彈', '帶動', '臺股開'], ['陸股', '扯', '後腿'], ['預估量', '不到', '1100億元'], ['強勢的', '爲', '離案風電'], ['令人的', '是', '是高冷門股'], ['投資人', '請', '審慎']]"
0,20181114_195,數字科技Q3本業獲利創高 每股賺3.97元 前3季賺逾1個股本數字科技 () 今 (14) 日公告第 3 季財報，第 3 季稅後純益 1.72 億元，季增 8.25%，年增 37.82%，本業獲利創新高，每股稅後純益 3.97 元；前 3 季稅後純益 4.84 億元，年減 6.43%，賺超過 1 個股本，每股稅後純益 11.18 元。數字科技第 3 季合併營收 4.02 億元，季增 11.26%，年增 9.46%，毛利率 79.88%，季增 0.57 個百分點，年增 4.8 個百分點，營益率 52.89%，季增 0.29 個百分點，年增 11.22 個百分點；稅後純益 1.72 億元，季增 8.25%，年增 37.82%，每股稅後純益 3.97 元。數字科技前 3 季合併營收 11.12 億元，年增 8.64%，毛利率 80.12%，年增 0.41 個百分點，營益率 52.68%，年增 8.02 個百分點；稅後純益 4.84 億元，年減 6.43%，每股稅後純益 11.18 元。數字科技指出，第 3 季香港 591 房屋交易品牌效益漸顯，加上 8591 適逢寶物交易旺季，且數款經典遊戲推出手遊，帶動交易成長，激勵兩大旗艦平台 591 房屋交易、8591 寶物交易，營收雙創歷年同期新高，帶動第 3 季整體營收創新高。從第 3 季各平台營收占比來看，591 房屋交易營收佔比 52%，8591 寶物交易營收佔比 25％，518 人力銀行營收佔比 11％，8891 汽車交易營收佔比 8％，名品會營收佔比 4％。展望第 4 季，數字科技表示，除旗艦平台維持穩定成長態勢，香港 591 站穩當地市場後，8591 也將於 10 月在香港正式開站，且年底的購物旺季，可望拉抬名品會交易額。,"[['賺', '逾', '1個股本'], ['賺', '超過', '1個股本'], ['年', '增', '個百分點'], ['營益率', '季增', '個百分點'], ['年', '增', '37.82%'], ['營益率', '增', '個百分點'], ['數字科技', '指出', '漸顯'], ['經典遊戲', '推出', '手遊'], ['數字科技', '表示', ' 開站'], ['旗艦平臺', '維持', '成長態勢'], ['香港591', '站穩', '當地市場']]"
0,20181114_196,日盛證券與乂迪生科技簽約   啟動上市櫃輔導計畫日盛證券與乂迪生科技正式簽訂上市櫃輔導契約，展開 IPO 上市櫃計畫，邁向資本市場之路。日盛證券表示，乂迪生科技在董事長廖本昌的帶領下，營運績效表現亮眼，多年來持續保持穩健財務結構，並於 2014 年登錄創櫃板。乂迪生科技擁有超越業界的 17 國線上外語學習課程，創建「心」學習時代，提供最有效的個人化學習新模式，未來更是將觸角延伸至國際市場。此次日盛證券與乂迪生科技攜手合作，透過日盛證專業豐富的承銷經驗，找尋資本市場適宜定位，將帶領乂迪生科技全力進入資本市場。日盛證券表示，乂迪生科技不間斷在產品內容、師資培訓、教學系統、服務品質上進行優化，研發的各項平台也獲得多項創新專利肯定，追求創新理念與日盛證券不謀而合。在今年第 15 屆國家品牌玉山獎中，日盛證券與乂迪生科技皆獲得「傑出企業類」及「最佳產品類」兩項大獎，日盛證券推出的「日盛 SMART－雲端智能條件交易 APP」更是獲得全國首獎。截至目前為止，日盛證券承銷主協辦的案件 38 件，在承銷業務上以專業持續深耕。運用過去輔導首家創櫃板公司登入上櫃之主辦經驗，期許再推薦第二家乂迪生科技邁入上櫃公司，成為特色性之企業進入資本市場處的推手。,"[['輔導計劃日盛證券', '簽訂', '輔導契約'], ['，', '邁向', '資本市場'], ['日盛證券', '表示', '營運績效表現'], ['乂迪生科技', '擁有', '外語學習課程'], ['乂迪生科技擁有外語學習課程', '超越', '業界'], ['日盛證券', '表示', '進行優化'], ['各項平臺', '獲得', '創新專利肯定'], ['日盛證券', '獲得', '兩項大獎'], ['智能條件交易APP', '獲得', '全國首獎'], ['特色性企業', '進入', '資本市場處'], ['特色性企業', '進入', '資本市場處']]"
0,20181114_197,〈MSCI調整〉台股三大指數同步遭降 個股新增大同 剔除4檔個股台股在本次 MSCI 調整權重中，三大指數權重皆遭到調降，個股部分則新增大同，刪除旺宏等 4 檔個股，相關調整 11 月 30 日收盤生效。台股本次在 MSCI 調整中，「MSCI 全球新興市場指數」權重由 11.73% 下調至 11.63%，調降幅度為 0.10%，「MSCI 亞洲除日本指數」權重由 13.58% 下調至 13.45%，調降幅度為 0.13%，在「MSCI 全球市場指數」權重由 1.30% 下調至 1.29%，調降幅度為 0.01%，台股三大指數同步調降。成份股方面，MSCI 本次成分股新增 1 檔，刪除 4 檔，指數成分股減少至 86 檔，並有 14 檔成分股調整在外流通股數，本次權重調升最多的，包括新增成分股大同，權重由 0% 提升至 0.39%，權重調降最多為刪除的成分股旺宏，權重由 0.20% 降至 0%。本次 MSCI 季度調整，以「MSCI 全球新興市場指數」來看，權重調升最多的是中國，權重增加了 0.43%，反觀台灣因遭刪除成分股高達 4 檔，合計權重佔當前指數 0.64%，導致調降權重最多，儘管本次新增成分股的權重僅占 0.39%，但扣除剔除成分股的自由流通市值後，台股整體自由流通市值仍明顯下降，使得台灣在「MSCI 全球新興市場指數」的權重由原先 11.73% 下降至 11.63%。元大摩臺基金經理人林良一表示，若美中貿易戰惡化將衝擊全球，則進一步連帶影響台灣的實質出口，且透過中國出口品在台灣的供應鏈影響並壓抑台灣經濟成長動能，後續重點需觀察月底的 G20 會議中川普與中國可否達成「很好的協議」以緩和貿易關係。,"[['新增大同', '剔除', '個股臺股'], ['指數權重', '遭到', '調降'], ['個股部分', '新增', '大同'], ['臺股本次', '下調', '全球新興市場指數'], ['臺股本次', '下調至', '11.63%'], ['調降幅度', '爲', '0.01%'], ['14檔成分股', '調整在', '外流通股數'], ['升的', '包括', '大同'], ['權重', '提升至', '0.39%'], ['權重調降', '爲', '成分股旺宏'], ['權重', '降至', '0%'], ['調權重升的', '是', '中國'], ['反觀臺灣', '遭', '刪除'], ['因', '遭', '刪除'], ['當前指數', '高達', '4檔'], ['本次', '新增', '成分股'], ['在權重', '下降至', '11.63%'], ['元大摩臺基金經理人林良一', '表示', '連帶'], ['美中貿易戰惡化', '衝擊', '全球'], ['連帶', '影響', '臺灣'], ['中川普', '達成', '很好協議'], ['中川普', '達成以', '緩和']]"
0,20181114_198,寶得利團客購物店轉戰海外有成 Q3終結連9季虧損團客觀光購物店業者寶得利 () 今 (14) 日公布第 3 季財報，單季稅後純益 118 萬元，終結連續 9 季虧損，每股純益 (EPS)0.01 元，寶得利說明，由於馬來西亞收入持續增加，樂觀看待第 4 季業績表現將優於第 3 季，力拚明年全年轉盈。寶得利前 3 季稅後虧損 3400 萬元，較去年同期虧 1.28 億元大幅轉好，每股虧損 0.25 元。受中國來台觀光人數下滑衝擊，寶得利自 2016 年第 2 季後轉為虧損，面對兩年來國內觀光旅遊市場低迷不振，轉戰海外，成功將在台灣過去的經營經驗複製到馬來西亞市場。寶得利在馬來西亞吉隆坡的 3 個據點，分別在 1 月底和 3 月試營運，試營運第 1 個月就開始獲利，主要因為公司掌握客源，與當地業者合作有成，目前每月約可接待超過 1000 團陸客團，近期更獲馬來西亞官方肯定，頒發最佳珠寶店的殊榮。寶得利在馬來西亞拓點已反映在營收上，第 1 季營收 2.53 億元、第 2 季 3.87 億元、第 3 季 3.19 億元，年增率分別達 101.9%、129.8% 和 159.8%，截至第 3 季底馬來西亞占整體營收比重已達 60%。展望第 4 季，寶得利樂觀看待，正值馬來西亞旅遊旺季，加上節慶送禮需求轉強，以及陸客團團質越來越好，馬來西亞 11 月上旬的營收較 10 月上旬成長超過 60%，處於持續成長趨勢，預期將會延續到年底。另一方面，針對虧損據點，寶得利強調瘦身完畢，因此，第 4 季本業轉正可期。寶得利已規劃於明年第 1 季在馬來西亞開出第 4 個據點，並接洽柬埔寨當地業者，將供貨給柬埔寨客戶，為海外收入再添動能。,"[['海外', '有成', '季財報'], ['季業績表現', '優於', ' 季'], ['寶', '虧損', '3400萬元'], ['每股', '虧損', '0.25 元'], ['觀光人數', '下滑', '衝擊'], ['寶得利', '在', '個據點'], ['公司', '掌握', '客源'], ['接待團陸客團', '超過', '1000'], ['，', '頒發', '珠寶店'], ['寶得利', '反映在', ' 億元'], ['年增率', '達', '129.8% '], ['馬來西亞', '佔', '整體營收'], ['馬來西亞', '佔', '整體營收'], ['馬來西亞佔整體營收比重', '達', '60%'], ['11 月上旬營收轉', '正值', '馬來西亞旅遊旺季'], ['寶得利', '強調', '瘦身'], ['寶得利', '規劃', '開出個據點']]"
0,20181114_199,窗簾廠慶豐富前3季純益成長逾26% 每股純益1.14元窗簾及家紡製品慶豐富 () 在下半年強勁訂單帶動下，第 3 季稅後純益達到 6403 萬元，累計前 9 月稅後純益達 1.79 億元，年增 26.62%，每股稅後純益達 1.14 元。慶豐富今 (14) 日盤前公布最新財報，第 3 季稅後純益 6403 萬元，季減 24.83%，年增 0.73%，累計前 9 月營收 32.81 億元，年增率 4.7%，稅後純益達 1.79 億元，年增 26.62%，每股稅後純益達 1.14 元。展望下半年，隨著進入歐美旺季，因此訂單已達今年年底。慶豐富也投入資金擴充產能，產品結構 76% 為窗簾產品，其餘為供應美系連鎖量販店紡織產品，在出貨窗簾產品中，以安全性能佳、市場接受度高的無拉繩窗簾類別占 9 成最高。法人指出，慶豐富下半年進入出貨旺季，營收將優於上半年，估今年下半年營收將較上半年成長 2 成，今年營收將再刷新歷史營收新高紀錄。,"[['純益成長', '逾', '26%'], ['年', '增', '26.62%'], ['每股', '稅後純益達', '1.14 元'], ['年', '增', '26.62%'], ['每股', '稅後純益達', '1.14 元'], ['訂單', '達', '今年年底'], ['慶豐富', '投入', '擴充產能'], ['產品結構76%', '爲', '窗簾產品'], ['其餘', '爲', '量販'], ['供應美系', '量販', '紡織產品'], ['無拉繩窗簾類別', '佔', '\xa09 成最高'], ['\xa09 ', '成', '最高'], ['法人', '指出', '營收優於上半年'], ['慶豐富', '進入', '出貨旺季'], ['營收', '優於', '上半年'], ['營收', '刷新', '歷史營收新高紀錄']]"
