,News,All,SVO
0,20190403_700,【運達投顧】多頭年抱波段股才是王道台股的四月天開始就相當不平靜，4 月 1 號一般人的記憶通常都是愚人節，而盤勢的走法也相當應景，開高後突然一波賣壓，原因可歸咎 4 架中國殲 11 戰機飛過海峽中線，消息出來也不少投資人懷疑是愚人節的假新聞，另外更有難得一見的鴻海拉上漲停，市場都在傳聞郭台銘競選總統的可能性。而整體仍然是做線意圖明顯，雖然大盤有所回落，但尾盤硬生生收上漲 1 點。這邊有個重要消息要提醒投資人，原本年報公佈最後時間是 3 月 31 號，但考量當天是假日的緣故，所以今年年報最後公佈時間移到了 4 月 1 號，受公佈數據影響的震盪會再持續一陣子。 上週我們提到，目前台股短線已經進入超買的狀況，除了長線抱波段的個股，建議投資人短打即可，一有風吹草動盡量先行撤退，之前紫東分析師有說過，2019 年是多頭年無疑，有抱股的股民，目前應該手中個股都是呈現獲利狀態，但仍然是要考慮手中個股目前的位階，以及每一支股票的股性。 這一週做價的主力在法人，所以投資人短打可以挑選法人連買，但融資餘額卻是明顯減少的個股，像是華通、京元電，但也不用過度戀棧，連拉並非外資正規軍的操作手法，還是要有居高思危的心態。 在這種盤勢下，反倒是波段長線個股，能夠耐的住震盪，後面都有高點可期，可以考量目前的位階及時間因素，之前紫東分析師也說過會陸續介紹三支，這三支我們都是之前就波段抱上來，走的不快但都相當穩建，其中兩支是中磊 (5388) 和技嘉(2376) ，已經和投資人介紹過了就不贅述，另外一檔是聚積(3527)，Mini LED 的訂單業績數字，第一波應該會落在今年的第三季，這就是考量時間因素後可以波段續抱的理由。 推薦個股: 中磊 (5388)、技嘉 (23760、聚積 (3527)運達投顧 黃紫東 策略分析師 ※投資人於投資前請審慎評估，遵守紀律，嚴設停利停損。,"[['抱波段股', '纔是', '平靜'], ['一般人記憶', '都是', '愚人節'], ['11戰機', '飛過', '海峽中線'], ['投資人', '懷疑', '是假新聞'], ['更有拉上漲停', '難得', '一見'], ['市場', '傳聞', '競選總統可能性'], ['整體', '做', '明顯'], ['大盤', '有所', '回落'], ['這邊', '有', '重要消息提醒投資人'], ['重要消息', '提醒', '投資人'], ['公佈最後時間', '是', '31號'], ['考量當天', '是', '假日緣故'], ['，', '受', '公佈數據影響'], ['我們', '提到', '即可'], ['臺股短線', '進入', '超買狀況'], ['長線', '抱', '波段'], ['，', '有', '抱股'], ['手中個股', '呈現', '獲利狀態'], ['做價主力', '在', '法人'], ['融資餘額', '卻是', '減少個股'], ['操作手法', '有', '居高思危心態'], ['後面', '有', '高點可期'], ['紫東分析師', '說過', '介紹'], ['我們', '抱', '和技嘉2376'], ['第一波', '落在', '今年第三季'], ['這', '就是', '抱理由'], ['黃紫東策略分析師投資人', '請', '審慎']]"
0,20190403_701,台股盤前—美股漲勢稍歇 指數連假前估盤整修正美股周二漲跌互見，終止連 3 漲，加上即將迎來連續 4 天的清明連假，分析師預估，台股今 (3) 日應呈現整理盤整格局。美國產資本財新訂單 2 月下滑，出貨量持平，市場再度擔憂經濟成長的問題，下跌 79.29 點，終止連 3 漲、上漲 19.78 點、標普微漲 0.05 點、也小漲 1.39 點。市場焦點方面，沉寂多時的彼特幣，今日凌晨突然出現大單買進，帶動價格一度大漲約 20%，重返 5000 美元關卡，也帶動 (Ether) 等其他飆漲，挖礦族族群能重啟漲勢，今天值得關注。鴻海印度布局逐漸成形，彭博引述消息人士指出，集團將在未來幾周內，於印度開始試產最新的 iPhone，鴻海這次是在位於清奈郊區的工廠，啟動之前進行試產 iPhone X 系列機種的所有生產線。全球第 4 大鐵礦公司、澳洲 Fortsecue 金屬集團 (FMG) 宣布，旗下 FMG 磁鐵礦公司將和國內台塑集團旗下部門，斥資 26 億美元 (約 806 億元)，對位於澳洲西部的磁鐵礦砂產區進行第二階段開發，台塑集團鋼鐵事業朝上游礦源整合再下一城。而光學鏡頭廠玉晶光今年擬斥資 18.82 億元添購機器設備，較去年大增 73%，也是 6 年來最大投資，市場認為可能為爭取蘋果今、明年新品預作暖身。大同集團財務危機連環爆，金管會公布大同集團在銀行曝險金額，整個集團授信餘額共 570 億元，其中華映、綠能因財務有問題，整個集團銀行提列呆帳準備至少 55 億元以上。主打蘋果西打的老牌飲料廠大飲，今 (3) 日被證交所要求停牌，並再度召開重訊，說明財報難產原因，大飲表示，為會計師針對關於不動產之評價是否合理，已委請專業公正第三方再行出具評估意見，強調公司營運並無問題。分析師指出，美股漲勢稍歇，亞股開盤普遍震盪整理，加上進入清明節連假，台股應也會呈現修正震盪，不過接下來 3 月營收、第 1 季財報公布，加上還有股東會前融券回補，有助整體上半年應能維持多頭走勢。,"[['分析師', '預估', '臺股呈現盤整格局'], ['臺股', '呈現', '盤整格局'], ['市場', '擔憂', '經濟成長問題'], ['挖礦族族羣', '重啓', '漲勢'], ['消息人士', '指出', '集團開始試產'], ['集團', '開始', '試產'], ['鴻海', '是', '位於清奈郊區工廠'], ['在', '位於', '清奈郊區'], ['FMG', '宣佈', '斥資'], ['廠玉晶光', '擬', '斥資'], ['市場', '認爲', '作暖身'], ['金管會', '公佈', '曝險金額'], ['集團銀行', '提列', '呆帳'], ['公司營運', '並無', '問題'], ['分析師', '指出', '美股漲勢歇'], ['臺股', '呈現', '震盪'], ['營收', '有助', '整體維持多頭走勢'], ['整體', '維持', '多頭走勢']]"
0,20190403_702,【運達投顧】行情路況短線仍往上 空間不大美股: 美股受能源類股走跌與企業財報表現不如預期等因素，下跌百餘點終場收斂跌幅，留下影線，終場美股下跌 79.29 點。(一) 美國 10 年期債券 4/25 殖利率達 3.03%，4/2 該殖利率收在 2.62%，持續觀察 變化，若 3% 成為常態，市場擔憂借款成本上升恐減緩經濟成長。3/22 美國 3 月期債券殖利率高於，殖利率曲線反轉。投資人視此為經濟即將衰退的訊號。 (二) 貿易戰:◇中美雙方是否對剩餘價值超過 2000 億美元的商品加徵關稅問題。美國同意暫不將關稅從 10% 提高到 25%，並且在接下來的 90 天裡，美中官員將繼續就技術轉讓、知識產權和農業方面擴大討論。美中兩國還未就他們同意或不同意的事項擬出草稿，而此舉將是 3 月之前能否達成協議的關鍵。此前美國總統川普表示，在 3 月之前，並不會與習近平會面。 ◇中美經貿談判進展順利、美國總統川普宣布延後原定 3 月 1 日對中國產品加徵收關稅 ◇路透報導指出，消息人士表示，雙方力求在 3 月 1 日前達成協議，基本大綱已開始在會談中提出。據稱，談判代表已針對結構性議題草擬六項了解備忘錄（MOU）：強制技術轉移、網路盜竊、知識產權、服務業、匯率、農業及貿易非關稅壁壘。 ◇美中貿易談判顯然已取得進展，並且積極的跡象顯示，川普與中國國家主席習近平可能會在 3 月底在美國會面。 ◇美國總統川普 3/7 指出，與中國的貿易談判進展順利，預期這世界前兩大經濟體間不是達成「良好協議」，就是沒有協議。 ◇中美貿易談判亦是市場長期關注焦點，外界預期川習峰會將延至 4 月舉行，近期傳出川習峰會可能會在 6 月舉行。 ◇最新一輪美中貿易談判將於週四 (28 日) 北京登場，美國總統川普表示，若與中方達成的協議不是「極好的協議」，他不會接受。 (三) 經濟數據: 美國商務部公布，2 月核心耐用品訂單月增 0.1%，遜於預估 0.3%。※運達投顧   高維緒分析師※投資人於投資前請審慎評估，遵守紀律，嚴設停利停損。,"[['走跌', '不如', '等預期因素'], ['3%', '成爲', '常態'], ['恐', '減緩', '經濟成長'], ['投資人', '視', '此'], ['2000億美元商品', '加', '關稅'], ['2000億美元商品', '加', '關稅'], ['美國', '同意', '提高'], ['美中官員', '擴大', '討論'], ['美中兩國', '擬', '出草稿'], ['此舉', '是', '達成協議關鍵'], ['能否', '達成', '協議'], ['川普', '表示', '會面'], ['加徵收關稅\xa0◇路透報導', '指出', '消息人士表示雙方力求達成協議'], ['消息人士', '表示', '雙方力求達成協議'], ['雙方', '力求', '達成協議'], ['基本大綱', '開始', '提出'], ['談判代表', '針對', '草擬六項'], ['\xa0◇美中貿易談判', '取得', '進展'], ['積極跡象', '顯示', '在'], ['川普', '在', '美國會面'], ['\xa0◇美國總統川普 3/7 ', '指出', '順利'], ['兩大經濟體間', '不是', '達成良好協議'], ['中美貿易談判', '是', '市場關注焦點'], ['市場', '關注', '焦點'], ['美國總統川普', '表示', '達成協議不是極好協議'], ['達成協議', '不是', '極好協議'], ['美國商務部', '公佈', '月增0.1%'], ['月', '增', '0.1%'], ['※運達投顧 \xa0 高維緒分析師※投資人', '請', '審慎']]"
0,20190403_703,【新光證券】盤前分析◆盤勢分析美中經濟數據漸入佳境，貿易談判樂觀，帶動國際股市續揚， 2 日台股亦開高，在光電、零組件、其他電子、機電及汽車股領漲下，大盤一度登上 10700 點關卡，可惜清明長假前投資人操作謹慎，獲利了結賣壓出籠，使得大盤漲幅萎縮，日線收黑，終場收在 10690.3 點，漲 47.67 點或 0.45%，成交額 1354.11 億元。 OTC 指數收在 140.75 點，漲 0.72 點或 0.51%，成交額 390.98 億元。雖然指數來到高檔位置，獲利了結壓力不輕，不過在資金行情簇擁下， 2 日台股順利連三天收漲，惟日量縮水逾 13%，所幸日 MACD 柱狀體由負轉正，技術面持續進步。籌碼方面，三大法人連三日同步買超，其中外資期現貨同步偏多操作。著眼於目前技術、籌碼、基本面逐漸轉佳，市場亦樂觀看待美中貿易談判，台股仍有機會逐步向上，選股方面留意產業市場落底回溫，股價漲幅落後族群波段操作。,"[['新光證券', '分析', '盤勢'], ['經濟數據', '漸入', '佳境'], ['投資人', '操作', '結'], ['億元1354.11成交額', '漲', ' 點'], ['指數收', '在', '140.75點'], ['指數', '來到', '高檔位置'], ['目前技術', '轉', '有機會'], ['市場', '看待', '美中貿易談判']]"
0,20190403_704,【永豐期貨】台指選擇權盤前－高檔追價意願降低 台股開高震盪小漲◆盤勢分析期貨走勢週二上漲 38 點至 10678 點。價差方面，逆價差擴至 - 12.3 點，電子期逆價差縮至 - 0.13 點，金融期轉為逆價差 - 0.88 點。現貨部分，三大法人買超 93.54 億元；而在淨部位方面，三大法人淨多單增加 1085 口至 28471 口，其中外資多單加碼且空單減碼，淨多單增加 1441 口至 60207 口；十大交易人中的特定法人全月份淨多單增加 4146 口至 21723 口。週一中國與美國新公布的製造業 PMI 都優於預期，市場樂觀情緒帶動美國股市走揚，週二亞洲股市也都呈現跳高開出，開盤後再度向上挑戰 10700 關卡，不過台積電開高走低，而隨著美股電子盤走跌，鴻海、國巨、國泰金、富邦金等權值股也都出現漲幅收斂。終場開高走平上漲 47.67 點或 0.45%，收在 10690.3 點。整體而言，今天陸股與美股電子盤呈現漲多後降溫態勢，使台股呈現高檔量縮，日內震幅縮至不到 50 點，因此雖然目前均線多頭排列且 KD 交叉，但上檔 10700 點賣壓稍重，投資人仍須留意追高風險。選擇權分析全月份未平倉量 put/call ratio 值由 1.54 升至 1.58，大於中性值 1，反應籌碼面為偏多架構。而外資與自營都呈現加碼賣出 Put 的操作方式。VIX 指數下降 0.32 至 13.32。多項選擇權籌碼面顯示市場樂觀情緒較高。明日適逢週選擇權結算，OI 最大量支撐壓力區縮窄至 10650~10700 點，且 10650~10750 三個履約價 call 的 OI 平均高達 2.5 萬口，因此若國際上未發生重大變動，結算行情呈現高檔震盪整理機會相對較大。   (永豐期貨研調) 本投資研究報告由永豐期貨股份有限公司版權所有，未經授權，禁止轉載節錄。本資料內容僅供參考，客戶應審慎考量本身之需求與投資風險，本公司恕不負任何法律責任，亦不作任何保證。,"[['永豐期貨', '臺指', '臺股開分析期貨走勢'], ['高檔', '追', '價'], ['臺股', '開', '分析期貨走勢'], ['38點', '至', '10678點'], ['金融期', '轉爲', '逆價差點'], ['三大法人', '增加', '1085口'], ['1441口', '至', '60207口'], ['4146口', '至', '口'], ['中國公佈製造業PMI', '優於', '預期'], ['樂觀情緒', '帶動', '美國股市走揚'], ['等鴻海權值股', '出現', '漲幅收斂'], ['開高走平', '上漲', '47.67點'], ['投資人', '留意', '追高風險'], ['反應籌碼面', '爲', '偏多架構'], ['外資', '呈現', '操作方式'], ['多項選擇權籌碼面', '顯示', '較高'], ['壓力區', '縮窄至', '點'], ['1065010750OI', '高達', '2.5萬口'], ['客戶', '考量', '本身需求'], ['本公司', '恕', '不負任何法律責任']]"
0,20190403_705,盤前財經大事搶先讀2019年4月3日台灣 3 月外匯存底美國 3 月 ADP 就業變動劉鶴抵美進行貿易談判兆豐金 () 昨 (2) 日召開第 4 季法說，去年稅後純益 280.93 億元，每股稅後純益 (EPS)2.07 元，法人關注今年現金股息是否高於去年的 1.5 元，兆豐金僅說，今年股利政策，不會讓股東失望。大同 () 集團旗下綠能、華映將接連下市，兩家公司約 31 萬股東手中股票都將成為廢紙，昨 (2) 日爆出大同集團整體負債高達 1854 億元，外界擔憂大同集團還有未爆彈，其整體曝險也備受矚目；對此，金管會統計，大同整個集團授信總額為 570 億元，其中包含華映、綠能授信，而國銀對華映、綠能已提列 51 億元備抵呆帳。4% 的高宣告利率保單絕跡，讓許多只聽信業務員「話術」而對宣告利率有迷思的投資人頓失所依，到底在沒有了高宣告利率後要怎麼挑保單？壽險公司主管表示，投保前，投資人應該搞懂 3 種利率，IRR(內部報酬率) 才是最重要數字。週二 (2 日) 國際貨幣基金組織總裁 (IMF) 拉加德 (Christine Lagarde ) 表示，鑑於聯準會更有耐心的貨幣政策和中國的刺激措施，儘管全球經濟已失去動力，但將避免經濟衰退。儘管 Fed 近日已投川普所好，停止升息與縮表，但仍止不住川普炮火，直罵 Fed 阻礙經濟和股市。單就過去一週，川普就三度痛斥 Fed 主席鮑爾 (Jerome Powell)，聲稱倘若不是 Fed 過去升息 3 次，經濟成長和股市的表現都會更好，美國預算赤字也會增加得少一點。,"[['法人', '關注', '1.5元'], ['現金股息', '高於', '去年'], ['是否', '高於', '去年'], ['兆豐金', '說', '股利政策讓'], ['萬股東手中股票', '成爲', '廢紙'], ['整體負債高達', '1854', '億元'], ['大同集團', '還有', '未爆彈'], ['整體曝險', '備受', '矚目'], ['金管會', '統計', '授信總額爲570億元'], ['授信總額', '爲', '570億元'], ['對華映', '提列', '億元備抵呆帳'], ['宣告利率', '有', '迷思'], ['宣告利率', '有', '迷思'], ['壽險公司主管', '表示', '投資人搞種利率'], ['投資人', '搞', '種利率'], ['IRR內部報酬率', '纔是', '重要數字'], [' Christine Lagarde', '表示', '聯準更有耐心貨幣政策'], ['聯準', '更有', '耐心貨幣政策'], ['全球經濟', '失去', '動力'], ['Fed', '投', '川普'], ['Fed', '阻礙', '經濟'], ['川普', '痛斥', 'Fed主席鮑爾']]"
0,20190403_706,【日盛投顧】盤前分析◆盤勢分析1. 美股在連三漲後，由於經濟數據無法緩和投資人對經濟成長的憂慮，週二收盤漲跌互見，惟僅有呈現小跌，、NASDAQ 與 SOX 仍是呈現上漲，美國四大指數短、中多格局不變。2. 國際股市持續上漲，週二台股延續週一漲勢，呈現開高走高、維持高檔強勢整理格局，各類股普遍上漲，電子表現相對強勁，終場指數上漲 47.67 點，漲幅 0.45%，收在 10690.30，成交金額稍稍萎縮至 1336.68 億元。3. 觀察台股技術面，台股於 3 月中旬突破走跌年線壓力，經過簡單的突破回測，長期均線年線已經從壓力轉為支撐，近三個交易日成交金額亦有明顯放大，再加上日 KD 指標在 50 附近隨即再度呈現交叉向上，台股短、中多格局仍在延續中。現階段上檔較大壓力區將落在去年第三季的頭部整理型態，頸線位置約在 10700 附近，整個頭部型態約在 10700-11200 附近，由於頭部型態壓力沈重，成交金額必須穩定增加，最好是 20 日均量能夠出現走揚，否則台股恐怕難脫年線 10400 附近至頭部頸線 10700 附近的區間整理格局。觀察台股籌碼面，外資 + 80.44 億元、投信 + 0.45 億元、自營商 + 12.65 億元，三大法人合計買超 93.54 億元。4. 觀察台股盤面結構，電子 + 0.64%、金融 + 0.25%、非金電 + 0.23%、櫃檯市場 + 0.51%，近兩個交易日電子股在權值電子股與個別族群帶動下，成為盤面表現最強勢的區塊，PCB、連接線器、IC 設計、網通、散熱、手機零組件、光學為主軸；金融股持續呈現整理格局，僅有個股表現，未來必需等待指數上攻，金融股才有跟進表現機會，否則仍是以整理格局機率居大。至於非金電，近期以水泥、機電、高股息殖利率股較值得留意。5. 在櫃檯市場部份，短期由於電子股表現亮眼，中小型電子股走勢亦有跟進，使得櫃檯市場指數創下波段新高，近期主要來自權值股 8299 群聯的貢獻，其它佔權值的 3105 穩懋、6488 環球晶、5347 世界若能跟上表現，推測櫃檯市場或有持續創高的機會。6. 在電子股部份，週二佔大盤成交比重達 69.41%，持續是盤面最強勢的區塊，權值股 2317 鴻海、2330 台積電、2357 華碩、2382 廣達表現依舊強勢，個別族群聚焦於 PCB、連接線器、IC 設計、網通、散熱、手機零組件、光學。PCB 指標股 2313 華通、3037 欣興、5340 建榮、8046 南電，操作上留意 2383 台光電、6552 易華電、4958 臻鼎 - KY；連接線器指標股 1582 信錦、3338 泰碩，操作上留意 3023 信邦、3533 嘉澤、3511 矽碼；IC 設計指標股 2379 瑞昱、6462 神盾、3527 聚積，操作上留意 2454 聯發科、2458 義隆電、8016 矽創；網通指標股 3704 合勤控、2345 智邦，操作上留意 3380 明泰、4977 眾達 - KY；散熱聚焦於 3653 健策、3483 力致、3324 雙鴻；手機零組件指標股 2354 鴻準、2474 可成、6121 新普；光學聚焦 3406 玉晶光、4915 致伸。7. 報載在工作天數及產能恢復正常下，3023 信邦公布 3 月營收為 15.21 億，月增 26.05%，年增 20.35%，創單月新高；第 1 季營收 40.55 億元，年增 14.66%，季增 4.83%，創單季新高，預期第 2 季業績將優於第 1 季。股價創高後拉回整理，仍然維持強勢，適度整理後有再攻空間。8. 在金融股部份，週二佔大盤成交比重僅有 3.34%，資金持續被電子股佔據，金融權值股 2881 富邦金、2882 國泰金持續弱勢，金融股僅有個股表現，例如 2801 彰銀、2880 華南金、2884 玉山金，操作上宜採個股應對。9. 在非金電部份，近期以水泥、機電、高股息殖利率股較值得留意，水泥股主要跟著中國大陸水泥股呈現上攻，1101 台泥、1102 亞泥皆有表現；機電股指標 1504 東元、1527 鑽全、1590 亞德客 - KY，操作上留意 2049 上銀；高股息殖利率相關個股週二稍有整理，惟盤堅格局不變，操作上留意股息殖利率達 8% 左右的個股，例如 5522 遠雄、5508 永信建、1540 喬福、2597 潤弘。,"[['日盛', '投顧', '盤前分析'], ['經濟數據', '緩和', '對憂慮'], ['收', '在', '10690.30'], ['成交金額', '萎縮至', '1336.68'], ['臺股', '突破', '跌年線壓力'], ['年線', '轉爲', '支撐'], ['成交金額', '有', '明顯放大'], ['日指標', '呈現', '交叉'], ['多格局', '在', '延續中'], ['壓力區', '落在', '頭部整理型態'], ['頸線位置', '在', '10700附近'], ['整個頭部型態', '在', '10700-11200附近'], ['20日均量', '出現', '走揚'], ['臺股', '脫', '整理格局'], ['三大法人', '買', '億元'], ['交易日電子股', '成爲', '爲主軸'], ['金融股', '呈現', '整理格局'], ['金融股', '有', '跟進機會'], ['金融股有跟進機會', '跟進', '表現'], ['電子股', '表現', '亮眼'], ['大盤成交比重', '達', '69.41%'], ['持續', '是', '盤面最強勢區塊'], ['個別族羣', '聚焦於', ' PCB'], ['連接線器指標股1582信錦', '留意', '3023信邦'], ['散熱', '聚焦於', '3653健策雙鴻'], ['季業績', '優於', ' 季'], ['週二', '佔', '大盤成交'], ['金融股', '僅有', '個股表現'], ['水泥股', '跟著', '中國大陸水泥股'], ['1101臺泥', '有', '表現'], ['2049', '上', '銀'], ['週二', '有', '整理']]"
0,20190403_707,【鉅亨-盤前掃瞄】技術面1.5 日均線 10610.59 點，10 日均線 10589.18 點，20 日均線  10479.11 點。2.6 日 RSI 為  91.06 12 日 RSI 為  70.35 。3.20 日乖離率為  2.02。,"[['日乖離率', '爲', ' \xa02.02']]"
0,20190403_708,【鉅亨-盤前掃瞄】基本面1.02 日交易日以 30.843 元兌 1 美元作收，收盤貶 4.2 分，成交值為  8.67 億美元2. 集中市場 02 日外資買超 80.4 億，投信買超  0.4 億元，自營商買超 12.6 億元。3. 集中市場 02 日融資餘額較前 1 日減少  1.50 億元，成為 1277.35 億元，融券餘額較前 1 日減少 3618 張，成為 570209 張。,"[['日交易日', '元兌', '美元作收'], ['自營商', '買超', '12.6億元'], ['日融資餘額', '減少', '1.50億元'], ['融券餘額', '減少', '3618張']]"
0,20190403_709,◆投信連續3日賣超個股投信連續 3 日賣超個股1. 投信連續賣超 3 日的股票(00632R) 元大台灣 50 反 1、 (2367) 燿華、 (9904) 寶成、 (2382) 廣達、 (2891) 中信金2. 投信連續賣超 2 日的股票(00632R) 元大台灣 50 反 1、 (9904) 寶成、 (2367) 燿華、 (2891) 中信金、 (3005) 神基3. 投信當日 (02) 賣超的股票(00632R) 元大台灣 50 反 1、 (9904) 寶成 、 (2891) 中信金、 (2104) 國際中橡、 (2367) 燿華,[]
0,20190403_710,◆投信連續3日買超個股投信連續 3 日買超個股1. 投信連續買超 3 日的股票(2317) 鴻海、 (3037) 欣興、 (2313) 華通、 (4958) 臻鼎 - KY、 (3711) 日月光投控2. 投信連續買超 2 日的股票(2317) 鴻海、 (2313) 華通、 (4958) 臻鼎 - KY、 (3037) 欣興、 (3711) 日月光投控3. 投信當日 (02) 買超的股票(2317) 鴻海、 (2368) 金像電、 (2313) 華通、 (3037) 欣興、 (3017) 奇鋐,"[['鴻海股票', '超', '.個股']]"
0,20190403_711,◆外資連續5日賣超個股外資連續 5 日賣超個股1. 外資連續賣超 5 日的股票(2888) 新光金、 (00677U) 富邦 VIX、 (2409) 友達、 (2891) 中信金、 (2882) 國泰金2. 外資連續賣超 4 日的股票(2888) 新光金、 (2409) 友達  、 (2891) 中信金、 (2882) 國泰金、 (2303) 聯電3. 外資連續賣超 3 日的股票(00677U) 富邦 VIX、 (2888) 新光金、 (2891) 中信金、 (2303) 聯電  、 (2409) 友達4. 外資連續賣超 2 日的股票(2888) 新光金、 (00677U) 富邦 VIX、 (2891) 中信金 、 (2409) 友達、 (2303) 聯電5. 外資當日 (02) 賣超的股票(2888) 新光金、 (2409) 友達、 (2002) 中鋼、 (2498) 宏達電、 (2412) 中華電,"[['外資', '賣', '日賣']]"
0,20190403_712,◆外資連續5日買超個股外資連續 5 日買超個股1. 外資連續買超 5 日的股票(3231) 緯創、 (00637L) 元大滬深 300 正 2、 (2317) 鴻海、 (00633L) 富邦上証正 2、 (3037) 欣興2. 外資連續買超 4 日的股票(2317) 鴻海、 (3231) 緯創、 (00637L) 元大滬深 300 正 2、 (00633L) 富邦上証正 2、 (2330) 台積電3. 外資連續買超 3 日的股票(2317) 鴻海  、 (00637L) 元大滬深 300 正 2、 (00633L) 富邦上証正 2、 (3231) 緯創、 (2330) 台積電4. 外資連續買超 2 日的股票(2317) 鴻海 、 (3037) 欣興 、 (3231) 緯創 、 (2330) 台積電、 (3481) 群創5. 外資當日 (02) 買超的股票(2317) 鴻海、 (3231) 緯創、 (3711) 日月光投控、 (00677U) 富邦 VIX、 (2337) 旺宏,"[['買', '超', '.個股']]"
0,20190402_713,投保法緊盯董監事內線交易 提告擬擴及興櫃、卸任也難逃為維護投資人權益及促進公司治理，金管會今 (2) 日預告「證券投資人及期貨交易人保護法」(投保法)修正案，將投保中心提告對象，從上市櫃董監，擴大到興櫃外，提告原因則擴大到內線交易、操縱股價；另外除了可對現任董監事提告，已卸任董監若涉案也逃不掉。本次修法首先，將興櫃公司董事或監察人，納入投保中心可以提起代表訴訟、解任訴訟之範圍。其次，參照金融機構遭解職在一定期限不能回鍋的規定，這次修法也新增「被訴之董事、監察人經裁判解任確定後，自裁判確定日起，3 年內不得擔任上市、上櫃或興櫃公司之董事或監察人」。投保中心提起代表訴訟、解任訴訟的事由，除董監事執行業務有重大損害公司的行為，此次修法亦包括內線交易及操縱股價等影響市場交易秩序的行為。此外，除了可對現任董監事提告外，也擴大到已卸任董監事。金管會將預告「證券投資人及期貨交易人保護法」修正案，預告 60 天，期間將舉行公聽會，聽取各界意見，其中，針對立委曾銘宗所提訴訟對象是否擴及公司總經理及職權相當之人，也將在公聽會時討論。金管會預計上半年完成草案，送行政院審議，在立法院 9 月下會期開議時送立法院審查，屆時法案溯及既往，即修法完成時仍未終結的訴訟案都適用新法。,"[['投保法', '緊盯', '告擬擴'], ['金管會', '預告', '提告對象'], ['修法', '納入', '投保中心'], ['投保中心', '提起', '代表訴訟事由'], ['此次修法', '包括', '影響交易秩序行爲'], ['等', '影響', '交易秩序'], ['已', '卸任', '董'], ['會', '預告', '證券投資人修正案'], ['訴訟對象', '擴及', '公司總經理'], ['是否', '擴及', '公司總經理'], ['金管會', '預計', '完成草案'], ['法案溯及既往', '即', '終結訴訟案適用新法'], ['終結訴訟案', '適用', '新法']]"
0,20190402_714,〈兆豐金法說〉IFRS 17大魔王讓壽險業成本壓力大增 公股金控暫時打消併購念頭公股金控為提升獲利表現，曾考慮併購壽險拓展事業版圖，但隨著壽險業匯損壓力增加，加上國際會計準則 IFRS 17 即將上路，讓公股金控暫緩併購壽險版圖的念頭，兆豐金 () 表示，目前暫無併購壽險的計畫。公股金控因缺乏壽險版圖，過去獲利總在民營金控之後，財金部會首長也曾公開表示，公股金控可以考慮增加壽險版圖，打造第二具獲利引擎，提升獲利表現，但隨著 IFRS 17 上路，壽險公司增資壓力、提存準備恐吃掉獲利，讓公股行庫心生警戒，暫時打消併購壽險的念頭。兆豐金今 (2) 日舉行第 4 季法說，會中法人提問，兆豐金是否打算併購壽險，拓展版圖、拉高獲利，金控總經理胡光華表示，從長線角度來看，增加壽險子公司打造獲利雙引擎是趨勢，但從目前市況來看，暫時不適合併購壽險，拓展版圖。胡光華指出，目前壽險業正面臨投資避險成本增加、匯損與利差損等問題，加上 IFRS 17 未來上路後，壽險業需要以公允價值評估，壽險業將面臨增資壓力，屆時壽險業的財務壓力，恐將成為包袱而非助力。胡光華說，目前可併購的合適對象不多，而且價格也是個問題，短期內不考慮併購壽險，但會加強與壽險公司的策略合作創造更多手續費收益，提升獲利。,"[['併購念頭公股金控', '爲', '提升表現'], [' )', '表示', '暫無併購計劃'], ['暫無併購計劃', '併購', '壽險'], ['財金部會首長', '表示', '公股金控考慮增加壽險版圖'], ['公股金控', '考慮', '增加壽險版圖'], ['兆豐金', '舉行', '第 4季法'], ['會中法人', '提問', '兆豐金打算'], ['金控總經理胡光華', '表示', '適合併購壽險'], ['增加獲利雙引擎', '是', '趨勢'], ['胡光華', '指出', '壽險業正面臨等增加問題'], ['壽險業', '正面臨', '等增加問題'], ['壽險業', '需要', '評估'], ['壽險業', '面臨', '增資壓力'], ['恐', '成爲', '包袱'], ['胡光華', '說', '加強'], ['價格', '也是', '個問題']]"
0,20190402_715,◆投信連續3日賣超個股投信連續 3 日賣超個股1. 投信連續賣超 3 日的股票(00632R) 元大台灣 50 反 1、 (2367) 燿華、 (9904) 寶成、 (2382) 廣達、 (2891) 中信金2. 投信連續賣超 2 日的股票(00632R) 元大台灣 50 反 1、 (9904) 寶成、 (2367) 燿華、 (2891) 中信金、 (3005) 神基3. 投信當日 (02) 賣超的股票(00632R) 元大台灣 50 反 1、 (9904) 寶成 、 (2891) 中信金、 (2104) 國際中橡、 (2367) 燿華,[]
0,20190402_716,◆投信連續3日買超個股投信連續 3 日買超個股1. 投信連續買超 3 日的股票(2317) 鴻海、 (3037) 欣興、 (2313) 華通、 (4958) 臻鼎 - KY、 (3711) 日月光投控2. 投信連續買超 2 日的股票(2317) 鴻海、 (2313) 華通、 (4958) 臻鼎 - KY、 (3037) 欣興、 (3711) 日月光投控3. 投信當日 (02) 買超的股票(2317) 鴻海、 (2368) 金像電、 (2313) 華通、 (3037) 欣興、 (3017) 奇鋐,"[['鴻海股票', '超', '.個股']]"
0,20190402_717,◆外資連續5日賣超個股外資連續 5 日賣超個股1. 外資連續賣超 5 日的股票(2888) 新光金、 (00677U) 富邦 VIX、 (2409) 友達、 (2891) 中信金、 (2882) 國泰金2. 外資連續賣超 4 日的股票(2888) 新光金、 (2409) 友達  、 (2891) 中信金、 (2882) 國泰金、 (2303) 聯電3. 外資連續賣超 3 日的股票(00677U) 富邦 VIX、 (2888) 新光金、 (2891) 中信金、 (2303) 聯電  、 (2409) 友達4. 外資連續賣超 2 日的股票(2888) 新光金、 (00677U) 富邦 VIX、 (2891) 中信金 、 (2409) 友達、 (2303) 聯電5. 外資當日 (02) 賣超的股票(2888) 新光金、 (2409) 友達、 (2002) 中鋼、 (2498) 宏達電、 (2412) 中華電,"[['外資', '賣', '日賣']]"
0,20190402_718,◆外資連續5日買超個股外資連續 5 日買超個股1. 外資連續買超 5 日的股票(3231) 緯創、 (00637L) 元大滬深 300 正 2、 (2317) 鴻海、 (00633L) 富邦上証正 2、 (3037) 欣興2. 外資連續買超 4 日的股票(2317) 鴻海、 (3231) 緯創、 (00637L) 元大滬深 300 正 2、 (00633L) 富邦上証正 2、 (2330) 台積電3. 外資連續買超 3 日的股票(2317) 鴻海  、 (00637L) 元大滬深 300 正 2、 (00633L) 富邦上証正 2、 (3231) 緯創、 (2330) 台積電4. 外資連續買超 2 日的股票(2317) 鴻海 、 (3037) 欣興 、 (3231) 緯創 、 (2330) 台積電、 (3481) 群創5. 外資當日 (02) 買超的股票(2317) 鴻海、 (3231) 緯創、 (3711) 日月光投控、 (00677U) 富邦 VIX、 (2337) 旺宏,"[['買', '超', '.個股']]"
0,20190402_719,〈兆豐金法說〉兆豐金每股可望配發1.6元現金股息 現金殖利率上看6%兆豐金 () 今 (2) 日召開第 4 季法說，去年稅後純益 280.93 億元，每股稅後純益(EPS)2.07 元，法人關注今年現金股息是否高於去年的 1.5 元，兆豐金僅說，今年股利政策，不會讓股東失望。法人推估，以兆豐金往年盈餘分配率 8 成估算，預估今年每股約可配發 1.6 元的現金股息，以兆豐金今天收盤價 27.85 元估算，現金殖利率約 5.7%。兆豐金去年稅後純益 280.93 億元，年增幅 9.2%，每股稅後純益 (EPS)2.07 元，法人關注今年現金股息是否可望超越去年每股 1.5 元。兆豐金對此回應，目前法定盈餘公積雖已達標準，無須再額外提列，但為厚實資本，因應未來風險，今年仍會繼續提存法定盈餘公積。大同旗下的華映與綠能兩家子公司因財務危機將陸續下市，也連帶波及銀行團授信品質，子公司兆豐銀對華映曝險餘額約 5 億元、綠能曝險逾額約 1.8 億元。兆豐銀表示，目前對華映 5 億元授信餘額已經全數提列備抵呆帳，綠能也已提列 1.2 億元，受到華映與綠能授信案影響，連帶弱化兆豐銀的資產品質，根據兆豐銀揭露資料，截至去年底呆帳覆蓋率還有 1120%，今年 2 月呆帳覆蓋率已經降至 851.39%，逾放比也從去年底的 0.14% 上升至 0.2%。兆豐銀去年的獲利動能來自於淨利息與手續費收益貢獻，其中淨利息 380.96 億元、年成長 6.2%，手續費主要靠財富管理挹注去年全年收益 96.59 億元、年增 1.4%。,"[['每股', '配發', '現金股息'], ['稅後純益', '280.93', ' 億元'], ['法人', '關注', '1.5元'], ['現金股息', '高於', '去年'], ['是否', '高於', '去年'], ['兆豐金', '說', '股利政策讓'], ['法人', '推估', '估算'], ['每股', '配發', '1.6元'], ['可', '配發', '1.6元'], ['法人', '關注', '超越1.5元'], ['兩家子公司', '下', '市'], ['兆豐銀', '表示', '5對華映億元授信餘額提列備抵呆帳'], ['5對華映億元授信餘額', '提列', '備抵呆帳'], ['綠能', '提列', '1.2億元'], ['獲利動能', '來自於', '淨利息收益貢獻']]"
0,20190402_720,"【華冠投顧】軋空軋到外太空，飆股《金光強強滾》！◆盤勢分析焦點個股：6182 合晶、2314 台揚、6239 力成、3406 玉晶光、2317 鴻海軋空軋到外太空，今天來到第三集！！恭喜買賺賺、開心賺、連環賺 ING……3/18 的 2317 鴻海集團的郭董 5G 領頭羊－2314 台揚…… 郭董的 5G 領頭羊果然厲害！！持續波波創高大漲！！【隔日 3/19 無私免費送 LUCKY 7 飆股郭董 5G 之王】〔24.3…28.25〕。3/29 免費請大家一起來賺證的 Only One 光學領頭羊－3406 玉晶光⊕⊕後，今日依然波波高、波波高〔360…411.5〕。3/29 通信 5G 領頭羊－3027 盛達也是連飆兩根漲停板⊕⊕後，今天再漲近 3% 創新高！！〔10…12.7〕。昨天請大家留意跌價 7 成後，止跌並打底完成的的半導體 NAND Flash 高價股－8299 群聯，及中價股 6239 力成，今天也悄悄創高預備備…… 昨天給大家的「矽晶圓銅板股」高配息領頭羊－6182 合晶，昨天小漲 2.71%，今天果然還是波波高開始大漲 4.09%...... 哈哈…… 真的成為矽晶圓最強的領頭羊囉…… 也波波高！！2019 真的是發 99、旺 99、開心 999、賺錢 9999……！全國會員賺證 ING…… 讓幸運星看上的光 + 5G + 矽晶圓 + 半導體 NAND Flash + 郭董領頭羊兒們波波高波波高…… 有錢大家繼續一起賺下去囉……昨日收盤大漲 329 點，上漲 2.49%。台股繼續軋空軋到外太空！！收盤上漲 47 點，成交量 1,336 億！！OTC 部分，果然在矽晶圓領頭羊 6182 合晶帶領下，整個族群轉強，使 OTC 漲 0.52% 再創波段新高，成交量 387 億。今日老師看到許多低基期的飆股開始金光強強滾 ING……※以上內容由華冠投顧 林幸蓉分析師 整理提供，投資人於投資前請審慎評估，遵守紀律，嚴設停利停損。","[['6182合晶臺揚', '到', '太空'], ['厲害', '恭喜', '賺'], ['3027盛達', '也是', '飆⊕後'], ['連', '飆', '⊕'], ['昨天', '給', '大家'], ['臺股', '軋到', '太空'], ['成交量', '387', '億'], ['老師', '看到', '低基期飆股開始強強滾由華冠投顧林幸蓉分析師整理'], ['低基期飆股', '開始', '強強滾由華冠投顧林幸蓉分析師整理'], ['由華冠', '投顧', '林幸蓉分析師整理'], ['投資人', '請', '審慎']]"
0,20190402_721,大同集團負債高達1854億元 授信曝險總額570億元大同 () 集團旗下綠能、華映將接連下市，兩家公司約 31 萬股東手中股票都將成為廢紙，今 (2) 日爆出大同集團整體負債高達 1854 億元，外界擔憂大同集團還有未爆彈，其整體曝險也備受矚目；對此，金管會統計，大同整個集團授信總額為 570 億元，其中包含華映、綠能授信，而國銀對華映、綠能已提列 51 億元備抵呆帳。大同集團八家上市櫃公司總資產 2220.19 億元，總負債卻高達 1584.39 億元，整體負債比由去年第 3 季的 65.27%，上升達 82%，現金及約當現金降到只剩 159.71 億元。金管會統計，全體國銀對大同集團授信總額是 570 億元，其中，對華映授信 100 億元、綠能 38 億元。截至 2 月底，有 11 家國銀對華映共授信 100 億元，其中，91 億元為有擔保貸款、9 億元為無擔保貸款，整體債權行提列備抵呆帳 44 億元，占授信餘額的 44%。而綠能部分，有 7 家國銀對其授信 38 億元，其中 16 億元有擔、22 億元無擔，目前走債務協商，因此，銀行提列呆帳相對不高，僅提列 7 億元備抵呆帳，占 19%。,"[['約萬股東手中股票', '成爲', '廢紙'], ['外界', '擔憂', '大同集團還有未爆彈'], ['大同集團', '還有', '未爆彈'], ['整體曝險', '備受', '矚目'], ['金管會', '統計', '授信總額爲570億元'], ['授信總額', '爲', '570億元'], ['對華映', '提列', '億元備抵呆帳'], ['總負債', '高達', '1584.39億元'], ['金管會', '統計', '授信總額是億元570'], ['授信總額', '是', '億元570'], ['提列', '爲', '億元44備抵呆帳'], ['綠能部分', '有', '家國銀對其授信']]"
0,20190402_722,"京城銀Q1獲利18.28億元 年增41.3% EPS 1.6元京城銀 (2809) 公告 2019 年 3 月稅後純益 5.49 億元，年增 17.3%，累計 1-3 月稅後純益 18.28 億元，年增 41.3%，前三月每股稅後純益合計 1.6 元。京城銀表示，首季整體獲利表現優於 2018 年同期，主要受惠農曆年前後迄今整體企業資金需求穩步支撐全行利息、手續費收入，金融市場交易活絡，帶動金融資產評價拉升，也是行方投資收益較前一年成長的重要關鍵。整體資產品質方面，截至 2019 年 3 月底，整體逾期放款比率 0.03%，逾期放款覆蓋率 5,902.44%，全體放款覆蓋率 1.62%。京城銀持續發揮社區銀行角色，積極協助扶持具有發展潛力、資金用途明確等中小企業取得營運資金。京城銀指出，2018 年企業金融占總放款比例達近九成，其中以中小企業放款為主，長期扶持地方中小企業及新創產業努力獲得實質成果，2018 年送保融資金額較前一年成長 25%，逾期指標 1.197% 則低於全體金融機構水準，獲得 2018 年信保基金「送保融資成長獎」肯定。","[['京城銀Q1', '獲利', '年3公告京城銀增'], ['京城銀', '表示', '獲利表現優於企業資金需求支撐全行利息收入'], ['獲利表現', '優於', '企業資金需求支撐全行利息收入'], ['企業資金需求', '支撐', '全行利息收入'], ['金融市場交易活絡', '帶動', '金融資產評價'], ['京城銀', '發揮', '社區銀行角色'], [' 年企業金融', '佔', '放款'], [' 年企業金融', '佔', '放款'], [' 年企業金融佔放款比例', '達', '九成']]"
0,20190402_723,大飲財報遭出具「無法表示意見」 資深會計師：要提金流及資產存在來證明大飲 () 去年財報遭會計師出具「無法表示意見」查核報告，今 (2) 日以跌停價 9.72 元跌停鎖死作收；今天下午該公司代理發言人洪松輝出面說明，但僅反覆指出，將繼續與會計師協調溝通；交易所則要求大飲，於明天上午 8 點，重新提出說明。資深會計師指出，簽證會計師對於大飲去年財報，出具「無法表示意見」查核報告，主要是質疑金流合理性及資產實際存在性，有待大飲公司明天重新提出確切證據說明。交易所今天下午公告，大飲自 4 月 8 日起停止交易。而在台灣證券市場，過去也曾發生來台發行 TDR 的新加坡鮑魚飼養商歐聖公司，因財報遭會計師出具「無法表示意見」後，最終黯然下市收場的案例。洪松輝今天下午在交易所表示，今年 3 月 27 日已經完成台南的不動產過戶，高雄的不動產過戶也在 28 日過戶，並未損及股東權益，過戶稅賦由大飲負擔，也符合規定。大飲在重大訊息記者會上表示，因 2018 年第 3 季與關係人簽約以 6.4 億元，取得 3 筆不動產（台南佳里、高雄湖內及新北市新店）及應收資金貸與關係人之重大交易，因相關交易所衍生的事項可能影響重大，資誠聯合會計師事務所的會計師在無法取得足夠及適切查核證據下，只能簽無法表示意見。 對於大飲的新店不動產交易案件，洪松輝指出，大飲 2018 年遭逢成立以來重大事件，大飲內部需要重新整理，全力發展，經公司內部評估後取消交易案，基於私法平等互惠原則，現正與關係人協調解除契約後違約金後續責任歸屬。大飲發言人洪松輝對於包括不動產交易的關係人、去年發生部分產品品質不良後的退貨造成財務損失規模，以及重編財報的時間，今天都未明確提答覆。,"[['大飲財報', '遭', '資深會計師'], ['無法', '表示', '意見'], ['存在', '證明', '跌停鎖死作收'], ['無法', '表示', '意見'], ['資深會計師', '指出', '簽證會計師出具表示意見查覈報告'], ['簽證會計師', '出具', '表示意見查覈報告'], ['無法', '表示', '意見'], ['大飲公司', '提出', '確切證據說明'], ['曾', '發生', '來臺發行TDR'], ['洪松輝', '表示', '完成不動產過戶'], ['大飲', '表示', '年第3季取得重大交易'], ['年第3季', '取得', '重大交易'], ['無法', '取得', '足夠證據'], ['洪松輝', '指出', '歸屬'], ['大飲', '遭逢', '成立'], ['對於', '包括', '不動產交易'], ['大飲發言人洪松輝', '造成', '財務損失規模'], ['以及', '重編', '財報']]"
0,20190402_724,南茂擬處分易華電9100張股票 估將貢獻每股純益1.45元半導體封測大廠南茂 () 今 (2) 日公告，擬處分易華電 () 共 9100 張股票，處分期間暫定為即日起至 9 月 30 日，若以昨 (1) 日易華電收盤價 142 元計算，預估處分收益約 10.91 億元，可望貢獻南茂每股純益約 1.45 元。南茂公告表示，為充實公司營運資金及降低負債比，提升財務結構，擬於即日起至 9 月 30 日，處分易華電共 9100 張股票。若以昨日易華電收盤價 142 元計算，法人預估，南茂處分易華電股票收益約為 10.91 億元，可望貢獻南茂每股純益約 1.45 元。南茂對易華電原先持股比重約 19.1%，據南茂公告，此次處分 9100 張股票後，對易華電的持股比重將降至 10%。,"[['南茂公告', '表示', '提升財務結構'], ['法人', '預估', '南茂處分易華電股票收益爲10.91億元'], ['南茂處分易華電股票收益', '爲', '10.91億元'], ['對持股', '降至', '10%']]"
0,20190402_725,台灣大林之晨初登場 宣示超5G策略 促電信業合作台灣大 ()) 新任總經理林之晨 4 月 1 日走馬上任，宣示台灣大最新「超 5G 策略」，期以 10 到 15 年的時間，建構台灣大成一個超 5G 生態系與東南亞級的國際企業，同時 5G 時代中，所有電信公司都不是強勢的，也沒有零和問題，呼籲彼此可以合作。林之晨提出的「超 5G 策略」，包括 Gift、Group、Grit、Green、GSEA(Greater South East Asia) 等 5 大面向，將整合集團旗下影音巨擘「凱擘」、電商第一品牌 momo 以及 AppWorks 等企業，並善用台灣大的「大數據」天賦，在 700 多萬用戶以及近 800 家全通路門市基礎上連結運用，發展出更多樣、更創新的「超 5G」服務。隨著 5G 時代大量開啟 AI、IoT、Big Data 等新科技應用，林之晨闡述台灣大最新的「超 5G 策略」，是用 5 組英文單字作為企業轉型的核心串連，首先是「Gift」是善用集團的大數據，及七百萬用戶基礎和全通路經營、加上深厚的創新實力，全力運用這些多元天賦進行數位轉型；第二個 G 為「Group」，將整合集團的凱擘、momo、AppWorks 等企業聯手出擊，發揮集團最大的經營綜效；第三個 G:「Grit」，則是以 10 到 15 年的長線思維，發展超 5G 生態系；第四 G:「Green」堅持愛台灣、愛人類、愛地球，以作為國際級企業永續發展的宗旨；第五 G:「GSEA」(Greater South East Asia) 以台灣 5G 生態為基礎，建構台灣大成為「大東南亞級」國際企業目標邁進。林之晨也進一步就台灣大「大東南亞策略」提出說明，他表示，集團裡有兩大主軸，包括台灣大商第一品牌的 momo，已開始前往泰國拓展商業模式，接下來，台灣行動影音龍頭 myVideo 亦可把成功經營 OTT 的經驗分享至東南亞地區，倘若當地電信商想轉型發展 OTT 服務，myVideo 將可協助其推展 OTT。林之晨表示，台灣大之所以能連續 7 年 EPS 獲利王，並成全台灣市值第 16 大的企業，主要是擁有很強快速迭代、數據導向與觀察調整能力，如今電信戰場已在改變，只做電信本業不夠，台灣大必須轉型、另闢新戰場，他要帶領團隊創造公司第二、第三、第四甚至是第 N 條成長曲線。林之晨認為，台灣大電商網路生態系已成熟，他已看到 momo 出現第二成長曲線，2018 全年營收 420.17 億元，為電商營收之冠，累積 1-12 月年成長達 33.2%，刷新歷年最佳紀錄，未來將不排除與 momo 相互合作，尤其台灣大每月擁有 700 多萬的活躍付費用戶，透過數據分析客戶需求，幫助推薦 momo 平台的服務，希望將這些對台灣大信任的用戶轉移至 momo。另外，目前東南亞電商競爭場域主要在 C2C，在市場演變到 B2C 過程中，momo 就有絕佳優勢，甚至有機會推升為區域級的電商公司，成為亞洲 Amazon；中長期而言，如果把台灣大集團想像成 1 到 100 的加速器，再導入成立 9 年且擁有 328 家活躍新創公司，每年營業額到達 760 億的 AppWorks，有很多從 1 到 100 的公司，透過台灣大團隊的資產、品牌、通路助其成長下，每年將可培養 5 家從 1 到 100 的公司，進而成為台灣大加速器的助力軍，這是我們要創造第 N 條成長曲線的動能，而且是個 win-win 雙贏局面。林之晨認為，電信是成熟產業，再過 5 到 10 年，不但將被劃歸為傳統產業，屆時未能即時轉型成功的業者，還可能面臨生存危機，所以台灣大積極轉型升級，朝向數位、AI 人工智慧、IoT、(如車聯網) 等產業前進，AppWorks 也運用多年來在培育新創科技人才及資源整合能力，將台灣大在原有即已非常龐大而健全的電信體外，建構台灣大 + 富邦 + AppWorks 發揮 1+1+1>3 的生態圈效益，讓台灣大走出一個完全不同的電信格局，轉型成為新世代的科技公司，將由台灣放眼東南亞 6.5 億人口，拉大經營目標，以便讓台灣大的市值由現行的 120 億美元放大 10 倍，拉高到 1000 億美元。面對 5G 時代，他坦承，由於 5G 建設是 4G 成本的 3-5 倍，電信業者想藉著 5G 之力轉型成為更上一層的商業模式，除商業和工業情境外，未來 5G 要比的不是頻寬大、上網速度快，更有別於 4G 時代著重的是水平式商業模式，進入超 5G 時代，重點在於許多個人化服務堆疊發展而成的生態系，或是提供特殊場域量身打造的解決方案。台灣大目前擁有 AppWorks 這個平台上的 328 家新創公司，加上每年吸收 70 個團隊，當客戶有任何一個垂直場域需求時，台灣大就能立即與命運共同體的 AppWorks 組成優秀團隊，來解決 5G 時代所可能面臨的各種問題。林之晨強調，超 5G 時代裡，所有電信公司都不是強勢的，也沒有零和問題，盡管同業之間各自有不同轉型策略，但是在數位的世界裡，他沒有把競業當成對手，而是當成潛在的合作夥伴，例如台灣大和遠傳一起投資 LINE Bank，不過，對於未來電信業者是否要各自建立 5G 網路，以國家資源分配角度來看，台灣不需要興建 5 條高鐵，台灣大支持電信管理法開放「共頻共網」政策。,"[['臺灣大林之晨初登場', '宣示', ' 月1日走馬上任'], ['所有電信公司', '不是', '強勢的'], ['「超 5G 策略', '包括', '5Gift大面向'], ['「', '超', '5G'], ['林之晨', '闡述', '超5G策略是作爲核心串連'], ['超5G策略', '是', '作爲核心串連'], ['Gift', '是', '運用多元天賦'], ['第二個G', '爲', 'Group'], ['Grit', '是', '以'], ['Green', '堅持', '愛臺灣'], ['Green', '堅持以', '作爲國際級企業發展宗旨'], ['建構', '爲', '國際企業目標'], ['林之晨', '提出', '說明'], ['他', '表示', '集團裏有兩大主軸'], ['集團裏', '有', '兩大主軸'], ['成功', '經營', 'OTT'], ['當地電信商', '想', '轉型'], ['林之晨', '表示', '獲利王'], ['大企業', '擁有', '觀察能力'], ['林之晨', '認爲', '成熟'], ['他', '看到', 'momo出現第二成長曲線'], ['momo', '出現', '第二成長曲線'], ['升', '爲', '區域級'], ['這', '是', '我們創造成長曲線動能'], ['我們', '創造', '成長曲線'], ['要', '創造', '成長曲線'], ['電信', '是', '成熟產業'], ['轉型業者', '面臨', '生存危機'], ['他', '坦承', '電信業者想成爲商業模式'], ['5G建設', '是', ' 倍'], ['電信業者', '想', '成爲商業模式'], ['更有別於著重的', '不是', '寬大'], ['，', '更有別於', '著重'], ['進入超時代', '超', '5G'], ['重點', '在於', '個人化服務發展生態系'], ['量身', '打造', '特殊場域'], ['大', '擁有', '新創公司'], ['客戶', '有', '垂直場域需求'], ['客戶', '有', '垂直場域需求'], ['臺灣', '組成', '優秀團隊'], ['林之晨', '強調', '所有電信公司不是強勢的'], ['所有電信公司', '不是', '強勢的'], ['他', '當成', '對手'], ['電信業者', '建立', '5G網路'], ['臺灣', '不需要', '興建條高鐵']]"
0,20190402_726,台達電收購DET屆滿 共持有逾6成股權台達電 () 透過子公司 DEISG，今年 2 月 26 日收購泰國上市公司 DET，收購期間至昨 (1) 日屆滿，台達電表示，本次總計成交數量 5.34 億股，約佔 DET 目前已發行流通在外股數約 42.85%，交易金額 379.48 億元(約 369.61 億元)，此次收購完成後，台達電及子公司，共持有 DET 約 63.78% 股權。台達電去年 7 月宣布，透過子公司 DEISG，以每股 71 元，有條件式自願要約收購泰達電，預計最多收購在外流通 79.07% 股權，估收購總金額最高約 21.4 億 (約 660 億元)。台達電預計，在泰國當地行政流程跑完後，即可展開收購，整個收購計畫預計第 1 季可完成，收購後 DET 將成台達電子公司，取得經營權並認列營收與獲利，除減少地緣政治不確定性，也可加強東南亞佈局。台達電今日公告，收購期間已屆滿，此次收購 42.85% 股權，總計台達電加上子公司，目前持有 DET 股權 63.78%，將開始認列營收，獲利則按持股比重認列。,"[['共', '持有', '逾6成股權臺達電)透過子公司DEISG'], ['臺達電表', '示', '5.34 億股'], ['臺達電', '持有', 'DET股權'], ['臺達電', '預計', '展開'], ['收購計劃', '預計', '完成'], ['收購後DET', '成', '臺達電子公司'], ['臺達電', '公告', '屆滿'], ['加上子公司', '持有', 'DET股權']]"
0,20190402_727,誠美材4/8起打入全額交割股 大飲、華電等停止交易證交所今 (2) 日公告，偏光板大廠誠美材 () 因經營權之爭，導致銀行團凍結資金而深陷資金周轉困難，會計師基於「存在重大不確定性」，而對財報持保留意見，證交所傍晚公告，誠美材 8 日起將變更交易方式，打入全額交割股。另外大飲 ()、華電() 與清惠 () 等，也將停止買賣。誠美材公布去年財報，去年稅後虧損 5.78 億元，每股虧損 0.87 元，誠美材上 (3) 月 31 日深夜發布公告，資誠會計師事務所對其財報持保留意見，讓誠美材被列為全額交割股。誠美材今天股價下跌 0.05 元、跌幅 0.41%，收在 12.1 元。老牌飲料大廠大西洋飲料 () 去年第 3 季，斥資 6.4 億元與關係人進行簽約購地並取得貸與資金，遭會計師認定大飲相關交易可能衍生重大影響，會計師在無法取得足夠查核證據下，出具「無法表示意見的查核報告」，證交所今天公告，大飲 8 日起將停止買賣。另外，華電 () 與清惠 () 因無法在規定限期內申報公告去年財報，兩家公司股票也將在 8 日當天同步停止買賣。,"[[')美材', '導致', '銀行團凍結資金'], ['會計師', '持', '保留意見'], ['誠美材', '變更', '交易方式'], ['等(', '停止', '買賣'], ['美材', '公佈', '去年財報'], ['每股', '虧損', '0.87元'], ['資誠會計師事務所', '持', '保留意見'], ['收', '在', '12.1元'], ['會計師', '認定', '相關交易'], ['無法', '取得', '查覈證據'], ['會計師', '出具', '查覈報告'], ['無法', '表示', '意見'], [')清惠', '申報', '去年財報'], ['兩家公司股票', '停止', '買賣']]"
0,20190402_728,美中貿易干擾 朋億在手訂單延遲 總座：前景仍審慎樂觀朋億 () 今(2)日出席櫃買中心業績發表會，展望營運後市，總經理許宗政表示，美中貿易戰仍有不確定性，公司在手訂單也約略延遲，但陸續有回溫跡象，今、明年景氣受美中貿易戰影響，但中國大陸持續擴張晶圓廠，另外 AMOLED 建廠動作也積極，因此對景氣仍審慎樂觀。朋億主要產品為高科技廠務設備研發與製造，其次是整廠水、氣體、化學供應系統整合服務，第三是濕製程工藝設備，第四是減廢再生利用與節能環保系統統包服務，還有開始積極往水資源開發及回收整合服務。朋億 2018 年營運表現亮眼，受惠高潔淨度化學品供應與分裝系統設備出貨及工程服務業績貢獻。去年營收高科技製程設備和高科技製程工程佔大部分營收，前者佔 60%，後者佔 34%，皆較 2017 年成長。從區域來看，中國佔比 7 成，台灣 2 成，剩下 1 成為亞洲其他地區，朋億表示，兩岸面板及半導體大廠，多為朋億客戶，2018 年受惠中國面板廠及半導體廠擴增產線，來自面板廠營收佔比約 3 成，來自半導體佔比約 5 成，半導體晶圓製造則為最大宗。朋億總經理許宗政表示，目前認列基本上是隨客戶建廠進度而定，今年獲利應可有一定水準，以在手訂單來看，毛利率約比 2018 成長，詳細還是要依照案子判斷，目前以新建廠案為主。不過，朋億認為，貿易戰仍有不確定性，在手訂單約略延遲，整體來看有逐步回溫跡象，客戶還是有持續詢價動作，其中水氣化與濕製程設備約 6 成以上，工程設備略少。至於中國客戶，從中國晶圓廠擴張速度來看，擴廠速度積極，目前案子很多，SEMI 預估，受美中貿易戰影響減緩成長，不過 2019 年可望恢復成長，2020 年則可成長到 170 億，朋億今、明兩年半導體展望，審慎樂觀。另一方面，中國 AMOLED 建廠也方興未艾，除中國品牌廠對 AMOLED 面板需求增加，另外還有政府補貼政策激勵。,"[['總經理許宗政', '表示', '美中貿易戰有不確定性'], ['美中貿易戰', '有', '不確定性'], ['陸續', '有', '回溫跡象'], ['中國大陸', '擴張', '晶圓廠'], ['主要產品', '爲', '廠務設備研發'], ['第三', '是', '工藝設備'], ['高科技製程設備', '佔', '大部分營收'], ['前者', '佔', '60%'], ['2018', '受惠', '擴增產線'], ['半導體晶圓製造', '爲', '最大宗'], ['朋億總經理許宗政', '表示', '認列定'], ['貿易戰', '有', '不確定性'], ['逐步', '回', '溫'], ['客戶', '有', '持續詢價動作'], ['水氣化與溼製程設備', '成', '以上'], ['，', '擴', '廠'], ['中貿易戰影響', '減緩', '成長']]"
0,20190402_729,"特別股3.2%低利該認購？股魚：你錯過的是22%利息！中信金控發行 7 年期、99 億 9,960 萬元丙種記名式特別股，因股息年利率僅 3.2%，創國內金控業發行特別股新低紀錄，許多民眾議論是否要參加認購。投資專家股魚表示，特別股才是真正的「保本的定存股」，想保本的民眾不要錯過這 22% 的利息！投資達人股魚將在 4/10，於東森財經開設新節目「存股 debug（存股敵八個）」，主持人李兆華將跟股魚，化身知性美導師與投資除蟲高手，針對基本面投資進行一系列的教學與課題探討，系統化教學內容及趣味互動，將成為喜歡存股的投資朋友，最佳的理財學習內容。而此次中信金發行丙種記名式特別股，股魚也發表看法，以下是臉書全文：","[['你錯過的', '是', '利息'], ['中信金控', '發行', '7年期'], ['許多民衆', '議論', '參加認購'], ['投資專家股魚', '表示', '特別股纔是真正保本的定存股'], ['特別股', '纔是', '真正保本的定存股'], ['保本民衆', '錯過', ' 利息'], ['投資達人股魚', '在', '410'], ['東森財經', '開設', '」debug'], ['（', '存', '股敵'], ['主持人李兆華', '進行', '教學探討'], ['成爲投資朋友', '喜歡', '存股'], ['股魚', '發表', '看法'], ['以下', '是', '臉書全文']]"
0,20190402_730,本業轉佳＋業外助陣 群光Q1獲利估勝上季 Q2還有日本房產處分利益筆電鍵盤大廠群光 (2385) 轉型電競與智慧家庭領域，績效顯現，去年營益率逐季增溫，全年 EPS 5.22 元，表現穩健。法人指出，首季雖是淡季，但營收可望年增 5-10%，3 月挑戰 72 億首季高峰，單季 EPS 1.34 元優於上季與同期。展望全年，因高單價的電競、二合一鍵盤比重已過半，且市場成長動能仍強，帶動鍵盤業績將有低個位數成長，電源供應器年增逾 9%，影像產品受惠智慧家庭應用，成長將突破 10%，預估該公司今年營收將逾 935 億元，年增逾 7%，獲利方面因毛利率改善，加上第二季有日本大樓出售利益入帳，估全年稅後可望逾 48 億元，年增 34%，EPS 6.6 元。群光去年各產品線營收比重為鍵盤的 32%，電源供應器 32%，影像產品 30% 以及網通與其他的 6%。法人表示，首季業績穩健維持同比上升，獲利則在本業轉佳外還有股權損失回沖利益，因此 EPS 估 1.34 元，優於去年第四季的 1.29 元，更較同期的 0.86 元大增逾 55%。,"[['法人', '指出', '營收增5'], ['首季', '是', '淡季'], ['營收', '增', '5'], ['1.34元', '優於', '上季'], ['，', '帶動', '鍵盤'], ['帶動鍵盤業績', '有', '億元935'], ['加上第二季', '有', '日本大樓出售利益入帳'], ['日本大樓', '出售', '利益入帳'], ['法人', '表示', '1.34 元'], ['首季業績', '維持', '上升'], ['獲利', '還有', '股權損失利益'], ['0.86', '元大增逾', '55%']]"
0,20190402_731,朋億：近期感覺需求有回溫跡象 今年獲利有望優於去年廠務設備、水、氣體、化學供應系統整合服務，以及濕製程工藝設備供應商朋億 (6613) 舉行法說會，針對今年營運展望，總經理許宗政提到，雖然中美貿易戰仍有不確定性存在影響，但近期感覺需求有回溫跡象，因此今年獲利應可在一定水準之上，且毛利率會比去年好。朋億主要產品為高科技廠務設備研發與製造，其次則是整廠水、氣體、化學供應系統整合服務，第三則是濕製程工藝設備，第四是減廢再生利用與節能環保系統統包服務，還有最近開始積極往水資源開發及回收整合服務。該公司 2018 年營運表現亮麗，主因高潔淨度化學品供應與分裝系統設備出貨及工程服務的業績貢獻。以營收佔比來看，高科技製程設備和高科技製程工程佔了朋億大部分營收，前者 2018 年佔 60%，後者佔 34%，都較 2017 年成長。若從朋億的營收區域來看，中國佔七成，台灣佔兩成，剩下一成為亞洲其他地區。兩岸面板廠及半導體大廠大都為朋億之客戶，2018 年受惠中國面板廠及半導體廠大幅擴增產線，來自面板廠營收佔比約三成，來自半導體佔比超過五成，半導體晶圓製造佔最大宗。就營運數字來說，朋億坦言，營收與前一季有落差是產業現象。朋億總經理許宗政進一步解釋，目前朋億認列基本上是隨客戶建廠進度而定，今年獲利應可在一定水準之上。以在手訂單來看，毛利率約略比 2018 成長，詳細還是要依照案子判斷，目前以新建廠案為主。但他也坦言，中美貿易戰仍有不確定性存在影響，朋億也看到目前在手訂單約略延遲，整體來看有回溫跡象，客戶還是有持續詢價動作，水氣化和濕製程設備約六成以上，工程設備略少。至於中國客戶方面，許宗政提到，從中國晶圓廠擴張速度來看，中國晶圓廠擴廠速度積極，目前有望的案子相當多，SEMI 預估遇到中美貿易戰，減緩成長，不過貿易衝突減緩後 2019 可望恢復成長，2020 成長到 170 億，成長幅度相當驚人，產業趨勢來講，朋億今明兩年半導體展望，審慎樂觀看待。另一方面，許宗政也透露，中國對 AMOLED 建廠也方興未艾，除中國品牌廠商對 AMOLED 面板需求增加，加上政府補貼政策誘因的激勵，這些都是朋億的機會。,"[['需求', '有', '回溫跡象'], ['獲利', '優於', '整合服務'], ['中美貿易戰', '有', '影響'], ['感覺需求', '有', '回溫跡象'], ['主要產品', '爲', '廠務設備研發'], ['第三則', '是', '工藝設備'], ['最近', '開始', '開發'], ['高科技製程設備', '佔', '朋億大部分營收'], ['中國', '佔', '七成'], ['臺灣', '佔', '兩成'], ['一', '成爲', '亞洲其他地區'], ['面板廠', '爲', '朋億客戶'], ['，', '來自', '面板廠'], ['半導體佔比', '超過', '五成'], ['半導體晶圓製造', '佔', '最大宗'], ['營收', '有', '落差'], ['營收有落差', '是', '產業現象'], ['朋億總經理許宗政', '解釋', '朋億認列定'], ['獲利', '在', '一定水準之上'], ['他', '坦言', '中美貿易戰有存在'], ['中美貿易戰', '有', '存在'], ['不確定性', '存在', '影響'], ['朋億', '看到', '有回溫跡象'], ['客戶', '有', '持續詢價動作'], ['許宗政', '提到', '積極'], ['中國晶圓廠', '擴', '廠'], ['中國晶圓廠', '擴', '廠'], ['許宗政', '透露', '這些都是朋億機會'], ['這些', '都是', '朋億機會']]"
0,20190402_732,比特幣大漲 撼訊、華擎股價擺尾 撼訊將參展2019 Japan IT week ESEC板卡廠撼訊 (6150) 揮軍 AI 人工智慧市場，週二 (2 日) 宣布參展 2019 Japan IT week ESEC，展示工業電腦 (IPC) 專用顯示卡，以及採用 Xilinx FPGA 的可程式化加速運算卡，提供全方位的影像處理應用方案，致力從挖礦市場中轉型。不過，價格週二盤中跳漲逾 16%，來到 4787.3 美元，創 4 個月以來新高，帶動以 AMD 顯卡銷售為主的撼訊以及去年切入 AMD 顯卡銷售領域的華擎 (3515) 尾盤急漲收高。撼訊指出，此次該公司參展 2019 Japan IT week ESEC，將展示採用 AMD 嵌入式 GPU 的工業電腦專用顯示卡產品，同時也將展出採用 Xilinx FPGA 的可程式化加速運算卡產品。撼訊表示，針對資料中心、機械學習、雲端服務等應用，該公司採用 Xilinx 的 Kintex UltraScale 以及 Virtex UltraScale + 的 FPGA 推出可程式化的 PCIe 介面高速運算卡。另一方面也將展示與 Xilinx 大學計畫共同開發，支援 Python 的 APSoC 小型開發板 PYNQ-Z2，針對教育、IOT、深度學習等應用開發，開發者可以更經濟的價格進入 FPGA 應用世界，應用的領域涵括航海運輸、數位多媒體看板、高解析度醫療影像、博奕遊戲主機等。,"[['以及', '採用', 'XilinxFPGA'], ['顯示卡', '提供', '應用方案'], ['漲', '逾', '16%'], ['去年', '切入', '顯卡銷售領域'], ['撼訊', '指出', 'ESEC'], ['展出可程式化加速運算卡產品', '採用', 'XilinxFPGA'], ['撼訊', '表示', 'VirtexFPGA採用XilinxKintex UltraScale'], ['VirtexFPGA', '採用', 'XilinxKintex UltraScale'], ['FPGA', '應用', '世界'], ['應用領域', '涵括', '等運輸']]"
0,20190402_733,涉裝GPS跟蹤妻 華南王子林知延二審改判有罪 不影響華南金董事身分華南金 () 旗下華南銀行副董事長林知延被控在前妻、新光金 () 旗下新光人壽副總經理吳欣盈的座車安裝 GPS 衛星定位器監控行蹤，檢方依妨害祕密罪對林知延起訴，今 (2) 日高院二審宣判，案情出現大逆轉，改判林知延有罪拘役 20 天，外界關切林知延董事身分是否遭影響？對此，金管會表示，依照規定林知延須被判有期徒刑且三審定讞，才會影響到其在華南金的董事身分。林知延、吳欣盈 2011 年 4 月結婚，當時這樁華南金、新光金兩大家族「王子與公主」的聯姻，都被視為世紀豪門婚禮，但兩人的婚姻僅維持兩年多，在 2013 年就變調，妨害秘密刑事官司就是起因於吳欣盈發現座車被徵信社偷裝 GPS 衛星定位系統，吳欣盈憤而一狀告上法院，對林知延、林知延委任律師劉宗欣和徵信社提告妨害秘密罪。原本一審台北地方法院認為 GPS 僅錄下吳欣盈公開活動，不涉及隱私，一審判林知延無罪。但今天高等法院二審宣判，案情卻出現大逆轉，高院改認定林知延犯妨害秘密罪，判拘役 20 日，得易科罰金 2 萬元，可上訴。二審判決改判有罪拘役 20 日，是否會影響到林知延在華南銀行的副董職位與華南金董事身分？金管會銀行局表示，依照金控及銀行負責人準則第 3 條，要三審定讞判有期徒刑確定，才會影響，拘役跟罰金不在法規規範中。這是否涉及不誠信、不正當的要件？銀行局表示，不正當不誠信是不確定的法律概念，因此要有相關佐證資料，過去的案例是藉由金管會金檢來取得具體事證，才會做事實認定，但因為此案跟金融業務無關，因此沒有明確佐證資料。,"[['GPS跟蹤妻華南王子林知延二審改判有罪', '影響', ')華南金'], ['華南銀行副董事長林知延', '被控在', '監控行蹤'], ['座車', '安裝', '座車'], ['案情', '出現', '大逆轉'], ['林知延董事身分', '遭', '影響'], ['金管會', '表示', '影響董事身分'], ['林知延', '判', '有期徒刑'], ['兩大家族王子聯姻', '視爲', '豪門婚禮'], ['兩人婚姻', '維持', '兩年多'], ['徵信社', '偷裝', '衛星定位系統'], ['地方法院', '認爲', 'GPS錄公開活動'], ['GPS', '錄', '公開活動'], ['一審判', '林知延', '無罪'], ['案情', '出現', '大逆轉'], ['高院', '改', '認定林知延犯妨害祕密罪'], ['認定林知延', '犯', '妨害祕密'], ['認定林知延', '犯', '妨害祕密'], ['林知延', '在', '華南銀行'], ['金管會銀行局', '表示', '影響拘役不在法規規範中'], ['拘役', '不在', '法規規範中'], ['這', '涉及', '誠信要件'], ['銀行局', '表示', '明確佐證資料'], ['誠信', '是', '法律概念'], ['過去案例', '是', '借']]"
0,20190402_734,攻中小企業金流商機  星展「DBS IDEAL RAPID」標榜即時管理銀行積極導入 API(應用程式介面) 科技優化作業模式，星展銀行 (台灣) 今 (2) 日宣布推出「DBS IDEAL RAPID」企業帳戶即時管理服務，將 API 導入企業帳戶，讓原本以「工作日」為計算單位的金流交易可縮短成以「分」為單位，讓企業可迅速掌握帳款交易動態，提高管理效率。開放銀行 (Open Banking) 標榜金融數據共享，而這股趨勢也逐漸在台灣蔓延，星展銀行 (台灣) 總經理林鑫川表示，打造 Open Banking 前，必須先從開放 API 著手，藉由 API 技術協助企業掌握金流動態，提高作業效率。林鑫川舉例說明，API 技術類似變壓器概念，讓電器產品在不同的電壓環境下都能使用，而星展銀行此次結合 API 技術所推出的 DBS IDEAL RAPID 企業帳戶即時管理服務，可提高金流管理效率，讓企業能更靈活分配資源運用。星展銀行 (台灣) 環球金融交易服務處處長陶曉昀表示，DBS IDEAL RAPID 可協助企業整合不同通路的匯款交易資訊，主動發送入帳通知，同時透過 ERP 系統取得相關資訊，客戶不用登入網銀就能掌握匯款交易紀錄，並即時完成各種應收或應付帳款動作,"[['銀行', '導入', '應用程式介面'], ['(', 'Open', 'Banking'], ['從', '開放', 'API'], ['技術', '類似', '變壓器概念'], ['臺灣環球金融交易服務處處長陶曉昀', '表示', 'DBSIDEAL RAPID協助'], ['客戶', '掌握', '匯款交易紀錄']]"
0,20190402_735,【倫元投顧】Q2吸引大買力進駐◆盤勢分析美股強勁反彈 (美中經濟數據優於預期)，帶動亞股轉強跟進，今天市場焦點在工具機及矽智財，矽智財屬於台積電供應鏈。從盤面來看，精神指標 2317 鴻海持續攀高，連動低價的 3062 建漢、2314 台揚、2328 廣宇強勢演出，可見市場投機力已經完全被激發出來，長假前竟然人氣旺盛，這是歷年來從沒見過的狀況，研判應是川習會延後到 6 月份，則第二季將是消息面空窗期，且多數產業在 Q1 見底、Q2 回溫，因此吸引大買力進駐，如此看來，今年 Q2 將成為最好的作多時機。就量價結構分析，近兩日成交量都被激發出來，顯示中大戶有進場跡象，可從主攻的類股偏向高價股得知，低價股屬於業內、中實戶盤、高價股則必須由大咖來主控才推得動；這批中大戶缺席了 Q1 行情，故 Q2 動作將更為積極。楊天迪 分析師★ 此研究報告著作權屬倫元證券投資顧問 (股) 公司，切勿盜用或翻印，否則追究責任，決不寬貸★ 所有資料僅供參考，本公司不負盈虧責任,"[['經濟數據', '優於', '預期'], ['亞股', '轉', '強'], ['市場焦點', '在', '工具機'], ['矽智財', '屬於', '臺積電供應鏈'], ['這', '是', '見過狀況'], ['研判', '應是', '川習會延後'], ['川習會', '延後到', '6月份'], ['第二季', '是', '消息面空窗期'], ['今年Q2', '成爲', '作多時機'], ['顯示中大戶', '有', '進場跡象'], ['顯示中大戶', '有激發出來', '被'], ['低價股', '屬於', '業內'], ['中大戶', '缺席', 'Q1行情'], ['所有資料', '僅供參考', '不負盈虧責任']]"
0,20190402_736,台企銀統籌主辦世久公司5年期13.4億元聯貸案台企銀 (2834) 統籌主辦世久公司五年期 13.4 億元聯貸案，資金將作償還金融機構借款、營運購料、充實中期營運週轉金、開發保證函等需求。此聯貸銀行團包括合庫金 (5880) 旗下合庫銀、農業金庫、第一金 (2892) 旗下一銀、高雄銀 (2836)、彰銀(2801)、兆豐金(2886) 旗下兆豐銀，由台企銀與世久公司於今日完成簽約。台企銀表示，世久公司成立近 40 年，為甲級營造商，以綜合營造及地工專業為業務雙引擎，針對台灣複雜地形，引入法國動力壓密工法、奧地利隧道防水膜舖設工法、日本鋼劈礫工法及德國礫石樁工法等各種國際技術，工程技術、品質深獲政府部門及業界肯定，優異的施工品質亦獲得政府公共工程金質獎、勞工安全衛生優良公共工程金安獎等殊榮。,"[['資金', '作', '償還金融機構等借款需求'], ['聯貸銀行團', '包括', '旗下合庫銀'], ['臺企銀', '表示', '世久公司成立'], ['工程技術', '深獲', '政府部門'], ['施工品質', '獲得', '等金質獎殊榮']]"
0,20190402_737,亞泰Q2營收估季增逾20% 今年營運可望優於去年影像感測器 (CIS) 廠亞泰 (4974) 下午應櫃買中心之邀舉行業績說明會，總經理吳淑品指出，目前來看，營運可望逐季成長至第三季，今年全年業績可望優於去年。吳淑品指出，儘管中美貿易戰持續，不過亞泰成功擴建緬甸第三條生產線，去年底月產能達 90 萬套，今年將持續擴建，總投資金額為 4000-5000 萬元，有機會於第三季起月產達到 115 萬套水準，以發揮規模經濟效益。而中國大陸目前月產能為 150 萬套，則今年全年緬甸加上中國產能可達 3000 萬套。亞泰除持續擴建緬甸廠產能，公司也會挾核心影像感測技術優勢，積極拓展多角化產品，吳淑品指出，去年推出的掃地機器人感測模組，已在中國量產出貨，今年起更將開發以 CIS Sensor 為主軸，更具性價比的產品應用於掃地機器人。亞泰去年掃地機器人佔營收比重約 5%，今年出貨比去年成長，估計佔比有機會達到 8% 到 10%。營運上來看，第一季比較淡季，第二季營運會逐步回升，估計營收可望季增 20-30%，第三季會更好，今年營運會比去年好，相較今年旺年會時的保守顯得有逐步樂觀跡象。亞泰 2018 年營收 36.75 億元，年增 1%，稅後淨利為 3.38 億元，年增 12%，每股盈餘為 4.66 元，優於前一年度 4.25 元。亞泰 2018 年毛利率 14%，較上年減少 1 個百分點，主要電子貨品漲價影響，此外，營業淨利約 3.43 億元，受惠及貶值產生匯兌收益 4500 萬元，使得獲利創新高達 3.38 億元，淨利率 9.2%。股利政策上，亞泰往年盈餘配發率 65% 以上，今年每股配發 3.1 元現金股利，以今天收盤價 47.8 元計算，現金殖利率為 6.48%。影像感測器用於多功能事務機，目前全球產量需求穩定，亞泰若要提升業績則要推升市場佔有率。,"[['營運可望', '優於', 'CIS感測器'], ['營運可望', '成長至', '第三季'], ['全年業績', '優於', '去年'], ['吳淑品', '指出', '亞泰擴建第三條生產線'], ['亞泰', '擴建', '第三條生產線'], ['總投資金額', '爲', '4000-5000 萬元'], ['月產', '達到', '萬套水準'], ['月產', '達到以', '發揮規模經濟效益'], ['全年緬甸', '加上', '中國'], ['全年緬甸', '加上', '中國'], ['亞泰', '擴建', '廠產能'], ['公司', '挾', '技術優勢'], ['吳淑品', '指出', '出貨'], ['，', '更具', '性價比'], ['更具性價比產品', '應用於', '掃地機器人'], ['掃地機器人', '佔', '營收'], ['掃地機器人', '佔', '營收'], ['營收', '季增', '20'], ['亞泰', '營收', '36.75億元'], ['稅後淨利', '爲', '3.38億元'], ['每股盈餘', '爲', '4.66元'], ['2018年毛利率', '減少', '個百分點'], ['影像感測器', '用於', '多功能事務機'], ['亞泰', '提升', '業績']]"
0,20190402_738,"【華冠投顧】多頭未見用力賣   清明哪來會變盤＜大盤分析＞上周五提醒「本周縱然有清明長假及擔心節氣變盤賣壓出籠，但可望維繫 ""非盤即漲"" 的偏多震盪格局」，昨日也分析「大盤爆量收黑Ｋ且走勢明顯弱於亞股，市場不少人認為是高檔出貨，但就控盤邏輯而言，多頭在這邊用力出貨的機率不大」。今日台股在美股利多下拉高至昨日高點附近震盪，從 ""大盤委賣張數"" 可以得知長假賣壓持續出籠，不過大盤全場大致仍控在 10700 點左右進行強勢震盪，終場量縮 + 47 點，OTC 指數創高 + 0.51%。目前多方控盤依舊穩健，符合原先預期，故維持「多頭在這邊用力出貨的機率不大」之看法，明日如果成交量續降，便代表賣壓有效消化，長假過後盤勢可望持續推升，當中的眉角昇楷將在明日詳細剖析。另就國際盤而言，昨晚美國 大漲，上周市場最大條的利空 ""殖利率倒掛"" 應聲消失。換言之，台股內外部情況都朝良性發展，切勿預設高點胡亂摸頭。＜疾風知勁草、拉回吃到飽＞現階段台股為多方控盤格局，長假前賣壓出籠也屬預料中事，盤勢遇壓反倒是鎖定《未來強勢股》的好時機。此外，時序進入第二季，法人大咖將會有新的布局，適時換股搭它們的轎，會讓獲利更愜意，這也是本周的操作重點。持股追蹤部分，3/21 ""盤後影音"" 介紹的《(頂天立地)5289 宜鼎》、學員私房菜《8086 宏捷科》、3/25 卡位的『運動大聯盟』族群之《金枝玉葉》、3/29 上車的《聖母瑪利亞》...，目前都保持強勢震盪，後續將依照設定的移動停利點動作。昨天把《(躍馬中原)3540 曜越》獲利放口袋，立馬卡位整理到蠢蠢欲動的 IC 設計股《一尾活龍》，今天前者續跌，後者昨天收最高、今天繼續衝創今年新高，適時換股如期有個不錯的開始，學員跟著指令動作即可。＜強弱勢股＞今日強勢股部分，受到新 iPhone 採用多鏡頭消息激勵，《3008 大立光》、《3406 玉晶光》續獲買盤追捧；工具機族群受惠美中貿易談判樂觀，《1597 直得》、《4540 全球傳動》領軍漲停，《2409 上銀》大漲，《1590 亞德客 - KY》創高；去年獲利耀眼的 IC 設計族群表現亦佳，《3443 創意》、《3527 聚積》、《8016 矽創》、《2379 瑞昱》... 連袂攻高；利多加持的單兵突破股則包含《6462 神盾》、《3704 合勤控》... 等。弱勢股部分，今日大跌個股不多，走勢稍弱的個股仍為高基期股的修正，如《4119 旭富》、《5519 隆大》、《2367 燿華》... 等；被動元件族群《2492 華新科》失守短期均線，《2327 國巨》、《3026 禾伸堂》維持弱勢格局，整個族群仍偏保守看待。※以上內容由華冠投顧 賴昇楷分析師 整理提供，投資人於投資前請審慎評估，遵守紀律，嚴設停利停損。","[['走勢', '弱於', '亞股'], ['不少人', '認爲', '是出貨'], ['賣張數', '得知', '長假賣壓出籠'], ['盤勢', '推', '眉角升楷'], ['臺股', '爲', '控盤格局'], ['賣壓', '屬', '預料中事'], ['盤勢', '是', '鎖定未來強勢股好時機'], ['時序', '進入', '第二季'], ['法人大咖', '有', '新佈局'], ['這', '也是', '操作重點'], ['立馬卡位', '整理', 'IC 設計股一尾活龍'], ['強勢股部分', '受到', '新iPhone採用激勵'], ['新iPhone', '採用', '激勵'], ['工具機族羣', '受惠', '美中貿易談判樂觀'], ['突破股', '包含', '等6462 神盾'], ['弱個股', '爲', '高基期股修正'], ['元件族羣2492 華新科', '失守', '短期均線'], ['2327 國巨', '維持', '弱勢格局'], ['投資人', '請', '審慎']]"
0,20190402_739,【顧德投顧】明日開始美中談判，資金轉保守◆盤勢分析受到昨日亞、美股大漲，經濟數據利多激勵早盤跳高開在 10695，一路拉到 10728，不過受到亞股拉回的壓力，盤間壓力不少，呈現盤整格局，個股表現，收在 10699。昨日強勢漲停的鴻海今天仍持續強勢股價最高來到 83.6，後呈現區間盤整格局；5G 概念的散熱模組今天都有不錯的表現，雙鴻、奇鋐與泰碩持續強勢，昨日泰碩漲停，今天持續拉漲停，但股價所不住漲停價位，要提防拉回可能；AI 概念股創意盤間轉強，一路拉漲停；搶進車用市場賺矽智財的力旺今天同樣漲停；而 AI 概念股的世芯今天也有轉強的味道，上揚 3 元，是因為 AI? 還是? 價格連續兩天拉漲現在突破整理區間來到 $4192，不過仍然建議投資朋友對於抱持高度的風險意識。專注在智慧音箱的東科，去年賺 4.05，1-2 累積營收仍維持 21% 年成長，現在股價來到 39.05，明顯屬於價值低估股，今天開盤就跳高漲停鎖死，後續成長仍然可期待。林開誠 分析師以上資料僅供參考，投資時應審慎評估,"[['顧德投顧', '開始', '美中談判'], ['資金', '轉', '保守'], ['盤勢分析', '受到', '亞大漲'], ['收', '在', '10699'], ['股價', '來到', '83.6'], ['散熱模組', '有', '不錯表現'], ['股價', '不住', '漲停價位'], ['盤間', '轉', '強'], ['AI概念股世芯', '也有', '轉味道'], ['3元', '是因爲', 'AI'], ['現在', '突破', '整理'], ['突破整理區間', '來到', ' $4192'], ['累積營收', '維持', '成長'], ['股價', '來到', '39.05']]"
0,20190402_740,洋華重啟玻璃觸控產線 挹注今年營運動能 光電部門目標全年轉盈洋華 (3622) 於今 (2) 日召開法人說明會，其透過投資穩定配息金融股、機電業務穩住營運腳步，去年稅後淨利 1.19 億元，順利轉盈，終結連續六年虧損命運，每股稅後盈餘 0.79 元，光電本業仍會提升工控比重，並重啟玻璃觸控產線，以期光電部門全年營收達 7 億元損益兩平水位。洋華仰賴業外投資挹注，去年稅後得以轉盈，惟其營業虧損由前年 7300 萬元，擴大到去年 1.1 億元，主要全年營收降至 7.39 億元，年減率 17.34%，減少部份均為手機、平板電腦消費電子觸控產品，光電部門營收減少，而固定成本攤提墊高造成本業虧損擴大，若以部門別來看，機電營收為 3.13 億元、光電為 4.25 億元，工控產品占光電營收比重上升到 58%。為了提升光電部門營收規模、改善營運，洋華持續增加大尺寸觸控供應，可供應尺寸別為 1～15 吋、15～16 吋、21 吋、32 吋、65 吋等產品，應用別涵蓋了提款機、運動器材，洋華董事長白志強說，去年底到今年初，增加玻璃濺鍍、表面處理投資，主要卡位工控產品抗炫、防污的需求，並搭配 LCM、貼合，今年可望開始貢獻營運。光電本業慘澹，洋華以投資金融股獲取穩定現金流，截至去年供備出售金融資產約 19.5 億元，投資高殖利金融股兆豐金 (2886)、第一金(2892)、合庫(5880)、台企銀(2834) 等。另外，洋華也活化越南、東區商用不動產，其越南面積為 8 千平方米，已出租給韓國業者，今年則會新增大陸承租方，而東區不動產除了保留自用辦公室部份，也會出租。,"[['投資配息金融股', '穩住', '營運腳步'], ['光電本業', '提升', '工控比重'], ['全年營收', '擴大降至', ' 億元'], ['年減率', '均爲', '觸控產品'], ['工控產品', '佔', '光電營收比重'], ['光電部門', '營收', '規模'], ['洋華', '增加', '大尺寸觸控'], ['供應尺寸別', '爲', '等吋產品'], ['洋華', '獲取', '穩定現金流'], ['越南面積', '爲', '8千平方米']]"
0,20190402_741,三大法人共買超93.52億元 鴻海近6日獲外資大舉敲進逾6.8萬張台股今 (2) 日早盤即站回 10700 點關卡，惟午盤後多頭趨勢趨弱，指數終場上漲 47.67 點，以 10690.3 點作收，10700 點關卡得而復失，成交量約 1333.67 億元。三大法人方面，自營商買超 12.65 億元，投信買超 0.45 億元，外資及陸資買超 80.42 億元，共買超 93.52 億元。其中，外資再敲進鴻海逾 2 萬張，鴻海已獲外資連 6 買，共大買逾 6.8 萬張。部分，外資增持多單 1441 口，多單未平倉口數增至 60207 口；投信回補空單 166 口，空單未平倉口數降至 27072 口；自營商增持空單 521 口，空單未平倉口數增至 4664 口。外資今日買盤火力大多集中在電子股，除鴻海、緯創、日月光投控獲外資大買上萬張外，其餘獲外資買超上千張的電子股包括旺宏、群創、台積電、華邦電、京元電子、聯發科、欣興、廣宇、和鑫、宏碁、華通、可成、聯合再生、南亞科、合晶、泰碩、亞光、新日興、瑞昱、仁寶、環球晶、旺矽、神基、聯詠、台達電。外資買超第 1 名為鴻海、買超 20453 張，第 2 名緯創、買超 14918 張，第 3 名日月光投控、買超 10757 張，第 4 名富邦 VIX、買超 10125 張，第 5 名旺宏、買超 6883 張，第 6 名群創、買超 6829 張，第 7 名台積電、買超 6415 張，第 8 名亞泥、買超 5604 張，第 9 名國泰中國 A50 正 2、買超 4606 張，第 10 名元大 S&P 原油正 2、買超 4557 張。外資賣超第 1 名新光金、賣超 28605 張，第 2 名友達、賣超 10409 張，第 3 名中鋼、賣超 5802 張，第 4 名宏達電、賣超 4875 張，第 5 名中華電、賣超 4200 張，第 6 名元大滬深 300 正 2、賣超 3799 張，第 7 名開發金、賣超 3583 張，第 8 名華航、賣超 3118 張，第 9 名臻鼎 - KY、賣超 2744 張，第 10 名國喬、賣超 2693 張。投信買超第 1 名鴻海 、買超 2827 張，第 2 名金像電、買超 1616 張，第 3 名華通、買超 1355 張，第 4 名欣興、買超 1304 張，第 5 名奇鋐、買超 1297 張；投信賣超第 1 名元大台灣 50 反 1、賣超 18064 張，第 2 名寶成、賣超 3543 張，第 3 名美時、賣超 2000 張，第 4 名中信金、賣超 1553 張，第 5 名國際中橡、賣超 1243 張。自營商買超第 1 名元大滬深 300 正 2、買超 13787 張，第 2 名元大 S&P 原油正 2、買超 12661 張，第 3 名國泰中國 A50 正 2、買超 9616 張，第 4 名富邦中証 500、買超 3168 張，第 5 名富邦上証正 2、買超 2782 張；自營商賣超第 1 名富邦 VIX、賣超 86946 張，第 2 名元大台灣 50 反 1、賣超 3158 張，第 3 名鴻海、賣超 2184 張，第 4 名元大 S&P 原油反 1、賣超 1693 張，第 5 名日月光投控、賣超 1313 張。法人指出，清明節連假將至，但在台股偏多格局未變之下，指數持續向上正向表現機率較高，預期短線指數將在 10700 點附近，維持高檔震盪格局，後續需觀察外資是否維持近百億買超規模，及美股是否續強。,"[['三大法人', '買', '93.52億元'], ['鴻海', '獲', '進'], ['點關卡', '上漲', '47.67點'], ['成交量', '1333.67', ' 億元'], ['外資', '增持', '1441多單口'], ['未平倉口數', '增至', '60207口'], ['未平倉口數', '降至', '27072口'], ['未平倉口數', '增至', '4664口'], ['今日', '買', '盤'], ['買盤火力', '集中在', '電子股'], ['其餘', '獲', '外資'], ['獲外資電子股', '包括', '旺宏'], ['法人', '指出', '較高'], ['短線指數', '維持', '高檔震盪格局'], ['外資', '維持', '超規模']]"
0,20190402_742,〈龍邦營運展望〉持股6成將瑞助營造納入版圖 加速大台北地產開發 不排除加碼泰山龍邦國際 () 近年進行多元化發展投資策略，積極投入雙北等都會地區不動產開發及營建事業，對營運成長中的瑞助營造加碼持股至 60%，龍邦 3 月營收也將納入瑞助營造營收；同時，不排除加碼投資泰山 () 企業。龍邦在地產本業鎖定台北市、新北市及台中市等精華區土地，近期陸續購入台北市內湖區及大同區土地建案，內湖土地擬計畫興建廠辦大樓，大同區土地則參與都市更新合建分屋；另就先前取得台北市萬華西園路都更案，目前已整合相當規模且持續辦理都更審議程序中；位於台中市大坑土地案目前辦理都市計畫通盤檢討程序。今年 3 月，龍邦旗下｢瑞助營造｣已獲利，龍邦增加持股 15%，持股比例提高到 60%，並正式納入子公司版圖，瑞助營造 2018 年承攬工程案量逾 120 億元，創成立 27 年來的新高紀錄。龍邦持股 6 成的瑞助營造，為國內大型甲級營造廠，中華徵信 2017 年大型企業排名營造業第 8 名，知名工程包括 2017 世大運選手村暨選手餐廳、台北市和平籃球館、台北流行音樂中心、台中三井 Outlet Park 等。瑞助 2018 年營收 80 億元，每股稅後純益 2.5 元。龍邦國際在專案金融投資方面，除持有穩健獲利傳產股泰山 ()、大成鋼 ()，並在景氣循環高點，陸續獲利了結部分長期持有的金融股，近兩年股利收入相當穩定，龍邦副總經理林尚良表示，看好全家便利 () 未來營運展望，因此投資泰山，目前持有泰山約 16% 股權，站在投資的角度而言，泰山是一個好標的，未來不排除繼續加碼。,"[['北地產開發', '不排除', '加碼)'], ['月營收', '納入', '營造營收'], ['龍邦', '鎖定', '精華區土地'], ['內湖土地擬計劃', '興建', '內湖土地擬計劃'], ['大同區土地', '參與', '都市更新分屋'], ['都市', '更新', '分屋'], ['都市計劃通盤檢討程序', '位於', '臺中市大坑土地案'], ['龍邦', '增加', '持股'], ['龍邦', '持股', '瑞助營造'], ['知名工程', '包括', '等世大運選手村'], ['泰山', '是', '好標的']]"
0,20190402_743,"【亞洲投顧】盤後分析◆盤勢分析在美、中製造業數據表現不俗下，舒緩市場對全球經濟放緩的擔憂，美股四大指數昨夜收盤大漲，帶動台股今日開盤持續走強，盤中在蘋概三王領軍下，指數一度躍過 10,700 點大關，盤中最高至 10,728.38 點，但受清明連假在即，指數逢高有獲利了結賣壓，終場指數以 10,690.30 點作收。觀察今日盤面台灣 50 成分股表現，蘋概三王表現強勁；金融股方面，包括富邦金、國泰金、永豐金、中信金、玉山金、台新金與合庫金等，皆為紅盤格局；其餘盤面上的焦點族群部分，在美中貿易談判取得進展的樂觀情緒下，工具機族群獲得買盤進駐，包括直得、全球傳動亮燈漲停，亞德客 - KY、上銀也分別有逾 6% 及逾 5% 漲勢。而在專欄推薦大家的聯德控股 (4912)，在一週內急漲 20% 下，今日則小幅拉回做修正。胡毓棠  分析師","[['盤後分析盤勢', '在', '不俗下'], ['指數', '躍', '10點大關'], ['金融股方面', '包括', '等富邦金'], ['貿易談判', '取得', '進展'], ['貿易談判', '取得', '進展'], ['工具機族羣', '獲得', '買盤'], ['工具機族羣獲得買盤', '包括', '直得'], ['亞德客KY', '有', '逾漲勢'], ['及', '逾', '5%']]"
0,20190402_744,【亞洲投顧】果然漲勢未止~明天見好就收!◆盤勢分析從上週四晚上在社團，規劃短軋空行情至今，都一直告知投資者，大盤行情不用怕，3/22 帶量十字黑星高點 (10667 點) 會攻頂越過，昨天大盤放量，一舉攻上 10735 點，雖然開高走低，留下帶量黑 K 線，本人還是堅持大盤仍有上漲動能，漲勢未止! 今天大盤最高來到 10728 點，沒有再過前高，但明天是否有再創新高的機會，暫不討論!因為明天不管有無再創新高點，大盤短軋空行情，已到尾聲，畢竟從 3/27 有 149 檔，融券強制回補，明天有 252 檔個股~ 空單歸零! 在個股一檔檔空單歸零，剩餘融資的情況下，又要面對 4/10 以前，須公佈 3 月份營收。若營收財報不錯，叫做~ 利多出盡，營收財報不佳~ 利空反應! 而美股已在高檔壓力區，清明節連假，美股誰能擔保繼續漲? 所以多單~ 見好就收!胡楨宏 分析師以上資料僅供參考，投資時應審慎評估,"[['本人', '堅持', '大盤有上漲動能'], ['大盤', '有', '上漲動能'], ['大盤', '來到', '10728點'], ['明天', '有', '再創機會'], ['明天有再創機會', '再創', '新高'], ['大盤短軋空行情', '到', '尾聲'], ['美股', '在', '壓力區'], ['誰', '擔保', '漲']]"
0,20190402_745,Anue鉅亨網首頁改版 三大亮點一次看鉅亨網為提供更好的使用體驗，重新設計桌機版首頁，新首頁最大改變是重新設計版面與市場報價介面，減少不必要的元素，讓整體視覺更加簡潔，用戶能更方便掌握全球財經與產業動態。鉅亨網總經理楊定國說，「我們相信鉅亨用戶期待看到桌機首頁改版很久了，過去兩年因應用戶行為改變，我們將資源專注在優化行動端體驗。為了讓全螢幕全裝置都能有最好的使用體驗，去年底開始規劃桌機首頁改版，希望能夠帶給用戶耳目一新的感受與體驗。」投資人最關心的資訊是主要市場報價，新首頁使用跑馬燈來呈現市場報價，取代舊首頁的表格式設計，讓整體視覺設計更加簡潔有序。投資人可以在短短數秒內一覽全球重要股市、外匯與期貨指數，更快速的做出投資決策。新首頁用區塊式設計，將新聞區分為頭條、台股、基金、國際股與外匯等五個區塊。透過這種設計，便利投資人瀏覽更大量的財經新聞。新的 Mini 線圖，比起舊設計有更大尺寸與全彩設計，讓投資人可以快速判讀當日即時大盤概況。,"[['最大改變', '是', '重新設計版面'], ['用戶', '掌握', '全球財經'], ['巨亨網總經理楊定國', '說', '我們相信巨亨用戶期待看到桌機首頁改版'], ['我們', '相信', '巨亨用戶期待看到桌機首頁改版'], ['巨亨用戶', '期待', '看到桌機首頁改版'], ['我們', '專注在', '優化行動端體驗'], ['關心資訊', '是', '市場報價'], ['新首頁', '使用', '跑馬燈'], ['投資人', '一覽', '重要股市'], ['線圖', '有', '更大尺寸設計']]"
0,20190402_746,【亞洲投顧】全新創高，奇鋐轉強，都是老朋友◆盤勢分析今天大盤量平上漲，當然還是多方趨勢，下一個目標為 10839 點，短線支撐 10458 點，沒跌破的話多方都算強勢。波段多單就是簡單大獲利，再度大賺 + 32 萬元，實際操作實際獲利；今年一月到三月已經大賺 + 242 萬元，都有實際對帳單分享，簡單操盤簡單獲利；3596 智易和 6290 良維以及 4953 緯軟和 3324 雙鴻，都從 11 月開始分享推薦操作，每一檔都有大波段漲幅，有買有獲利；看看台客 - 6278 台表科和 2367 燿華一路創高，6213 聯茂和 2383 台光電和 3037 欣興創高，然後換 3017 奇鋐接棒，資金行情一波接著一波，續抱就是拉開獲利，大家到底有沒有賺呢？龍哥準備佈局新主力股，快點跟上。 之前 1/2 親帶會員實際對帳單的波段多單大賺 + 85 萬元；大盤正式止跌之後，1/9 波段多單大賺 + 55 萬，先前大盤千點下跌和 600 點反彈，龍哥非常早之前就規劃，大盤跌破短線支撐 10940 點，偏空操作，親帶會員實際對帳單，波段空單累積大賺 + 268 萬；然後反彈行情，親帶會員大賺將近 + 100 萬；12/3 出現 + 50 萬的獲利；1/2 出現 + 85 萬的大獲利；2/20 又出現 + 54 萬元大獲利；3/12 出現大賺 + 130 萬的獲利；自動下單，3/22 又出現 + 56 萬的獲利，順著趨勢操作，享受獲利。資金持續輪動，留意籌碼穩定的主力股。多方格局股票有，6412 群電，2312 金寶，3017 奇鋐，2454 聯發科，6147 頎邦，3034 聯詠，6176 瑞儀，2392 正崴，2474 可成，2367 耀華，2383 台光電，6213 聯茂，8046 南電，2455 全新，3105 穩懋，8210 勤誠，2480 敦揚科。目前波段操作策略，多方操作者，大盤帶量突破 9427 開始偏多操作，跌破 10458 點停利出場；空方操作者帶量跌破 10274 點開始偏空操作。蘇建豐 (股期龍心)  分析師以上資料僅供參考，投資時應審慎評估,"[['下一個目標', '爲', '10839點'], ['波段多單', '就是', '大獲利'], ['賺 + 242 萬元', '有', '對帳單分享'], ['緯軟', '開始', '分享推薦操作'], ['每一檔', '有', '大波段漲幅'], ['一波', '接著', '一波'], ['續抱', '就是', '拉開'], ['龍哥', '準備', '佈局'], ['跌破短線', '支撐', '10940點'], ['3/12', '出現', '130萬獲利'], ['322', '出現', '56萬獲利'], ['多方格局股票', '有', '2367羣電'], ['大盤帶', '突破', '9427開始操作'], ['9427', '開始', '操作'], ['空方操作者', '帶', '量'], ['開始', '偏', '空']]"
0,20190402_747,【亞洲投顧】未見轉折 多方不變◆盤勢分析昨日我們判定，台股開高後收了一根長黑棒，雖為弱勢 K 棒，並未對多方結構造成破壞，多方格局未變。今日受惠美股周一全面收漲，台股盤中在電子三雄領漲下，延續昨日走強氣勢，加上台塑三寶齊上攻，國泰金、富邦金與中信金等金融權值股同步攀揚，激勵台股再次挑戰 10700 點的關卡，後因獲利回吐賣壓出籠，終場只維持在開盤點附近，上漲 47.67 點，收在 10690.3 點，成交量  1333.67 億。今日台股收了一根小墓碑線，位置落在昨日 K 棒內，約在 K 線上部 1/3 的位置，成交量相較昨日縮減幅度不大，未出現背離訊號，不易造成突然的反轉，仍將延續既有的多方走勢機會大。以台股加權目前的位階看來，指數位於 10550 ~ 10800 點間，為多方延續區間，易由多方主導盤勢，逢回做多容易獲利。轉弱觀察點為 10550 點，跌破時走勢才易偏空。許真逢 分析師以上資料僅供參考，投資時應審慎評估,"[['】', '未見', '轉折'], ['我們', '判定', '收長黑棒'], ['臺股', '開', '高'], ['臺股盤中', '延續', '走氣勢'], ['今日臺股', '收', '小墓碑線'], ['位置', '落在', '昨日K棒內'], ['指數', '位於', '10800點間'], ['觀察點', '爲', '10550點'], ['走勢', '偏', '空']]"
0,20190402_748,彭博：蘋果瞄準印度市場 鴻海將於當地試生產最新款iPhone據《彭博》引述知情人士說法，隨著蘋果致力於在印度市場上提振手機銷量，鴻海 () 將在未來幾週內開始在印度試生產最新款 iPhone。知情人士說，在 iPhone X 系列設備試生產之後，鴻海在印度南部城市金奈之外的工廠，將開始全面進行組裝。在鴻海之前，緯創 () 已經在班加羅爾的一家工廠，生產 iPhone 6s、iPhone SE 和 iPhone 7 等舊款機型。在中國手機生產商大軍壓境下，蘋果在印度市場只是一個相對的小角色，出貨量僅占印度手機總量的 1% 左右。在這個全球成長速度最快的主要市場，蘋果的致命傷在於價格，如果能在印度本地生產，有助於蘋果避開 20% 的進口關稅，並滿足 30% 的本地採購規範，得以取得在印度開設零售商店的資格。Counterpoint Research 的研究主管 Neil Shah 表示，蘋果一直認為，印度市場看上去微不足道，這說明蘋果的戰略一直是短視的。他說：「他們還沒有充分利用當地的發展潛力—今年印度預計將有 5 億智慧手機用戶。」Shah 指出，隨著蘋果在中國的市占下降，以及美中貿易戰的升溫，蘋果需要將業務拓展至印度，「蘋果不再希望將所有雞蛋放在一個籃子裡」。去年，印度人購買了超過 1.4 億支智慧手機，而蘋果僅售出其中 170 萬支，因為消費者更青睞來自中國的高 CP 值機型。在小米公司的印度網站上，紅米 Note 7 的售價為 9999 盧比 (約 143 美元)，是蘋果在印度銷售的 iPhone X 價格的十分之一。根據 Shah 的說法，在 2019 年的前兩個月，蘋果在印度的狀況更慘，僅出貨約 15 萬台 iPhone，整個第 1 季的出貨，可能年減 50%。知情人士說，在今年 9 月份蘋果發佈下一代 iPhone 的時候，鴻海在印度的組裝線將服務於當地和出口市場，並預計鴻海在此地的投資會隨著產能而擴大。鴻海在印度安得拉邦和坦米爾納杜邦已擁有兩個組裝廠，為小米和諾基亞組裝設備。去年 12 月，印度媒體報導引用了印度的一次內閣會議上宣布的消息，指鴻海將於 2019 年在其金奈工廠生產 iPhone。《彭博》未能獲得來自蘋果及鴻海集團對知情人士說法的回應。,"[['蘋果', '瞄準', '新款iPhone據彭博引述知情人士說法'], ['新款iPhone據彭博', '引述', '知情人士說法'], ['蘋果', '致力於', '提振手機銷量'], ['鴻海)', '開始', '試生產 iPhone'], ['知情人士', '說', '在工廠開始進行組裝'], ['在工廠', '開始', '進行組裝'], ['蘋果', '只是', '小角色'], ['出貨量', '佔', '左右 '], ['蘋果致命傷', '在於', '價格'], ['生產', '有助於', '蘋果避開進口關稅'], ['蘋果', '避開', '進口關稅'], ['印度', '開設', '零售商店'], ['研究主管Neil Shah', '表示', '蘋果認爲微不足道'], ['蘋果', '認爲', '微不足道'], ['這', '說明', '蘋果戰略是短視的'], ['蘋果戰略', '是', '短視的'], ['他們', '充分利用', '發展潛力'], ['今年印度', '預計', '有智慧手機用戶'], ['Shah', '指出', '蘋果需要拓展'], ['蘋果', '需要', '拓展'], ['蘋果', '希望', '放在一個籃子裏'], ['印度人', '購買', '智慧手機'], ['了', '超過', '1.4'], ['蘋果', '售出', '170萬支'], ['消費者', '青睞', '高CP值機型'], ['消費者青睞高CP值機型', '來自', '中國'], ['知情人士', '說', '組裝線服務'], ['組裝線', '服務於', '當地'], ['安得拉邦', '擁有', '兩個組裝廠'], ['印度媒體報', '導引', '宣佈消息'], ['鴻海', '生產', 'iPhone'], ['彭博', '獲得', '對回應'], ['彭博獲得對回應', '來自', '蘋果']]"
0,20190402_749,〈龍邦營運展望〉出清廈門國貿金融中心公司30%股權 貢獻每股稅前2.095元龍邦國際 () 今 (2) 日股票暫停交易，下午由副總經理林尚良召開重大訊息說明會，董事會決議出清廈門國貿金融中心公司 30% 股權，預計處分利益約為 10.6 億元，將趕在第 2 季底前入帳，貢獻龍邦每股稅前 2.095 元。龍邦國際今日董事會決議，與廈門國貿集團簽訂股權轉讓協議，出售廈門國貿金融中心開發有限公司 30% 股權，總交易 5.01 億元 (含稅)，預計處分利益約 10.6 億元，龍邦出清此地產開發投資案 30% 股權後，從此在中國大陸地區已沒有投資項目。不過，林尚良也指出，龍邦國際結束廈門開發兩岸金融中心投資項目後，未來中國大陸若有合適投資項目，仍會進行投資。龍邦國際 2011 年投資 1.8 億元，與大陸國營企業廈門國貿控股集團有限公司、廈門國貿集團股份有限公司等共同合資開發兩岸金融中心 (湖里規劃區) 第一個項目，該項目位於廈門市湖里區的「廈門國貿金融中心」不動產，是海峽兩岸首次攜手合作完成並向世界展現的顯著地標建築。龍邦投資初始著眼項目是廈門市政府推動的重點專案，對於増進兩岸交流、發揮各自優勢，增加市場競爭力、從而精心打造國際 5A 智慧化甲級辦公商業大樓，迄今已達完工結案並正式納入營運。龍邦考量整體策略，及持續推動國內、外投資所需，經今日董事會議決議通過，董事長林國興正式宣佈龍邦國際所持有「廈門國貿金融中心開發有限公司」30% 股權，轉讓合資股東大陸國營企業廈門國貿集團股份有限公司。龍邦去年財報稅後純益 2510 萬元，年減 97.92%，每股純益僅有 0.05 元，市場人士昨日推估在為今年的獲利表現上，龍邦可能以處分廈門國貿金融中心開發有限公司股權案挹注獲利。,"[[' 日股票', '暫停', '交易'], ['處分利益', '爲', '10.6億元'], ['(', '含', '稅'], ['龍邦', '沒有', '投資項目'], ['林尚良', '指出', '中國大陸有投資項目'], ['龍邦國際', '結束', '投資項目'], ['中國大陸', '有', '投資項目'], ['龍邦國際\xa0', '投資', '1.8億元'], ['該項目', '位於', '不動產'], ['的', '顯', '地標'], ['著眼項目', '是', '重點專案'], ['對於', '増進', '兩岸'], ['董事長林國興', '宣佈', '持有30%廈門國貿金融中心開發有限公司股權'], ['龍邦國際所', '持有', '30%廈門國貿金融中心開發有限公司'], ['龍邦', '純益', '2510 萬元'], ['每股', '僅有', '0.05元'], ['龍邦', '挹注', '獲利']]"
0,20190402_750,信邦五大產品線同增溫 3月、Q1營收分創新高與歷年同期高信邦 () 今 (2) 日公告 3 月合併營收 15.21 億元，月增 26.05%，年增 20.35%，在工作天數與產能恢復正常，加上五大產品線營收同步攀揚，帶動 3 月營收創單月新高；第 1 季合併營收為 40.55 億元，季增 4.83%，年增 14.66%，寫歷年同期新高。信邦指出，3 月在工作天數及產能恢復正常下，醫療及健康照護產業銷售量月增 22%、汽車產業銷售量較上月大增 44.26%、綠能及節能月增 26.62%、工業應用月增 44.81%，通訊及電子週邊小幅成長 3.44%，帶動整體營收創新高。從第 1 季整體表現來看，信邦表示，公司 MAGIC 5 大產品線中，今年首季營運表現大多優於去年同期，僅汽車產業營收受到整體汽車產業停滯影響，銷售量較去年同期小幅衰退 3.86%，隨著各產業需求逐漸增溫，預期第 2 季營運將會優於第 1 季。產品別銷售比重方面，信邦第 1 季連接線組生產銷售營收占比為 77.46%，連接器及零組件銷售占比為 22.54%。從應用來看，工業應用產業佔 31.11%；通訊及電子週邊產業 25.83%；綠能及節能產業 25.42%；醫療及健康照護產業 9.20%；汽車產業 8.44%。,"[['五大產品線', '增', '15.21億元3月'], ['合併營收', '爲', '40.55億元'], ['信邦', '指出', '月增'], ['信邦', '表示', '營運表現優於去年同期'], ['營運表現', '優於', '去年同期'], ['汽車產業營收', '受到', '停滯'], ['營運將會', '優於', ' 季'], ['工業應用產業', '佔', '31.11%']]"
0,20190402_751,台股首季大漲近10% 法人示警：漲多回檔加大 指數Q2整理機率大美中貿易戰正面發展、聯準會鴿派立場明顯，台股第 1 季在資金行情推升下，大盤大漲近 10%，但投信認為，時序邁入第 2 季，台股歷經首季漲多壓力、傳統淡季等效應下，可能進入震盪整理格局，選股建議可由下而上，挑選評價合理的族群。野村投信今 (2) 日舉行第 2 季台股投資展望記者會，野村投信國內股票投資部主管姚郁如表示，台股第 1 季大漲 9.37%，重返萬點，但也因首季漲幅過大，第 2 季可能面臨漲多壓力，陷入區間整理而且類股族群間差異浮現，建議應由下而上選股，兼顧評價合理性。施羅德投信認為，5 月將公布第 1 季財報，考量首季有農曆假期、景氣尚未明顯回溫等因素影響，財報表現可能不如預期，屆時台股恐將陷入震盪，建議可挑選殖利率較高的個股布局。在資金面部分，根據統計，今年前 2 月外資買超台股逾千億元，顯示外資仍看好台股後市，以評價面來說，目前台股本益比在長期均職 15 到 16 倍，股價淨值比 1.6 倍低於長期平均值，位於中等偏低的水準。姚郁如表示，干擾市場已久的美中貿易戰目前朝正面情勢發展，加上聯準會態度偏鴿暫停升息循環，激勵全球股市走揚，從基本面角度來說，上半年雖有經濟成長率放緩、庫存待消化的壓力待解，但預估在上半年陸續消化庫存，下半年有機會反彈，以電子產品來說，近期出口已有回溫跡象。以個別產業來，野村投信點名看好 5G、多鏡頭、AMOLED、電動車與自動化等族群都是中長期可以注意的趨勢；至於投資人偏愛的高殖利率個股，姚郁如認為，高殖利率雖具吸引力，被視為選股的條件，有些個股本益比偏高，選股時要綜合考慮。另外金融股部分，姚郁如說，金融股中壽險與銀行類股部分，壽險去年有 IFRS 9、遞延所得稅挹注，加上投資收益挹注，帶動去年第 1 季獲利亮眼，但也因此墊高基期；至於銀行類股盈餘成長相對穩定，這是選股需要特別留意的。施羅德台灣樂活中小基金經理人詹祖光表示，台股中不乏 5% 以上的高殖利率個股，預料將成中長線資金偏好的標的，此可視為大盤震盪時的下檔保護。 詹祖光指出，過去常說第 2 季是「五窮六絕」的產業淡季，但這樣的狀況只適用於 PC 產業，隨著現在產業類別愈來愈多元，有網通、資料中心、電動車、5G 基建、物聯網 (IoT，Internet of Things)、消費性產品手機週邊產品如耳機等等，每個產業淡旺季都不同，已經沒有全面性的五窮六絕，投資人不用過於憂心。,"[['投信', '認爲', '時序邁入 季'], ['時序', '邁入', ' 季'], ['臺股', '進入', '整理格局'], ['野村投信', '舉行', '季臺股投資展望記者會'], ['首季', '有', '等假期因素影響'], ['財報表現', '不如', '預期'], ['臺股恐', '陷入', '震盪'], ['外資', '看好', '臺股後市'], ['股價淨值', '低於', '長期平均值'], ['，', '干擾', '市場'], ['目前美中貿易戰', '加上', '升息循環'], ['上半年', '雖有', '壓力待解'], ['庫存', '待', '消化'], ['近期出口', '已有', '回溫跡象'], ['投信點名', '看好', '等5G族羣都是注意趨勢'], ['等5G族羣', '都是', '注意趨勢'], ['姚鬱如', '認爲', '視爲選股條件'], ['高殖利率', '具', '吸引力'], ['姚鬱如', '說', '墊'], ['這', '是', '選股需要留意的'], ['選股', '需要', '留意'], ['選股', '需要', '留意'], ['中小基金經理人詹祖光', '表示', '乏'], ['\xa0詹祖光', '指出', '這樣狀況適用於PC產業'], ['第 2季', '是', '產業淡季'], ['這樣狀況', '適用於', 'PC產業']]"
0,20190402_752,【永豐期貨】台指選擇權盤後－高檔追價意願降低 台股開高震盪小漲◆盤勢分析期貨走勢週二上漲 38 點至 10678 點。價差方面，逆價差擴至 - 12.3 點，電子期逆價差縮至 - 0.13 點，金融期轉為逆價差 - 0.88 點。現貨部分，三大法人買超 93.54 億元；而在淨部位方面，三大法人淨多單增加 1085 口至 28471 口，其中外資多單加碼且空單減碼，淨多單增加 1441 口至 60207 口；十大交易人中的特定法人全月份淨多單增加 4146 口至 21723 口。週一中國與美國新公布的製造業 PMI 都優於預期，市場樂觀情緒帶動美國股市走揚，週二亞洲股市也都呈現跳高開出，開盤後再度向上挑戰 10700 關卡，不過台積電開高走低，而隨著美股電子盤走跌，鴻海、國巨、國泰金、富邦金等權值股也都出現漲幅收斂。終場開高走平上漲 47.67 點或 0.45%，收在 10690.3 點。整體而言，今天陸股與美股電子盤呈現漲多後降溫態勢，使台股呈現高檔量縮，日內震幅縮至不到 50 點，因此雖然目前均線多頭排列且 KD 交叉，但上檔 10700 點賣壓稍重，投資人仍須留意追高風險。選擇權分析全月份未平倉量 put/call ratio 值由 1.54 升至 1.58，大於中性值 1，反應籌碼面為偏多架構。而外資與自營都呈現加碼賣出 Put 的操作方式。VIX 指數下降 0.32 至 13.32。多項選擇權籌碼面顯示市場樂觀情緒較高。明日適逢週選擇權結算，OI 最大量支撐壓力區縮窄至 10650~10700 點，且 10650~10750 三個履約價 call 的 OI 平均高達 2.5 萬口，因此若國際上未發生重大變動，結算行情呈現高檔震盪整理機會相對較大。   (永豐期貨研調) 本投資研究報告由永豐期貨股份有限公司版權所有，未經授權，禁止轉載節錄。本資料內容僅供參考，客戶應審慎考量本身之需求與投資風險，本公司恕不負任何法律責任，亦不作任何保證。,"[['永豐期貨', '指', '選擇權盤'], ['高檔', '追', '價'], ['臺股', '開', '盤勢'], ['38點', '至', '10678點'], ['金融期', '轉爲', '逆價差點'], ['三大法人', '增加', '1085口'], ['1441口', '至', '60207口'], ['4146口', '至', '口'], ['中國公佈製造業PMI', '優於', '預期'], ['樂觀情緒', '帶動', '美國股市走揚'], ['等鴻海權值股', '出現', '漲幅收斂'], ['開高走平', '上漲', '47.67點'], ['投資人', '留意', '追高風險'], ['反應籌碼面', '爲', '偏多架構'], ['外資', '呈現', '操作方式'], ['多項選擇權籌碼面', '顯示', '較高'], ['壓力區', '縮窄至', '點'], ['1065010750OI', '高達', '2.5萬口'], ['客戶', '考量', '本身需求'], ['本公司', '恕', '不負任何法律責任']]"
0,20190402_753,【華冠投顧】台股高檔震盪依舊中性看待!清明連假是否要抱股?陳武傑 分析師武傑關注個股: 2442 新美齊、8213 志超、2069 運錩、4426 利勤、2327 國巨。煙火秀 10在美股持續大漲下，台北股市早盤僅上漲 + 52 點開出，上半場一度重返 10700 點大關；但是在高檔賣壓的湧出下，指數震盪走低，終場上漲 + 47 點作收，收在 10690 點。台股買壓持續放大，再度開高走低。目前台股基本上已經沒有太大的分析空間，一如我們先前所言；10650 點以上，高檔賣壓明顯放大，顯示大人們逢高進行減碼。但是因為台股緊接要面臨『清明連假』，長假前夕的壓力尚且合理；但是在國際股市大漲助攻下，外資呈現『有錢任性』的姿態，也是不爭的事實。明天是節前最後一個交易日，如果沒有國際股市的激勵，預料指數短線會有修正壓力；個股方面建議做在『汰弱留強』，積極面於台股『煙火季』!!強勢的個股有:6227 茂綸、3406 玉晶光、3338 泰碩、2317 鴻海、東科 KY、3704 合勤控、3037 欣興… 等，有這些股票的投資朋友要留意後勢並小心操作!弱勢股方面:1213 大飲、5210 寶碩、6169 昱泉、6235 華孚、6158 禾昌、1603 華電… 等，還是要提醒大家小心謹慎操作與分配，規劃好自己的資金，留意自身的買賣點按紀律操作，以上均可留意這些族群、集團與題材股的買點與賣點，祝大家操作順利!※以上內容由華冠投顧 陳武傑分析師 整理提供，投資人於投資前請審慎評估，遵守紀律，嚴設停利停損。,"[['華冠投顧', '中性看待', '高檔震盪'], ['分析師武傑', '關注', '個股'], ['走低', '作', '收'], ['收', '在', '10690點'], ['臺股', '沒有', '分析空間'], ['大人們', '進行', '減碼'], ['臺股', '面臨', '清明連假'], ['外資', '呈現', '有錢任性姿態'], ['外資呈現有錢任性姿態', '也是', '不爭事實'], ['明天', '是', '最後一個交易日'], ['預料指數短線', '有', '修正壓力'], ['投資朋友', '留意', '後勢'], ['投資人', '請', '審慎']]"
0,20190402_754,台灣大新總座林之晨宣示「超5G策略」 盼未來市值達千億美元台灣大哥大 (3045) 新任總經理林之晨於昨 (1) 日走馬上任，今 (2) 日在記者會中表示，台灣大最新「超 5G 策略」，希望以 10 到 15 年時間，以愛與永續為出發點，建構台灣大成一個超 5G 生態系與東南亞級的國際企業。林之晨提出的「超 5G 策略」，包括 Gift、Group、Grit、Green、GSEA(Greater South East Asia)等 5 大面向，將整合集團旗下影音巨擘「凱擘」、電商第一品牌 momo 以及 AppWorks 等企業，並善用台灣大的「大數據」天賦，在 700 多萬用戶以及近 800 家全通路門市基礎上連結運用，發展出更多樣、更創新的「超 5G」服務。林之晨表示，隨著 5G 時代大量開啟 AI、IoT、Big Data 等新科技應用，林總經理闡述台灣大最新的「超 5G 策略」，是用 5 組英文單字作為企業轉型的核心串連，首先「Gift」是善用集團的大數據，及七百萬用戶基礎和全通路經營、加上深厚的創新實力，全力運用這些多元天賦進行數位轉型；第二個 G 為「Group」，將整合集團的凱擘、momo、AppWorks 等企業聯手出擊，發揮集團最大的經營綜效；第三個 G：「Grit」，則是以 10 到 15 年的長線思維，發展超 5G 生態系；第四 G：「Green」堅持愛台灣、愛人類、愛地球，以作為國際級企業永續發展的宗旨；第五 G：「GSEA」(Greater South East Asia) 以台灣 5G 生態為基礎，建構台灣大成為「大東南亞級」國際企業目標邁進。林之晨比喻自己像外星人從一個星球 (AppWorks) 移民到另一個星球(台灣大哥大)，要把這個星球裡不同 DNA 組成成份快速整合，而台灣大連續 7 年 EPS 獲利王，是台灣市值第 16 大企業，主要是台灣大擁有很強快速迭代、數據導向與觀察調整能力。如今電信戰場已在改變，只做電信本業這塊是不夠的，台灣大必須轉型、另闢新戰場，要帶領團隊創造公司第二、第三、第四甚至是第 N 條成長曲線；同時面對 5G 世代來臨，他更要打破過去電信業零和的競爭關係，把對手當成合作夥伴。林之晨表示，在短期間，他已看到電商 momo 出現第二成長曲線，未來將不排除與 momo 相互合作，尤其台灣大每月擁有 700 多萬的活躍付費用戶，若將這些對台灣大信任的用戶轉移至 momo，不但可將 momo 推升為區域級的電商公司，甚至有機會成為亞洲 Amazon；中長期而言，如果把台灣大集團想像成 1 到 100 的加速器，再導入成立 9 年且擁有 328 家活躍新創公司，每年營業額到達 760 億的 AppWorks，有很多從 1 到 100 的公司，透過台灣大團隊的資產、品牌、通路助其成長下，每年將可培養 5 家從 1 到 100 的公司，進而成為台灣大加速器的助力軍，這是要創造第三、第四到第 N 條成長曲線的動能，而且是個 win-win 雙贏局面。林之晨指出，電信是個成熟產業，再過 5 到 10 年，不但將會被劃歸為傳統產業，屆時未能即時轉型成功的業者，還可能面臨生存危機，所以台灣大必須積極轉型升級，朝向數位、AI 人工智慧、IoT、(如車聯網) 等產業前進，AppWorks 也運用多年來在培育新創科技人才及資源整合能力，將台灣大在原有即已非常龐大而健全的電信體外，建構台灣大 + 富邦 + AppWorks 發揮 1+1+1>3 的生態圈效益，讓台灣大走出一個完全不同的電信格局，轉型成為新世代的科技公司，將由台灣放眼東南亞 6.5 億人口，拉大經營目標，讓台灣大的市值由現行的 120 億美元放大 10 倍，拉高到 1000 億美元。5G 預計在 2020 年商轉，林之晨坦承，由於 5G 建設是 4G 成本的 4 倍，電信業者想藉著 5G 之力轉型成為更上一層的商業模式，除了商業和工業情境外，未來 5G 要比的不是頻寬大、上網速度快，而是提供用戶或特殊場域 (如棒球場) 量身打造的解決方案。台灣大目前擁有 AppWorks 這個平台上的 328 家新創公司，再加上，每年吸收 70 個團隊，因此，當客戶有任何一個垂直場域需求時，台灣大就可立即與命運共同體的 AppWorks 組成優秀團隊，來解決 5G 時代所可能面臨的各種問題。在 5G 時代裡，林之晨指出，想打破過去競業間零和態勢，因為電信營運商要轉型進到數位領域，其實這個戰場比本來的電信業還要大一百、一千倍，大家在這個戰場裡所要面臨的競爭對手，不只是新創公司，還有本土大公司和國際大公司，進到這個戰場裡，所有電信公司目前都不是強勢的，也沒有零和的問題，盡管競業之間各自有不同的轉型策略，但是在數位的世界裡，林之晨沒有把競業當成對手，而是當成潛在的合作夥伴，一起去面對轉型的挑戰，找到下一波成長，例如台灣大和遠傳一起投資 LINE Bank，在互聯網金融的世界，彼此沒有任何包袱，所以一起手拉手。林之晨也認為，進入 5G 時代的電信商業模式若不改變的話，仍然用傳統賣網路、手機的商業模式，那可能不到 10 年後，台灣電信市場產值，可能只能容納 1-2 家電信公司存活下來。下一階段 5G 時代可能會有許多垂直型態的營運商出現，而工業物聯網 (IIoT) 和人工智慧物聯網 (AIoT) 更將會是未來跨產業合作新模式，可開拓「無人經濟」智慧商務新藍海；利用 MEC 邊緣運算及擴增實境 / 虛擬實境(AR/VR)，更可進一步推展 5G 多媒體應用，順勢導入新的商業服務機會；還有透過電信業者平台與生態系的開放，也可讓更多品牌與新創業者合作加入開發服務。,"[['臺灣大新總座林之晨', '宣示', '新任總經理林之晨走馬上任'], ['超5G策略', '盼', '市值'], ['「超 5G 策略', '希望', '爲出發點'], ['「超 5G 策略', '包括', '5大面向'], ['「', '超', '5G'], ['林之晨', '表示', '林總經理闡述超5G策略'], ['林總經理', '闡述', '超5G策略'], ['Gift', '善用', '集團大數據'], ['第二個G', '爲', 'Group'], ['Grit', '是', '以'], ['Green', '堅持', '愛臺灣'], ['Green', '堅持以', '作爲國際級企業發展宗旨'], ['建構', '爲', '國際企業目標'], ['林之晨', '比喻', '自己像外星人'], ['自己', '像', '外星人'], ['自己', '像從', '一個星球'], ['移民', '到', '大'], [' 年EPS', '是', '第 16大企業'], ['臺灣', '擁有', '快速迭代能力'], ['這塊', '是', '不夠的'], ['他', '打破', '競爭關係'], ['他打破競爭關係', '過去', '電信業零和'], ['林之晨', '表示', '他看到電商momo出現成長曲線'], ['他', '看到', '電商momo出現成長曲線'], ['電商momo', '出現', '成長曲線'], ['這', '是', '動能'], ['林之晨', '指出', '電信是成熟產業'], ['電信', '是', '成熟產業'], ['轉型業者', '面臨', '生存危機'], ['電信業者', '想', '5G力轉型'], ['未來5G比的', '不是', '寬大'], ['大', '擁有', '新創公司'], ['客戶', '有', '垂直場域需求'], ['客戶', '有', '垂直場域需求'], ['臺灣', '組成', '優秀團隊'], ['林之晨', '指出', '想打破過去競業間零'], ['大家面臨競爭對手', '只是', '新創公司'], ['所有電信公司', '不是', '強勢的'], ['各自', '有', '轉型策略'], ['林之晨', '當成', '對手'], ['彼此', '沒有', '任何包袱'], ['林之晨', '認爲', '用'], ['臺灣電信市場產值', '容納', '家電信公司存活'], ['工業物聯網IIoT', '是', '合作新模式'], ['未來', '跨', '產業'], ['虛擬實境', '推展', '多媒體應用']]"
0,20190402_755,【群益期貨】台股期權盤後－美股突破新高  台股高檔震盪◆盤勢分析美股續揚突破新高，激勵台股今日再度開高，但在連假賣壓依舊下，盤中一路橫盤遊走，成交量縮減至 1333 億。目前中美貿易談判持續進行，短線仍待避險賣壓續作消化沉澱後，台股將再呈現震盪後走揚。外資現貨買超 80 億，期貨淨多單增加至 60207 口。自營商選擇權淨部位，目前以賣買權和賣賣權作布局。四月選擇權籌碼呈現偏多格局，賣權 OI 大於買權 OI 之差距為十一萬四千餘口，買權 OI 凌亂布局在各履約價。週選方面，賣權 OI 增量呈現積極，目前多方持續往上表態。綜合以上，外資期現貨同步作多，自營商選擇權中性不變，月、週選偏多態勢，整體籌碼面偏多格局。技術面台股量能連日放大，目前在 3/22 由壓力轉作支撐下，短線的拉回仍可逢低偏多操作。,"[['成交量', '縮減至', '1333億'], ['避險賣', '壓續作', '消化沉澱'], ['臺股', '呈現', '震盪'], ['外資現貨買', '超', '80億'], ['籌碼', '呈現', '多格局'], ['大於買權OI差距', '爲', '十一萬四千餘口'], ['買權OI', '佈局在', '各履約價'], ['賣權OI增量', '呈現', '積極'], ['整體籌碼面', '多', '格局']]"
0,20190402_756,"【華冠投顧】清明連假前外資持續加買台股!受美股大漲激勵，今日台股在電子蘋果三王帶領開高震盪，終場上漲 47 點，漲 0.44%，以 10690 點作收，成交量 1,336 億。美股昨晚大漲，四大指數漲幅皆逾 1%! 因美公債殖利率 結束倒掛，中美製造業數據亮眼，本周中美在華盛頓續談。台股受激勵開高震盪上漲，但由於清明四天連假將至，節前賣壓與高檔獲利賣壓不輕，不過外資持續相挺買超台股 80 億元，投信買超 0.4 億元，自營買超 12.6 億元。結構方面: 電股漲 0.64%，金融股漲 0.25%，傳產股漲 0.23%，OTC 漲 0.52%。權值股方面: 蘋果三王，鴻海 (2317) 延續昨日漲勢，漲 1.2 元來到 82 元，台積電開高走低漲 05 元來到 246 元，大立光 (3008) 今日開高走高漲 145 元，漲 3.24%，來到 4625 元，站回月線。強勢股方面永冠 KY(1589)，創意 (3443)，直得(1597)，力旺(3529)，廣宇(2328)，全球傳(4540) 以及健策 (3653) 等亮燈漲停板!清明假期前剩明天一天交易日，外資放假前仍持續加碼台股，短線高點不預設立場，不過要小心漲多個股節前獲利賣壓，操作上不宜追高，逢低部局為宜。華冠證券投資顧問股份有限公司 (104) 金管投顧新字第 009 號資料僅供參考投資應審慎評估","[['外資', '買', '億元超臺股'], ['傳產股', '漲', '0.23%'], ['OTC ', '漲', '0.52%'], ['三王蘋果', '延續', '昨日漲勢'], ['05漲元', '來到', '246元']]"
0,20190402_757,【華冠投顧】指數量縮未過高、散戶空手等清明大盤趨勢》隨著美中的製造業指數上揚，美股突破向上表現，雖然量能始終沒有放大，但是 K 線的斜率卻是不斷的向上成長，在市場半信半疑的前提之下，股價卻是不斷的走高。觀察融資水位，從去年十月股災以來，成長幅度相當的小，這代表多數的小額投資人，在沒有看到明顯的證據之前，仍舊維持觀望的角度。其實一月營收高於去年的公司不在少數，這代表即使美中貿易戰，市場的需求仍舊持續成長，可見股價的上漲來自於可見的營收，而不是反彈的預期，清明連假將至，賣股的小額投資人增加，然而若股價高檔不墜，那麼這些籌碼又是花落誰家呢？？類股表現》雖盤勢震盪整理，不過資金的動能轉向散熱，包括 3338 泰碩、3653 健策、3324 雙鴻、3071 協禧等，都出現不少的量能推升，而 6230 超眾、3483 力致則是進入整理。另一個族群就是工具機，像是 2049 上銀、1597 直得、4540 全球傳動、1589 永冠 - KY 等，一旦美中貿易談判成功，則工具機將會重回多方趨勢，其它跌深的族群，也都有機會輪動表現，後續被動元件、車用族群等跌深的個股，後續不妨可多加留意。華冠投顧 鍾騏遠分析師華冠證券投資顧問股份有限公司 (104) 證管投顧新字第 009 號本資料僅供參考投資時應審慎評估,"[['K線斜率', '卻是', '不斷成長'], ['股價', '卻是', '不斷走高'], ['這', '代表', '小額投資人'], ['營', '收高於', '去年'], ['收高於去年公司', '不在', '少數'], ['股價上漲', '來自於', '可見營收'], ['，', '賣', '股'], ['這些籌碼', '是', '花落誰家'], ['資金動能', '轉向', '散熱'], ['力致', '是', '進入整理'], ['另一個族羣', '就是', '工具機'], ['2049', '上', '銀'], ['跌族羣', '重回', '有機會']]"
0,20190402_758,【華冠投顧】噴升之前的預備動作週一數據，美國 2 月零售銷售月率，值 - 0.2%，低於預期值 0.3%；美國 3 月 Markit 製造業 PMI 終值，值 52.4，低於預期值 52.5。雖數值不如預期，但美股仍持續攀高。06 ，短期續觀測下方 25799-25616 初步支撐區間之力道如何？此區若遭摜破，則向下力道增。而，目前處於第五波位置；短期暫觀測下方 10566-10476 初步支撐區間之力道如何？本月的重頭戲，美國 3 月季調後非農就業人口變動，即將於本週五公佈，前值下壓至 2.0 萬人，本次預期值 17.5，續關注。上週五美國總統川普又再度的對美聯儲重砲轟擊，他表示，若不是他們採取提高利率這項的錯誤政策，美國的 GDP 值將會更優，股市會更飆。川普那張嘴所造成的不確定性，仍將持續影響著市場，交易者操作仍須謹慎！美中貿易談判上週末為期二日，在北京展開第八輪磋商。中方，就結構性與貿易失衡部分跟美方釋出了善意。接下來，中國談判代表，由劉鶴率領，將於本周再次趕赴美國，進行下一輪談判，續關注其後續發展。近期熱門標的股評析、推演：6449 鈺邦：於下方支撐區止跌，後續具上攻之契機。看長多！下圖為昨日之述，今日已漸漸往上發展。2327 國巨：看長多！目前之下降趨勢以修正波視之，轉強觀測區若被站上，則向上續航力增。今日仍在低位區徘徊，續依此圖為參考依據。 作者：華冠投顧 葉良超 分析師,"[['數值', '不如', '預期'], ['此區', '遭', '摜破'], ['他', '表示', 'GDP值更優'], ['他們', '採取', '錯誤政策'], ['那張嘴造成不確定性', '持續', '影響市場'], ['中方', '釋出', '善意'], ['下圖', '爲', '昨日述'], ['華冠', '投顧', '葉良超分析師']]"
0,20190402_759,【日盛投顧】短中多不變  續攻與否視量而定◆盤勢分析1. 國際股市持續上漲，週二台股延續週一漲勢，呈現開高走高、維持高檔強勢整理格局，各類股普遍上漲，電子表現相對強勁，終場指數上漲 47.67 點，漲幅 0.45%，收在 10690.30，成交金額稍稍萎縮至 1336.68 億元。2. 觀察台股技術面，台股於 3 月中旬突破走跌年線壓力，經過簡單的突破回測，長期均線年線已經從壓力轉為支撐，近三個交易日成交金額亦有明顯放大，再加上日 KD 指標在 50 附近隨即再度呈現交叉向上，台股短、中多格局仍在延續中。現階段上檔較大壓力區將落在去年第三季的頭部整理型態，頸線位置約在 10700 附近，整個頭部型態約在 10700-11200 附近，由於頭部型態壓力沈重，成交金額必須穩定增加，最好是 20 日均量能夠出現走揚，否則台股恐怕難脫年線 10400 附近至頭部頸線 10700 附近的區間整理格局。觀察台股籌碼面，外資 + 80.44 億元、投信 + 0.45 億元、自營商 + 12.65 億元，三大法人合計買超 93.54 億元。 電子為主軸  聚焦 PCB、網通、IC 設計1. 觀察台股盤面結構，電子 + 0.64%、金融 + 0.25%、非金電 + 0.23%、櫃檯市場 + 0.51%，近兩個交易日電子股在權值電子股與個別族群帶動下，成為盤面表現最強勢的區塊，PCB、連接線器、IC 設計、網通、散熱、手機零組件、光學為主軸；金融股持續呈現整理格局，僅有個股表現，未來必需等待指數上攻，金融股才有跟進表現機會，否則仍是以整理格局機率居大。至於非金電，近期以水泥、機電、高股息殖利率股較值得留意。,"[['收', '在', '10690.30'], ['成交金額', '萎縮至', '1336.68'], ['臺股', '突破', '跌年線壓力'], ['年線', '轉爲', '支撐'], ['成交金額', '有', '明顯放大'], ['日指標', '呈現', '交叉'], ['多格局', '在', '延續中'], ['壓力區', '落在', '頭部整理型態'], ['頸線位置', '在', '10700附近'], ['整個頭部型態', '在', '10700-11200附近'], ['20日均量', '出現', '走揚'], ['臺股', '脫', '整理格局'], ['三大法人', '買', '億元'], ['交易日電子股', '成爲', '爲主軸'], ['金融股', '呈現', '整理格局'], ['金融股', '有', '跟進機會'], ['金融股有跟進機會', '跟進', '表現']]"
0,20190402_760,"電子菸商機無限 引爆百年菸業革命電子菸近年成長趨勢飆升，台灣科技廠商擁有良好的電子製造業基礎，能否透過既有優勢，在電子菸市場中創造出優勢競爭力，為產業供應鏈創造最大價值，電子菸背後的現象與產業邏輯，是提供投資人解讀台灣廠商供應鏈的重要關鍵。最新一期《財訊》雙週刊以百年菸業革命為題，解析暴紅的電子菸現象，分析背後的產邏輯。財訊指出，電子菸流行市場不限中、日、韓等亞洲國家；在美國，一支售價 35 美元的 Juul 品牌電子菸，因為時髦外型，在廠商緊追潮流的宣傳包裝下，大受年輕世代歡迎。媒體甚至創造新字回應熱潮，學生族群不稱抽 Juul 是「smoking」，而是稱為「Juul ing」；在美國，「Juul」幾乎成了電子菸的代名詞。因此，當 Juul 電子菸公告毛利率 75%，一年營收可達 20 億美元時，奧馳亞集團 (Altria Group；菲莫國際母公司) 立刻投資 Juul 128 億美元，收購 35% 股權；換句話說，一家只成立三年的獨角獸公司 Juul，市值已經來到 380 億美元，為為 1.14 兆元，超越鴻海 () 1 兆元市值。全球第一大傳統菸草商菲莫國際 (Philip Morris, PMI) ，2018 年引爆傳統菸草業的破壞式創新，推出外型簡約的 IQOS 加熱菸，除潮流外型，明星效應的發酵更在中、日、韓等亞洲市場掀起一陣排隊風潮，電子菸市場已為傳統菸草工業拉下革命序幕。除亞洲市場外，2017 年號稱「電子菸界 iPhone」的電子菸品牌 Juul Labs 也迅速竄起，在兩年內狂掃菸業市場，於 2018 年躍升為電子菸龍頭，市佔率高達 72%，在被菸草巨頭 Altria 收購 35% 股權後，市值大幅飆升至 380 億美元 (約 1.14 兆)，超越台灣電子龍頭鴻海集團的 1 兆元市值。根據 Research and Markets 統計，全球菸製產品銷售總額約 8000 億美元左右，電子菸市場目前銷售佔比僅不到 10%，已造成資本市場的瘋狂併購，若以年增率 20% 的速度成長，商機將持續擴大。一直以來，賣香菸的公司比賣可樂更好賺；菸草業一直是少數壟斷的市場，開放電子菸，才會有新進廠商跨入，和汽車產業的道理相同。所以，拿可口可樂和奧馳亞相比，誰適合長期投資？若從 2000 年統計，兩者殖利率約為 5 %，但巴菲特最愛的可口可樂，股價從 28 美元左右，來到目前 46 美元；但奧馳亞 (MO) 的股價，則由 5 美元一路飆升至目前 56 美元，雙方有極大的差距。這幾年，電子菸的崛起，奧馳亞扮演舉足輕重的角色，奧馳亞除在去年底成功入股 Juul，順利搶下美國電子菸市占版圖外；2014 年在日本推出 IQOS 品牌的加熱菸，快速拿下日本市場整體菸市的 12% 占比，電子菸快速崛起，已大有取代傳統菸草的態勢，就連高盛證券都認為，「電子菸將是改變未來的商品之一」。","[['科技廠商', '擁有', '電子製造業基礎'], ['電子煙背後現象', '是', '重要關鍵'], ['電子煙背後現象是重要關鍵', '提供', '投資人解讀臺灣廠商供應鏈'], ['投資人', '解讀', '臺灣廠商供應鏈'], ['雙週刊', '解析', '電子煙現象'], ['財訊', '指出', '流行市場不限亞洲國家'], ['流行市場', '不限', '亞洲國家'], ['品牌電子煙', '大受', '年輕世代歡迎'], ['媒體', '創造', '新字'], ['學生族羣', '稱', 'Juul是smoking'], ['Juul', '是', 'smoking'], ['Juul', '成', '電子煙代名詞'], ['營收', '可達', '20億美元'], ['營收', '可達', '20億美元'], ['菲莫國際母公司', '投資', 'Juul128億美元'], ['市值', '來到', '380億美元'], ['2018年', '引爆', '破壞式創新'], ['明星效應發酵', '掀起', '排隊風潮'], ['電子煙市場', '爲', '革命序幕'], ['2017 年', '號稱', '電子煙界iPhone'], ['菸草巨頭Altria', '收購', '股權'], ['市值', '飆升至', '380億美元'], ['，', '賣', '香菸'], ['菸草業', '是', '少數壟斷市場'], ['誰', '適合', '投資'], ['殖利率', '爲', '5'], ['股價', '來到', '46美元'], ['MO股價', '飆升至', '56美元'], ['雙方', '有', '極大差距'], ['高盛證券', '認爲', '電子煙是改變未來商品之一'], ['電子煙', '是', '改變未來商品之一']]"
0,20190402_761,客戶釋單轉旺＋零件價格下滑 凌華Q2業績再戰新高 今年EPS估翻倍升凌華 (6166) 今年受惠工業物聯網 (IIoT) 商機發酵，核心客戶釋單積極，加上原料價格下滑，法人看好今年毛利率將年增逾 1 個百分點，首季業績強勁，第二季即將再突破 30 億元大關，挑戰歷史新高，今年 EPS 逾 2.5 元，年增 1.2 倍。凌華去年營運落底，第四季因客戶大單開始出貨，單季營收以 30.28 億元創下歷史新高記錄，單季 EPS 回升到 0.54 元，累計全年營收 104.8 億元，EPS 為 1.12 元，營收獲利皆下滑。不過，因美國網通與量測自動化客戶釋出訂單數量放大，加上台灣 LED 設備客戶訂單也開始轉強，法人評估凌華上半年業績將維持雙位數年增，首季業績估 25.6 億元維持高檔，EPS 估 0.28 元，獲利大幅優於同期的 0.1 元；第二季業績則再戰新高，EPS 上探 0.8 元。法人指出，今年凌華網通業務 (NCP) 在既有美國大客戶的釋單放大之下，將成為最大的成長動能來源，業績年增率上探 2 成，物聯網解決方案 (IST) 次之，貢獻業績之年增率也上看 15%，嵌入式平台業務 (EPM) 則有機會年增 8-12%。預估今年營收將逾 115 億元創高，毛利率提升逾 1 個百分點，稅後賺逾 4 億元，EPS 2.51 元，較去年大幅回升超過 1 倍。,"[['第二季', '看好', '毛利率增逾個百分點'], ['毛利率', '增逾', '個百分點'], ['第四季', '開始', '出貨'], ['單季營收', '創下', '歷史新高記錄'], ['EPS ', '爲', '1.12元'], ['臺灣設備客戶訂單', '開始', '轉強'], ['凌華業績', '維持', '雙位增'], ['25.6億元', '維持', '高檔'], ['EPS', '估', '0.28元'], ['獲利', '優於', '0.1元'], ['法人', '指出', '凌華網通業務NCP成爲成長動能來源'], ['在', '既有', '大客戶釋單放大'], ['凌華網通業務NCP', '成爲', '成長動能來源'], ['有機會', '年增', '8'], ['將', '逾', '115億元創高'], ['回升', '超過', '倍']]"
0,20190402_762,【華冠投顧】盤後分析：工具機接棒上攻劉彥良 分析師美中經濟數據報喜，台股自然維持強勢格局，盤面上還是維持輪動輪漲，其中工具機族群在今天表態，除了指標股上銀 (2049) 大漲 7% 外，二線的直得 (1597) 和全球傳動 (4540) 更是攻上漲停。5G 相關族群今天有也有表現，像是散熱相關的健策 (3653) 和泰碩 (3338) 亮燈漲停、通訊元件設備的台揚 (2314) 和合勤控 (3704) 盤中亦是亮起紅燈。在國際股市好轉以及融券仍在高水位之下，月線未失守前的台股都可望維持強勢格局，明天或有長假賣壓出籠但對行情影響不大，連假過後則要反映的是月報表現。選股上，除了以未來公告的 3 月營收作依歸，還要搭配外資或投信的買盤作參考，第二季一向是大多數公司的淡季，但是法人會領先布局下半年看好的公司，這就是投資朋友要把握的機會。※以上內容由華冠投顧 劉彥良分析師 整理提供，投資人於投資前請審慎評估，遵守紀律，嚴設停利停損。,"[['劉彥良', '攻', '經濟數據報喜'], ['臺股', '維持', '強勢格局'], ['相關族羣', '表現', '盤中是亮紅燈'], ['盤中', '是', '亮紅燈'], ['融券', '在', '高水位之下'], ['月線失守前臺股', '維持', '強勢格局'], ['反映的', '是', '月報表現'], ['第二季', '是', '大多數公司淡季'], ['這', '就是', '投資朋友機會'], ['投資人', '請', '審慎']]"
0,20190402_763,【華冠投顧】融券回補潮要注意甚麼?2019.04.02 盤後分析#大盤短評：進入週線 B 波，多方結構看 10458，不破都先看多。#盤勢分析大盤今天一度收復 10700，量能也持續大於月均量，就量能跟結構來說還是持續偏多，觀盤重點一樣看好 03/29 低點 10525，不破都屬強多，結構則觀察 03/25 低點 10458，不破都站多方，而接下來進入融券回補期，明天是 4 月第一波回補，4/15 前後也有一波，最後 4/22 附近也有大量個股要融券回補，要留意的是融券回補的買盤力道消失後，許多無題材或基本面支撐的個股有較大機會出現修正。#類股方面，不少今明兩天面臨融券回補的標的這兩天都有回補買盤出現，8299 群聯明天是回補日，已經連續嘎一週以上最為強勢，其它如 2458 義隆也是連續兩天嘎空，而如 3406 玉晶光回補日為 04/19，也已經開嘎三天，其他即將面臨強制回補且已經有嘎空現象的標的還有 8016 矽創、8431 匯鑽科、6150 撼訊，提醒有空單的朋友要特別注意。作者: 華冠投顧 海豚交易室 范振鴻分析師華冠證券投資顧問股份有限公司 (104) 證管投顧新字第 009 號本資料僅供參考投資時應審慎評估,"[['大盤', '收復', '10700'], ['量能', '大於', '月均量'], ['結構', '觀察', '03/25低點10458'], ['明天', '是', '4月第一波回補'], ['最後4/22附近', '也有', '大量個股'], ['留意的', '是', '無題材支撐個股有較大機會'], ['無題材支撐個股', '有', '較大機會'], ['兩天', '面臨', '回補'], ['羣聯', '是', '回補日'], ['2458義隆', '也是', '嘎空'], ['其他', '面臨', '回補'], ['即將', '面臨', '回補'], ['其他面臨回補標的', '還有', '8016矽創撼訊']]"
0,20190402_764,三能-KY無錫新廠建廠進度超前 預計10月起投產專業烘焙器具製造商三能 - KY() 正式動工興建中國大陸無錫自動化新生產線，並加速導入大陸大型烘焙廠訂單，目前施工進度超前，新廠將提前在 10 月底進入試量產，可望迎接市場復甦。三能在今 (2) 日應邀赴交易所召開業績說明會，由財務長蕭凱峰及三能台灣子公司副總經理張心怡主持。三能對江蘇無錫新生產線的建置，配合自動化設備導入、經銷商擴張及電商業務成長，新廠完工後，產能逐漸量產產後，將可提升每月營收 3000 - 5000 萬元。三能提出的資料顯示，去年台灣烘焙業產值達 328 億元，且將維持 10% 年成長率。三能財務長蕭凱峰指出，三能參加台灣烘焙業年度盛事「2019 台北國際烘焙暨設備展」，新推出「無糖吐司盒」獲市場好評，產品烘烤色澤也佳，將在 5 月上海烘焙展中，向市場推廣。三能指出，今年上下半年營收比重為 40% 比 60% ，下半年業績將看旺。三能去年因美中貿易戰影響中國大陸企業設備投資意願，去年營收、獲利都衰退，去年營收 19 億元，稅後純益 1.76 億元，年減 27.03% ，每股純益 3.28 元，董事會已決議，擬對去年股利配發 3 元現金，股東會在 6 月 20 日召開。在兩岸市場以外，三能預計海外下一個擴充投資設廠地點，應屬具人口紅利、消費力正在提升之中的印尼，看上印尼人口紅利優勢，目前在當地已設立有銷售據點，設廠方案仍在規劃。,"[['起', '投產', '器具製造商'], ['新廠', '進入', '試量產'], ['三能', '赴', '交易所'], ['對建置', '配合', '自動化設備導入'], ['提出資料', '顯示', '臺灣烘焙業產值達億元328'], ['臺灣烘焙業產值', '達', '億元328'], ['三能財務長蕭凱峯', '指出', '三參加臺北國際烘焙'], ['三', '參加', '臺北國際烘焙'], ['無糖吐司盒', '獲', '市場好評'], ['三能', '指出', '營收比重爲'], ['美中貿易戰', '影響', '中國大陸企業設備投資意願'], ['每股', '年減', '27.03% '], ['投資地點', '屬具', '消費力提升之中印尼'], ['，', '設', '廠'], ['設廠方案', '在', '規劃']]"
0,20190402_765,【華冠投顧】大漲再獲利放口袋一筆歐美股市大漲，台股延續昨日的多方氣氛，但我們提及多次，這邊是壓力區，就算指數上漲，也不是所有股票通通都漲，以結構來看，今日漲跌家數是五五波，並沒有因為國際股市大漲普天同慶，接下來有四天連假，風險承受度比較低的，低水位持股，下週再看無妨。昨日獲利出了 2313 華通及 3019 亞光，今天再把 4943 康控獲利放口袋，明日康控有法說，股價近期己先行表態一段，法說會到底是延續漲勢還是變法會，這個市場自然會有答案，我們不需要去拚一把，先獲利放口袋再說，接下來一樣留意投信法人的資金流向，有族群性的話，應有機會是第二季的行情重點。這邊是指數壓力區，還是個股為主，有好的標地，會再擇機進場，祝大家明日操作順利。作者: 華冠投顧 謝宗霖分析師   華冠證券投資顧問股份有限公司 (104) 證管投顧新字第 009 號本資料僅供參考投資時應審慎評估,"[['臺股', '延續', '多方氣氛'], ['這邊', '是', '壓力區'], ['漲跌家數', '是', '五五波'], ['國際股市', '大漲', '普天同慶'], ['說', '延續', '漲勢'], ['這個市場', '有', '答案'], ['我們', '拚', '一把']]"
0,20190402_766,LiTV推首購優惠方案 兩大套餐每月最低99元起「LiTV 線上影視」近期推出首購優惠方案，第一次購買 LiTV 頻道全餐的會員，享有一季 299 元的優惠價，可收看 400 台電視頻道，包含熱門新聞、體育、電影、戲劇等類別，平均每月只要 99 元。對喜歡追劇、看電影的觀眾也祭出超值優惠，首購豪華組合餐的會員一季只要 399 元，除了 400 台頻道外，還可以收看上萬部隨選影片，六大主題館內容每週都會更新，讓觀眾隨選隨看。針對清明四天連假，LiTV 也根據大數據統計，依照觀眾喜好推出不同主題的電影、戲劇及綜藝等內容。電影方面，連假期間推出深重觀眾喜愛的動作、金融、恐怖片主題的強檔電影，包括《殺破狼 ‧ 貪狼》、《俠盜聯盟》、《大師兄》、《追龍》、《分秒幣爭》、《華爾街之狼》、《億萬男孩俱樂部》以及最完整的《紅衣小女孩》三部曲等等。戲劇方面則推出 4/3 即將進入大結局的《ITEM》、好評迴響不斷的《如此耀眼》、劇情逗笑的《大宋北斗司》、受大眾喜愛的宮廷劇《東宮》等，除此之外，戲劇館將在 4/9 火熱上架始源的新戲《各位國民》，是一部幽默犯罪韓劇，擁有超強製作搭配優質演員的組合，絕對值得期待！此外，LiTV 也特別針對旅遊節目加開了主題館別，讓想旅遊卻不知該去哪或沒時間出門的觀眾不用愁，跟著 LiTV 特別準備旅遊懶人包的內容，帶領觀眾體驗新型態旅遊，一起放鬆身心靈，用視覺感受旅遊的美好。綜藝部分，一直深受家庭用戶喜愛的《綜藝玩很大》在連假期間也特別推出 2019 年全新集數，玩粉們千萬別錯過，全新的《玩很大》，帶大家上山下海跑遍各地！,"[['線上影視', '推出', '優惠方案'], ['對', '喜歡', '追看電影'], ['，', '首購', '組合餐'], ['43', '進入', '大結局'], ['即將', '進入', '大結局'], ['、', '受', '大衆喜愛'], ['各位國民', '是', '幽默韓劇'], ['LiTV', '加開', '主題館別'], ['讓', '想', '不知去哪'], ['綜藝部分', '深受', '家庭用戶喜愛綜藝玩很大']]"
0,20190402_767,智易第一季EPS估逾2元 第二季營收、毛利率承壓網通廠智易 (3596) 今年首季淡季不淡，在 IAD 小幅季增，STB 出貨大增下，預估第一季營收超過 95 億元，較前一季成長近 2 成，EPS 挑戰 2 元。不過，智易第二季 IAD 進入新舊專案交替期，也因應零組件跌價開始降價，加上越南廠量產開始攤提折舊，預估營收、毛利率將同步下滑，但全年在主力產品出貨成長帶動下，營收將維持高成長，挑戰 3 成以上的年增率。受惠 PON、IAD 及 STB 等新產品，及新客戶、既有客戶三軌成長驅動，智易 2018 年合併營收衝上 266 億元，較前一年大增 32.38%，毛利率 11.86%，稅後淨利 8.71 億元，較前一季成長三成，EPS 為 4.61 元。2019 年首季淡季不淡，由於大洋洲新客戶 IAD 出貨進一步放大，加上部分歐洲電信商客戶回補 IAD 庫存，STB 受歐洲電信商拉貨而大幅成長，法人預估，第一季營收約 95 億元，較前一季成長近二成。由於 DRAM、MLCC 等關鍵零組件價格持續下滑，預估毛利率將回升至 12% 之上，EPS 有機會挑戰 2 元。不過，第二季起出貨給歐洲電信商客戶的 IAD 專案已近尾聲，進入新舊專案交替期，加上 MLCC、DRAM 與 Flash 等關鍵零組件跌價，產品售價需降價以反映成本的下降，另外，越南新廠也開始量產，預估營收、毛利率將同受壓抑下滑。展望 2019 年，在頻寬升級趨勢驅動下，PON、IAD 以及 STB 等產品出貨將持續成長，布局多年的美國大型電信商 IAD 專案也將收成，法人預估，2019 年營收有機會突破 360 億元，較去年成長超過 3 成，獲利則有機會追趕 2015 年的高峰。,"[['第一季營收', '超過', '95億元'], ['智易第二季IAD', '進入', '新舊專案交替期'], ['營收', '維持', '高成長'], ['歐洲電信商客戶', '回補', 'IAD庫存'], ['法人', '預估', '億元'], ['下滑，預估毛利率', '回', '升'], ['下滑，預估毛利率', '回至', '12% 之上'], ['出貨', '近', '尾聲'], ['產品售價', '需', '降價'], ['新廠', '開始', '抑下滑'], ['營收有機會', '突破', '有機會'], ['去年成長', '超過', '3']]"
0,20190402_768,台股盤後—多頭氣勢收斂 10700點關卡得而復失受惠美股周一全面收漲，台股今 (2) 日在電子三雄領漲下延續走強氣勢，加上台塑三寶齊上攻，國泰金、富邦金與中信金等金融權值股同步攀揚，指數早盤即站回 10700 點關卡，惟午盤後多頭趨勢趨弱，指數終場上漲 47.67 點，以 10690.3 點作收，10700 點關卡得而復失，成交量約 1333.67 億元。台股今日上市類股中，僅食品、電通、營建、電纜、網通、百貨指數收黑，其餘指數均收紅，又以百貨指數跌幅最重，表現最強勢的則為漲幅 1.58% 的光電指數。櫃買市場今日開高走高，終場上漲 0.72 點，以 140.75 點作收，成交量約 386.4 億元。部分，除電通、文創、生醫、其他、鋼鐵與遊戲指數收黑外，其餘指數均收紅，又以遊戲族群跌幅最重、達 0.83%，表現最強勢的是機械族群、漲幅逾 1.5%。電子三雄方面，台積電今日股價開高震盪走低，午盤過後漲幅收斂，往平盤靠攏，終場小漲 0.2%，收在 246 元；股王大立光則是三雄中表現最強勢者，今日股價強勢反彈，終場上漲 3.24％，收在 4625 元，站回昨日失守的 5 日線與月線；鴻海今日股價續攀揚，惟上攻力道不如昨日，終場上漲 1.49%，以 82 元作收，創近 8 個月新高。工具機族群受惠產業市況可望從首季的落底回溫，由全球傳動與直得領軍強攻漲停，全球傳動創近 4 個月新高，直得也創近半年新高，上銀終場上漲逾 7％，創近 8 個月新高，亞德客 - KY 也一度大漲超過 8%，寫下近 9 個月新高價，惟午盤後在賣壓出籠下，股價大幅修正往平盤靠攏。IC 設計族群今日表現也相當強勁，創意盤中攻上漲停價 226 元，也以 355 元亮燈漲停，聚積、倚強漲幅逾 8%，矽創、瑞昱、類比科、智原漲幅逾 3%，敦泰、義隆、聯詠、鈺創均有超過 2% 的漲幅。法人指出，清明節連假將至，但在台股偏多格局未變之下，指數持續向上正向表現機率較高，預期短線指數將在 10700 點附近，維持高檔震盪格局，後續需觀察外資是否維持近百億買超規模，及美股是否續強。,"[['臺股', '走', '氣勢'], ['點關卡', '上漲', '47.67點'], ['成交量', '1333.67', ' 億元'], ['其餘指數', '收', '紅'], ['最強勢的', '爲', '光電指數'], ['買市場', '開高走', '高'], ['成交量', '約', '億元386.4'], ['其餘指數', '收', '紅'], ['強勢的', '是', '機械族羣逾'], ['股王大立光', '是', '表現最強勢者'], ['聚積漲幅', '逾', '8%'], ['敦泰', '均有', '超過2%漲幅'], ['法人', '指出', '較高'], ['短線指數', '維持', '高檔震盪格局'], ['外資', '維持', '超規模']]"
0,20190402_769,錸寶去年智慧手錶顯示面板出貨量3250萬個 市占率達22%去年智慧手錶顯示面板出貨表現不俗，而錸寶 (8104) 擁有小米以及中國其他品牌客戶為後盾，根據 IHS Markit 統計，去年單色 PMOLED 出貨量 3250 萬個，智慧手錶顯示面板市占率達 22%，京東方緊追在後，市占率為 12%，其 AMOLED 出貨量 1790 萬個，Apple Watch 主要供應商 LGD(樂金顯示公司)市占率 11%，居第三名。IHS Markit 統計，去年智慧手錶顯示面板出貨量為 1.49 億個，年增率 42%，自三星 Galaxy Gear、Apple Watch 分別於 2013～2014 年問市，智慧手錶顯示面板的出貨量從 2014 年的 940 萬個開始大幅增長，過去四年間出貨量增長了 15 倍以上。智慧手錶功能不斷演進，第一款產品功能僅限於活動跟蹤，並且僅作為智慧手機的第二個螢幕，爾後，功能擴及撥打、接聽電話、使用 GPS 進行導航以及進行移動支付等功能，市場對智慧手錶需求不斷增長，推動顯示技術的需求。儘管 Galaxy Gear、Apple Watch 等高階智慧手錶採用柔性 AMOLED 面板，不過性價比高、生產成本低單色 PMOLED 面板，仍是市場出貨大宗，而非晶矽 (a-Si) 和低溫多晶矽 (LTPS) 出貨量也有所增加，智慧手錶與智慧手機功能同步帶動下，未來面板出貨需求仍有成長空間。,"[['智慧手錶', '顯示', '面板出貨量'], ['佔率', '達', '去年'], ['智慧手錶', '顯示', '出貨'], ['智慧手錶', '顯示', '佔率達'], ['京東方', '佔率達', '22%'], ['市佔率', '爲', '在後'], ['智慧手錶顯示面板出貨量', '爲', '1.49 億個'], ['出貨量', '增長', '倍以上'], ['產品功能', '限於', '活動跟蹤'], ['智慧手錶', '採用', '柔性面板'], ['智慧手錶採用柔性面板', '仍是', '出貨大宗'], ['出貨需求', '有', '成長空間']]"
0,20190402_770,法人看好TaylorMade追加訂單 明安Q2不淡 股價一度大漲逾4%明安 (8938) 在出貨旺季加持下，2019 年前 2 月營收 24.53 億元，年增 31.88%。法人指出，高爾夫球具品牌客戶 TaylorMade 新品暢銷，有望釋出追加訂單，預期第二季淡季不淡。今日開盤呈現漲勢，盤中一度漲至 41.6 元，漲幅 4.65%。每年第四季至隔年第一季是高爾夫球桿頭代工廠出貨旺季，明安受惠旗下主力品牌客戶 TaylorMade、Callaway 推出新品鋪貨，2018 年第四季每月營收站穩 10 億元水準，合計單季營收達 34.28 億元，年增 12.99%，推升全年營收 111.15 億元，年增 9.06%，稅後純益 5.69 億元，年增 28.58%，創 9 年來新高。2019 年元月因客戶提早出貨，單月營收 17.46 億元，創歷年同期新高，月增 73.63%，年增 40%，2 月受到工作天期短少影響，單月營收 7.07 億元，較前一年同期增加 15.36%，累計前 2 月營收 24.53 億元，年增 31.88%。法人指出，明安 3 月訂單維持高檔，預期第一季呈現旺季的高營收表現。展望 2019 年第二季，法人表示，TaylorMade 推出 M5 及 M6 的新品銷售狀況不錯，有望釋出追加訂單，Callaway 訂單維持穩定，看好第二季營運表現。,"[['法人', '指出', '暢銷'], ['開盤', '呈現', '漲勢'], ['盤中', '漲至', '41.6元'], ['每月營收站', '穩', '10 億元水準'], ['年', '增', '億元'], ['法人', '指出', '3月訂單維持高檔'], ['3月訂單', '維持', '高檔'], ['法人', '表示', 'Callaway訂單維持穩定'], ['Callaway訂單', '維持', '穩定']]"
0,20190402_771,聚積(3527)、華通(2313)、精測(6510)、麗清(3346)、永冠-KY(1589)聚積 (3527)：去年營收創新高，稅後淨利達 2.64 億元，年增 89.9%，除小間距 LED 驅動 IC 外，Mini LED 背光模組驅動 IC 已打入電競螢幕市場，並預計第三季將拿下高階電視訂單，明年上半年攻入智慧手機市場。股價開高走高，一度攻上 122 元漲停板，創下波段新高，可沿 5 日均線向上操作。華通 (2313)：中資券商看好蘋果新款手機支援對 AirPods 無線充電，預估新款 iPhone 電池板將帶動華通營收年增達 50~60%，有助營運表現，三大法人聯手買超，股價飛越年線之上，一度突破 26 元，續創波段新高。精測 (6510)：蘋果晶圓測試卡訂單回流，華為追加手機處理器晶片訂單，晶圓測試卡需求回溫，第二季 DRAM 探針卡業務開始放量，全年探針卡營收可望年增 5 成以上。股價跳空開出，突破 500 元關卡，日 K 連 3 紅。麗清 (3346)：順利切入新客戶供應鏈，並取得品牌車廠認證，LED 車頭燈模組新訂單接單量是去年的兩倍，爭取中國 LED 車頭燈龐大的市場商機。股價拉出一根長紅棒，放量突破季線及半年線之上，朝上檔 40 元關卡挺進。永冠 - KY(1589)：國內風電鑄件大廠，今年能源類產品接單已超過產能，營運谷底已過，有信心第二季單季轉盈，台中港新廠也正在建置，未來營運看升，股價放量補漲，一根長紅棒突破月線之上，挑戰 75 元關卡。,"[['除小間距 LED 驅動 IC 外，Mini LED 背光模組驅動 IC ', '打入', '螢幕市場'], ['中資券商', '看好', '新款手機支援充電'], ['新款手機', '支援', '充電'], ['iPhone電池板', '帶動', '50增達'], ['第二季DRAM探針卡業務', '開始', '放量'], ['接單量', '是', '去年兩倍'], ['股價', '拉出', '一根長紅棒'], ['能源類產品接單', '超過', '產能'], ['一根長紅棒', '突破', '月線之上']]"
0,20190402_772,工具機市況落底回溫 族群紛攻漲停創逾4個月新高價工具機族群今 (2) 日受惠產業市況可望從首季的落底回溫，由全球傳動 () 與直得 () 領軍強攻漲停，全球傳動創近 4 個月新高，直得也創近半年新高，上銀 () 盤中漲幅逾 8％，創近 8 個月新高，亞德客 - KY(1490-TW) 也一度大漲超過 8%，寫下近 9 個月新高價，惟午盤後在賣壓出籠下，股價大幅修正往平盤靠攏。全球傳動指出，目前下游庫存已去化至合理水位，訂單展望出現改善跡象，且從去年第 4 季 ASP 下降 1 成後，今年初以來，線性滑軌與滾珠螺桿價格已持穩，急單需求也湧現。法人認為，全球傳動 3 月營收可望走出 2 月低檔，第 2 季營運可望優於第 1 季，而下半年也會優於上半年。從訂單動能改善與下游庫存去化至合理水位來看，法人指出，自動化產業已有所改善，3 月起產業已出現庫存回補需求，顯示市況正走向觸底反彈。而上銀董事長卓永財在年初時就曾指出，第 1 季受到大環境需求趨弱，加上淡季影響，營運將較去年第 4 季衰退，第 2 季雖不會明顯回溫，但預期將優於第 1 季，預期下半年在市場庫存去化告一段落，加上新設備需求帶動下，營運表現將優於上半年。,"[['工具機市況', '落底回溫', '落底回溫'], ['全球傳動', '指出', '下游庫存化'], ['訂單展望', '出現', '改善跡象'], ['法人', '認爲', '走出2月低檔'], ['第 2季營運', '可望優於', ' 季'], ['法人', '指出', '自動化產業有所改善'], ['自動化產業', '有所', '改善'], [' 月起產業', '出現', '庫存回補需求'], ['市況', '走向', '觸底反彈'], ['銀董事長卓永財', '指出', '受到趨弱'], ['預期', '優於', '告一段落'], ['營運表現', '優於', '上半年']]"
0,20190402_773,〈蘋果中國四度降價〉首在官方平台上降價衝刺銷量 有助供應鏈營運蘋果周一 (1 日) 在中國啟動今年第四度降價，從前三次降價均達到刺激銷量的效果來看，此次在官方平台上直接降價，可望持續衝刺銷量成長，台積電 ()、大立光 ()、鴻海 ()、和碩 ()、可成 () 等供應鏈，營運有機會加溫。蘋果在中國蘋果官網釋出降價消息，包括 iPhone XS、iPhone XS Max、MacBook、iPad 等多項產品均降價，又以 iPhone 降幅最大、超過 4%，MacBook、iPad 等產品降幅則約 2.5% 左右。在此次降價前，蘋果已三度在中國降價，但都是針對各大電商平台上的產品，這次是首次在中國蘋果官網與官方旗艦店直接降價。由於去年原先被視為銷售黑馬的蘋果 iPhone XR，需求遠不如預期，除使蘋果在全球智慧型手機市場市佔率因此下滑外，市場對蘋果 iPhone 銷售力道是否越趨疲弱，也抱持更大的疑慮。不過，從中國天貓提供的數據來看，蘋果今年前三次在中國電商平台上降價的策略，似乎已達到刺激銷量的效果。為了衝刺在中國市場的營運，蘋果這次罕見地在官方平台上，啟動第四度降價，有機會持續帶動銷量成長，為蘋概股營運加溫，包括台積電、大立光、鴻海、和碩、可成、玉晶光 ()、欣興 () 等，均可望因此受惠。,"[['降價銷量', '啓動', '第四度降價'], ['從前三次降價', '達到', '刺激銷量'], ['均', '達到', '刺激銷量'], ['蘋果', '釋出', '降價消息'], ['這次', '是', '降價'], ['去年', '視爲', 'XR'], ['去年視爲XR', '銷售', '黑馬'], ['需求', '不如', '預期'], ['市場', '抱', '更大疑慮'], ['蘋果降價策略', '達到', '刺激銷量效果'], ['蘋果', '啓動', '降價'], ['有機會', '帶動', '銷量成長']]"
0,20190402_774,高鐵基本費率再調高？北高可漲至1560元 交通部：暫無調漲計畫交通部昨 (1) 日公告高鐵 () 最新基本費率，每人每公里 4.134 元，基本費率維持 2017 年水準，但根據法定優待票差額交叉補貼和優惠損失等，基本費率可漲至每人每公里 4.597 元，根據換算，等同台北至高雄左營可漲至 1560 元。交通部部長林佳龍對此表示，相信高鐵無調漲票價的打算，盼能平穩票價。高鐵則強調，將審視社會經濟情勢，以及公司本，進行整體評估。交通部與高鐵公司合約約定，每年根據物價水準來檢討高鐵票價，針對票基本費率調漲問題，高鐵回應表示，將依社會經濟環境情勢、公司營業成本、市場競爭力及旅客需求等因素，進行整體評估，並依董事會討論決議辦理。高鐵調漲票價除須根據交通部核定費率討論外，也須經過董事會同意。2017 年高鐵基本費率從每人每公里 4.009 元調漲至 4.134 元，台北至高雄左營票價由 1490 提升為 1570 元，但最後董事會通過不調漲票價。鐵道局指出，因高鐵近幾年營運狀況良好，相信高鐵不會有調漲票價的打算，若有票價調整規劃，也必須根據高鐵推動財政案和合約機制，送請立法院同意。交通部長林佳龍也表示，依高鐵公司回報，今年沒有漲價打算。還是會請交通部官派董事於高鐵董事會中發言，期盼高鐵能承擔更多社會責任，暫緩調升票價。,"[['基本費率', '維持', '2017年水準'], ['基本費率', '漲至', '4.597'], ['每人', '4.597', '元'], ['交通部部長林佳龍', '表示', '相信調漲票價打算盼能平穩票價'], ['調漲票價打算', '盼', '能平穩票價'], ['高鐵', '強調', '審視社會經濟情勢'], ['高鐵', '表示', '進行整體評估'], ['除', '須', '討論外'], ['基本費率', '漲至', '4.134元'], ['鐵道局', '指出', '相信高鐵有調漲票價打算'], ['高鐵', '有', '調漲票價打算'], ['交通部長林佳龍', '表示', '打算'], ['高鐵', '承擔', '社會責任']]"
0,20190402_775,國銀首家 台新銀網路外幣收單服務拔頭籌 外國人在台網購更方便因應國際商務發展，金流收付服務需求也日益多元，台新金 () 旗下台新銀行與代收代付服務平台領導品牌「藍新科技」強強合作，率國銀之先開辦網路購物外幣收單服務。台新銀行支付金融處副總經理黃天麟表示，透過此項服務提供國外的消費者在本國網路商店消費時，可以選擇自己國家的幣別付款，藉以減少匯率變動風險，目前已可提供超過 40 種貨幣轉換服務，有效提升外國消費者支付體驗及滿意度，並且協助臺灣商家拓展全球客源。黃天麟指出，台新銀行是目前國內收單商戶數排名第一的銀行，也一直為提升商戶多元、完整的收付服務不遺餘力，如「銀聯卡網路收單」、「Apple Pay 行動支付 」等，台新都是國內首先提供該項收付服務的收單銀行；此外，台新銀行也協助國內電子支付及代收付平台業者建構金流服務。 台新銀行選擇藍新科技旗下的藍新金流做為外幣收單服務的首發合作夥伴，主要是藍新金流專注經營線上商店收款，並且為多家大型電商提供金流服務，藉由與藍新科技合作，有需求的線上商店可透過藍新金流服務平台提出申請，最快在 2 個工作天內即開通外幣收單服務，輕鬆強化對境外消費者的購物體驗。台新銀行自 2012 年起即開始提供線下外幣收單服務，迄令合作商戶數已逾萬家，知名商戶包含新光三越、昇恆昌、寒舍酒店、漢來國際飯店及王品集團等，黃天麟強調，未來將布局更多網路商戶提供外幣收單金流服務，並致力提供合作商戶完整、多元金流服務，整合各種支付應用技術，為商戶創造更多的商機。,"[['外國人購', '更方便', '發展'], ['臺新銀行支付金融處副總經理黃天麟', '表示', '選擇自己國家幣別付款'], ['提供貨幣轉換服務', '超過', '種'], ['黃天麟', '指出', '臺新銀行是收單商戶數排名第一銀行'], ['臺新銀行', '是', '收單商戶數排名第一銀行'], ['臺新', '都是', '收單銀行'], ['首先', '提供', '收付服務'], ['臺新銀行', '協助', '付平臺業者建構金流服務'], ['付平臺業者', '建構', '金流'], ['付平臺業者', '建構', '金流'], ['藍新金流', '做爲', '合作伙伴'], ['，', '有', '需求'], ['線上商店', '提出', '申請'], ['臺新銀行', '開始', '提供外幣收單服務'], ['迄', '令', '合作'], ['知名商戶', '包含', '等新光三越'], ['黃天麟', '強調', '提供金流服務']]"
0,20190402_776,台股盤中—電子三雄領軍續漲 重回10700點關卡受惠美股周一全面收漲，台股今 (2) 日在電子三雄領漲下，延續昨 (2) 日走強氣勢，加上台塑三寶齊上攻，國泰金、富邦金與中信金等金融權值股同步攀揚，激勵台股站回昨日得而復失的 10700 點關卡，今日成交量預估約 1400 億元。台股今日開盤上漲 85.75 點，以 10695.47 點開出，盤中最高點 10728.38 點，最低為 10692.11 點；櫃買市場今日則以 140.19 點開出後一路走高，盤中最高來到 141 點。電子三雄方面，台積電今日股價開高震盪，盤中漲幅約 0.6%、來到 247 元；股王大立光則是三雄中表現最強勢者，今日股價強勢反彈，盤中漲幅逾 3.3%、來到 4630 元，站回昨日失守的 5 日線與月線；鴻海延續昨日走強力道，今日續攻高，盤中漲幅約 2.2%、來到 82.6 元，創近 8 個月新高。工具機族群今日由全球傳動與直得領軍強漲，盤中雙雙亮燈漲停，上銀與亞德客 - KY 也維持超過 5％漲幅，百德、瀧澤科漲幅逾 3%。IC 設計族群今日表現也相當強勁，創意盤中攻上漲停價 226 元，力旺也以 355 元亮燈漲停，聚積、倚強漲幅逾 8%，矽創上漲逾 4%，瑞昱、敦泰、聯詠、敦南、義隆均有超過 2% 的漲幅。法人指出，清明節連假將至，但在台股偏多格局未變之下，預期指數持續向上正向表現機率較高。現階段以個股表現為主，在個股快速輪動下，若股價一旦漲多，仍應適度減碼審慎因應。,"[['三雄領軍臺股盤中漲', '重回', '10700點關卡'], ['臺股', '走', '氣勢'], ['激勵臺股站', '回', '昨日'], ['激勵臺股站', '回', '昨日'], ['臺股', '上漲', '85.75點'], ['最低', '爲', '10692.11點'], ['股王大立光', '是', '表現最強勢者'], ['盤中漲幅', '逾', '來到4630元'], ['鴻海', '延續', '走強力道'], ['上銀 - KY ', '維持', '超過漲幅'], ['百德漲幅', '逾', '3%'], ['聚積漲幅', '逾', '8%'], ['瑞昱', '均有', '超過2%漲幅'], ['法人', '指出', '較高']]"
0,20190402_777,台北國際電腦展首設CEO Keynote AMD蘇姿丰將主講高速運算布局2019 年台北國際電腦展 (COMPUTEX 2019) 展前國際記者會，將在今年 5 月 27 日舉行，主辦單位外貿協會今 (2) 日宣布，今年首度增設 CEO Keynote，將邀請超微 (AMD)() 總裁暨執行長蘇姿丰擔任主講人，以新世代高效能運算為題，探討高效能運算技術的發展與產業布局。外貿協會祕書長葉明水表示，今年首次在展前國際記者會舉辦 CEO Keynote，邀請蘇姿丰與會分享高效能運算趨勢，期待能藉此拋磚引玉，吸引更多廠商加入 COMPUTEX。蘇姿丰除對受邀發表感到榮幸外，也將在會中揭示更多新一代高效能 AMD 平台與產品，並與合作夥伴共同分享技術及開放產業體系如何帶動運算與產業創新。蘇姿丰 2012 年加入 AMD，擔任全球事業群資深副總裁暨總經理，之後在 2014 年 7 月至 10 月期間擔任營運長，負責將 AMD 事業群、銷售、全球營運和基礎架構發展團隊整合為單一市場導向部門，並自當年 10 月擔任 AMD 總裁暨執行長以及公司董事至今。COMPUTEX 2019 將在 5 月 28 日至 6 月 1 日展出，今年以領先科技趨勢為主題，規劃人工智慧與物聯網、5G、區塊鏈、創新與新創及電競與延展實境等五大主題，盼能藉全球各家資訊廠商激盪出更多創新技術與市場商機。。,"[['AMD蘇姿豐', '主講', '高速運算佈局'], ['Keynote', '增設', 'CEO'], ['外貿協會祕書長葉明水', '表示', '邀請'], ['邀發表', '感到', '榮幸'], ['蘇姿豐', '揭示', 'AMD平臺'], ['及', '開放', '產業'], ['分享技術', '帶動', '運算'], ['蘇姿豐\xa0', '加入', 'AMD'], ['資訊廠商', '激盪', '創新技術']]"
0,20190402_778,【華冠投顧】盤中解析：還台股公道劉彥良 分析師昨天台股開高走低幾乎收在平盤，今天馬上還台股公道，目前上漲約 0.5% 強於其他鄰近亞股。昨天靠權值股拉抬指數，尤其是三大法人合力大買鴻海 (2317) 達 58588 張，繼昨日漲停後今天再續漲 2%，成為新的中流砥柱。美中經濟數據優於市場預期，愛害較深的工具機今天展開報復性上漲，全球傳動 (4540) 和直得 (1597) 攻上漲停、亞德客 - KY(1590)和上銀 (2049) 也大漲 6%。此外散熱模組在各手機大廠陸續發表新機下，業績可望持續向上，泰碩 (3338) 攻上漲停、雙鴻 (3324) 和奇鋐 (3017) 也大漲 5%。至於郭明錤分析師最新點名的華通 (2313) 和欣興(3037)，昨日節目已提供主力和大戶最近的動向給投資朋友參考，包括三大法人也分別大買 1.4 萬張和 2.5 萬張，在籌碼明顯流向大咖下今天雙雙改寫波段新高。目前多頭的氣勢相當強勁，加上空單居高不退，台股可望持續上演軋空大秀，第一季行情通常由內資主力主導，第二季開始則看法人的表現，選股上可多留意外資和投信持續鎖碼的標的。※以上內容由華冠投顧 劉彥良分析師 整理提供，投資人於投資前請審慎評估，遵守紀律，嚴設停利停損。,"[['經濟數據', '優於', '市場預期'], ['深工具機', '展開', '上漲'], ['節目', '提供', '最近動向'], ['三大法人', '大買', '1.4萬張'], ['臺股', '上演', '軋空大秀'], ['多', '留', '意外資'], ['投資人', '請', '審慎']]"
0,20190402_779,退休理財重穩健 打破定期定額迷思 關鍵在標的選擇隨著政府推出「勞退自選平台」，鼓勵民眾參與自存退休金，退休理財成為近期備受關注的財經議題之一。投信業者指出，退休理財首要條件在穩健，其次為長期投資，雖然目前多數投資人選擇定期定額投資股票型基金，不過相關投資迷思依舊不能忽視，且很多人認為，定期定額長期投資就有效果，但群益投信私校退撫儲金經理人吳政澤指出，關鍵在選對投資標的。吳政澤指出，以退休長期規劃來看，透過「資產配置」、「長期紀律投資」加上「複利效果」，可以極大化投資報酬率，透過均衡配置投資組合，以提升整體投資效益然而，很多人認為，定期定額只要長期投資就一定會有效果，吳政澤則表示，關鍵在於選對投資標的與否。他認為，投資人通常會選擇經濟成長率較高的股市定期定額，像是金融海嘯前 ，GDP 成長高的新興市場表現便優於成熟市場，然而從金融海嘯後經驗來看，GDP 成長與股市表現不盡相同，成熟市場反而較新興市場經得起時間的考驗。此外，吳政澤指出，投資人容易對波段高位定期定額產生時機選擇的疑慮，他強調，若擔心投資在相對高位，定期定額反而能在不確定性的情況下，帶來更佳的投資效益。他以 2015 年的上海綜合指數為例，若當初選擇在 5 月底時的指數相對高位開始，於每月底進場定期定額投資，即便後續指數暴跌、累積報酬率轉負，但歷時約五個月後也能在當年的 11 月初損益兩平。,"[['在選擇', '推出', '勞退自選平臺'], ['退休理財', '成爲', '財經議題之一'], ['近期', '備受', '關注'], ['投信業者', '指出', '穩健'], ['多數投資人', '選擇', '定期定額股票型基金'], ['退撫儲金經理人吳政澤', '指出', '選'], ['吳政澤', '指出', '極大化投資報酬率'], ['資產配置', '加上', '複利效果'], ['很多人', '認爲', '關鍵在於選投資標的'], ['關鍵', '在於', '選投資標的'], ['他', '認爲', '投資人選擇定期定額'], ['投資人', '選擇', '定期定額'], ['新興市場表現', '優於', '成熟市場'], ['新興', '經得起', '時間考驗'], ['吳政澤', '指出', '對疑慮'], ['他', '強調', '投資帶來投資效益'], ['投資', '帶來', '投資效益'], ['他', '爲', '例']]"
0,20190402_780,手機雙向無線充電模組熱門 旭軟也獲客戶端詢價非蘋手機軟板供應商旭軟電子 () 去年營收 10.8 億元，其中手機應用占比達 30%，隨著蘋果及非蘋果手機廠陸續計畫導入雙向無線充電模組，旭軟指出，也有足夠技術能力生產，目前也獲客戶端詢價。旭軟看好包括手機、車載板快速成長，今年將擴大資本支出，達 5000-6000 萬元，以因應客戶需求，今年資本支出金額，是去年的 5-6 倍，主要在擴充後段製程產能。旭軟是夏普、諾基亞、華碩等非蘋手機軟板供應商，不過手機雙向無線充電趨勢成形，旭軟也接獲客戶端詢價。目前，同泰 () 已供應三星 S10 手機兩款機種雙向無線充電模組，供應量持續提升。旭軟去年營收 10.8 億元，毛利率 12.7%，稅後純益 8196 萬元，年增率 20 倍，為 4 年來獲利新高，每股純益 1.22 元，董事會通過擬配發每股 1.1 元現金股利，盈餘配發率 9 成，股利發放額度也創 4 年來新高。旭軟 2018 年的營收結構為車載板 28%，工控板 10%、手機應用 30%、NB 應用 30%。,"[['非蘋手機軟板供應商旭軟電子)', '營收', '10.8億元'], ['旭軟', '指出', '也有技術能力生產'], ['旭軟', '看好', '包括手機成長'], ['今年資本支出金額', '是', '5-6倍'], ['旭軟', '是', '軟板供應商'], ['旭軟', '接獲', '客戶端詢價'], ['已', '供應', 'S10手機'], ['旭軟', '營收', '10.8億元'], ['股利發放額度', '創', '年來新高']]"
0,20190402_781,【永豐期貨】台指選擇權盤前－權值股走低鴻海漲停獨撐 台股開高走低收平◆盤勢分析期貨走勢週一上漲 42 點至 10640 點。價差方面，逆價差縮至 - 2.63 點，電子期逆價差縮至 - 0.17 點，金融期轉為正價差 1.17 點。現貨部分，三大法人買超 145.49 億元；而在淨部位方面，三大法人淨多單減少 368 口至 27386 口，其中外資多單加碼且空單減碼，淨多單增加 920 口至 58766 口；十大交易人中的特定法人全月份淨多單減少 5196 口至 17577 口。週五國際股市反應中美貿易談判在北京進展順利，美股三大指數均以上漲作收，週一跳空開高站上 10700 點之上，不過多檔權值股如台塑四寶都是呈現開高走低格局，使在整數關卡震盪整理，午盤過後台積電、大立光為首的電子權值股擴大跌幅，使漲幅收斂速度加快，終場開高走低小漲 1.59 點或 0.01%，收在 10642.63 點。盤面上前 50 大權值股只有 13 檔上漲，其餘持平或下跌，但由於鴻海第四季財報亮眼強攻漲停，造就台股仍呈現小幅收漲。整體而言，週一日 K 呈現高檔大量實體黑棒收平，技術面上檔賣壓加重，因此雖然短天期以及月季線呈現多頭排列，仍不建議投資人過度追價。選擇權分析週選擇權 OI 最大量支撐壓力區由 10500~10700 上移至 10600~10750。全月份未平倉量 put/call ratio 值由 1.5 升至 1.54。外資持續呈現加碼買 Call 賣 Put 的操作。整體選擇權部位維持中性偏多格局不變。   (永豐期貨研調) 本投資研究報告由永豐期貨股份有限公司版權所有，未經授權，禁止轉載節錄。本資料內容僅供參考，客戶應審慎考量本身之需求與投資風險，本公司恕不負任何法律責任，亦不作任何保證。,"[['臺股', '開', '高'], ['臺股', '開', '高'], ['42點', '至', '10640點'], ['金融期', '轉爲', '1.17價差點'], ['三大法人', '減少', '368口'], ['920口', '至', '58766口'], ['特定法人', '減少', '17577口'], ['臺塑', '都是', '呈現開格局'], ['電子權值股', '擴大', '跌幅'], ['收', '在', '10642.63點'], ['臺股', '呈現', '收漲'], ['週一日K', '呈現', '實體黑棒收平'], ['短天期', '呈現', '多頭排列'], ['周選擇權OI', '支撐', '壓力'], ['外資', '呈現', '買 Call 賣 Put 操作'], ['整體選擇權部位', '維持', '多格局不變'], ['客戶', '考量', '本身需求'], ['本公司', '恕', '不負任何法律責任']]"
0,20190402_782,台股盤前—連假前偏多格局未變 美股續收漲有利指數表現台股昨 (1) 日在鴻海領軍下上攻，一度衝上波段高點 10735 點，惟午盤後獲利賣壓出籠，終場僅小漲 1.59 點，以 10642.63 點作收，成交量 1530.57 億元。法人指出，清明節連假將至，但在台股偏多格局未變之下，預期指數向上正向表現機率較高，現階段將以個股表現為主。美股周一收漲，由於美國與中國製造業數據樂觀，緩解投資人對全球經濟成長放緩的疑慮。、納斯達克指數與均有超過 1% 的漲幅，而指數則上漲近 2.5%，在美股全面齊漲下，可望激勵台股今日續攻高。上市櫃公司去年第 4 季單季獲利出現季減 38％、年減 36％情況，但去年全年仍寫下稅後純益共達 2.19 兆元的歷史次高紀錄，且有 83 家公司每股純益超過 1 個股本。法人指出，美中貿易戰若能持續好轉，今年獲利將有望呈現逐季向上。市場焦點方面，鴻海受惠去年第 4 季獲利表現亮眼，加上外資調高其目標價至 90 元以上，激勵昨日跳空大漲，終場以漲停價 80.8 元作收，創波段新高，市值也突破 1.12 兆元大關，重返台股市值第二大位置。大同集團旗下 8 家上市櫃公司財報全數出爐，以華映、綠能及尚志半導體營運狀況最差。3 家企業的負債比均超過三位數，綠能與華映淨值均轉負，綠能將在 5 月 2 日下市，華映則將在 5 月 13 日下市，2 家公司下市後，將有 31 萬股東受影響，使其手中股票成廢紙；而尚志負債金額與負債比高得驚人，將成為大同集團下一個隱憂。據日媒指出，日本顯示器 (JDI) 預計本周公布投資對象，宸鴻 TPK-KY、淳安、富邦集團及中國國營基金絲路基金、中國嘉實基金將入股 JDI，形成「台日中聯盟」，搶攻未來 iPhone 的 OLED 面板大商機。國泰證期分析師蔡明翰指出，清明節連假將至，但在台股偏多格局未變之下，預期指數向上正向表現機率較高。現階段以個股表現為主，在個股快速輪動下，若股價一旦漲多，仍應適度減碼審慎因應，短線可留意手機與 5G 等題材族群。,"[['法人', '指出', '較高'], ['美股', '收', '漲'], ['納斯達克指數', '均有', '超過1%漲幅'], ['獲利', '出現', '季減'], ['稅後', '純益共達', '2.19兆元'], ['83家公司每股', '超過', '1個股本'], ['法人', '指出', '美中貿易戰好轉'], ['今年獲利', '呈現', '向上'], ['市值', '突破', '1.12兆元大關'], ['家企業負債比', '超過', '三位數'], ['31萬股東', '受', '影響'], ['日本顯示器', '預計', '投資對象'], ['國泰證期分析師蔡明翰', '指出', '較高'], ['短線', '留意', '題材族羣']]"
0,20190402_783,【新光證券】盤前分析◆盤勢分析美、日、韓股市走揚；去年獲利優於預期者勁揚；激勵四月第一個交易日台股開高，在市值王、郭家軍連手走揚下，台股一度越過 10700 點高點，惟高點獲利了結賣壓出籠，多數傳產及金融股走跌，加上市值王收平，令大盤來去一場空，僅微幅收高，終場收在 10642.63 點，漲 1.59 點或 0.01%，成交額 1544.23 億元。 OTC 指數收在 140.03 點，漲 0.46 點或 0.33%，成交額 450.17 億元。1 日台股一度來到六個月新高，可惜賣壓湧現，使得大盤日線收黑，日量大增逾 23%，日 MACD 柱狀體負值減少，技術面略為往上。籌碼方面，三大法人連二日同步買超，其中外資期現貨同步偏多操作。雖然台股表現弱於其他東北亞股市，不過籌碼面偏樂觀，若美中貿易談判進展順利、國際股市續揚、全球央行貨幣政策傾向寬鬆，台股有機會再創新高，選股方面可留意去年獲利優於預期、高殖利率族群波段操作。,"[['獲利', '優於', '預期者勁揚'], ['臺股一度', '越過', '10700點高點'], ['指數收', '漲', '0.46點'], ['日臺股', '來到', '六個月新高'], ['大盤', '收', '黑'], ['技術面', '略爲', '往上'], ['臺股表現', '弱於', '其他東北亞股市'], ['選股方面', '留意', '去年獲利優於族羣波段操作'], ['去年獲利', '優於', '族羣波段操作']]"
0,20190402_784,【日盛投顧】盤前分析◆盤勢分析1. 中美兩國公布製造業數據轉強，緩解了全球經濟可能下滑的擔憂，美國股市週一上漲，四大指數分別上漲 1.16%~2.49%，由於美中貿易摩擦趨緩，加上中美兩國製造業指數表現皆佳，預期市場偏多氣氛不變。2. 週一台股早盤在 2317 鴻海走強帶動下，指數一度上漲逼近百點來到 10735 點附近，並創近六個月新高，但 12 點過後 2330 台積電壓回到平盤附近，包含台塑四寶亦有賣壓，指數回到平盤附近整理，終場指數小漲 1.59 點，以 10642.63 點作收，成交量為 1533.45 億元。3. 由以下三個面向檢驗方向及強弱：(1) 量能：帶量黑 K，短線有壓。(2) 均線：維持多頭排列，中多持續。(3) 技術指標：KD 呈現短線背離，有回檔壓力。4. 表現相對大盤強勢，盤中雖有震盪，但仍屬穩定，終場指數上漲 0.46 點，來到 140.03 點，漲幅 0.33%，同樣創六個月以來新高，主要權值股 6488 環球晶、5347 世界、8299 群聯、6147 頎邦等走強，抵銷了 3105 穩懋的回檔的壓力，目前成交量仍屬穩定，但要續強，則須補量。5. 三大法人合計買超 145.46 億元：外資買超 93.07 億元、投信買超 9.12 億元、自營商買超 43.27 億元。6. 蘋概：受惠於蘋果手機增產 2000 萬支帶動，加上 2317 鴻海 2018 年第四季三率雙升，表現優於市場預期，外資調高目標價，相關蘋概股如 2474 可成、3406 玉晶光、6269 台郡、4943 康控 - KY 等走強。。7. 矽晶圓：6488 環球晶 2018 年獲利破紀錄，今年第一季業績續強，並預計配發 25 元現金股利，殖利率約為 7%，帶動股價走強，6182 合晶預計配息 2.5 元，殖利率約 6.6%，股價雙雙走強。8.PCB：ABF 基板供需吃緊， 3037 欣興續漲；2367 燿華與 2313 華通受惠於蘋果增產，股價轉強；4909 新復興在 5G 需求帶動下，股價逼近前高。9. 散熱: 3324 雙鴻前兩個月獲利 1.16 元，相較去年轉虧為盈，市場預估第一季獲利有望創六季度以來新高，6230 超眾配息 4.7 元，殖利率 3.6%，首季業績有望優於去年同期，股價止穩。10.IC 設計: 2458 義隆電 2018 年 EPS4.16 元，預計配息 5 元，市場預期今年有望打入華為供應鏈，股價走強；6462 神盾受惠於三星 A 系列中階機有望再添新兵，股價沿五日均線走揚；3527 聚積 mini LED 搶攻高階電視市場，拉貨回溫，股價續強；8299 群聯看好 NAND 本季回溫，股價轉強。11. 生技：生技業擁政策性利多，4164 承業醫辦理私募，股價走高；4109 穆拉德加捷去年轉虧為盈，股價漲停。12. 工具機：1590 亞德客 - KY 今年董監改選，業績力拼營收獲利雙成長，股價續強；帶動 2049 上銀走揚。13.2475 華映公告去年每股淨損 3.02 元，股票將於 5 月 13 日終止上市，將成為 3519 綠能後集團第 2 家下市股，另外 3579 尚志則連續八根跌停板，恐為下一個未爆彈，目前除了 2371 大同與 2331 精英現金與約當現金有 89.73 億以及 41.75 億之外，、其他集團公司現金水準偏低，而大同旗下共有八家公司，除了上述五家之外，分別為興櫃的 4738 尚化、8099 大世科以及 8085 福華，操作上皆須留意。14.2018 年上市櫃公司獲利出爐，獲利總額為 2.19 兆元，年減 1.3%，為歷史次高，1720 家公司正成長 470 家，188 家 EPS 創新高，83 家賺逾一個股本。,"[['指數上漲', '逼近', '百點'], ['2330臺積電壓', '回到', '平盤附近'], ['指數', '回到', '平盤附近'], ['成交量', '爲', '1533.45'], ['以下三個', '面向', '檢驗方向'], ['短線', '有', '壓'], ['盤中', '有', '震盪'], ['終場指數', '上漲', '0.46點'], ['成交量', '續', '穩定'], ['蘋果手機', '增產', '2000'], ['蘋果手機', '增產', '2000'], ['表現', '優於', '市場預期'], ['華通', '受惠於', '增產'], ['股價', '轉', '強'], ['在需求', '帶動', '股價逼近高'], ['股價', '逼近', '高'], ['獲利', '有望', '新高'], ['首季業績', '優於', '去年同期'], ['市場預期', '打入', '華爲供應鏈'], ['神盾', '受惠於', '三星'], ['中階機', '有望', '添新兵'], ['聚積', '攻', '電視市場'], ['拉貨', '回', '溫'], ['8299羣聯', '看好', '回溫'], ['每股', '淨損', ' 元'], ['股票', '終止', '上市'], ['大同旗下', '共有', '八家公司'], ['獲利總額', '爲', '2.19 兆元'], ['家賺', '逾', '一個股本']]"
0,20190402_785,盤前財經大事搶先讀2019年4月2日美國 2 月耐久財訂單中國 3 月財新服務業、綜合 PMI南韓 3 月 CPI法說會：三商電、洋華、上緯投控、亞泰、兆豐金、朋億、亞泰、閎康轉上市掛牌：牧德暫停交易：龍邦國際陸媒報導，鴻海 () 集團旗下工業富聯 (FII)(601138-SH) 總經理鄭弘孟今 (1) 日表示，目前 5G 設備產品已經獲得 2 個世界級的大客戶，預計今年將會出貨。FII 今日召開業績交流會，鄭弘孟表示，未來在 5G 時代會出現關於高性能伺服器 (HPC) 和數據中新的新需求，因此會著眼布局 5G 的軟硬體，投資也將逐步擴大。展望 2019 年第二季，「鉅亨買基金」總經理張榮仁分析，在股票市場中，持續看好全球與新興股票，全球股票中，隨著美國經濟成長減速，全球景氣週期近尾聲，推薦投資較抗跌的價值類股。華映 (2475-TW) 與綠能 (3519-TW) 債務危機拖累母公司大同 () 集團，銀行團主管透露，由於大同集團與旗下子公司有交叉擔保的現象，為避免華映、綠能財務危機波及母公司，銀行團今年初祭出增提擔保品與加速還款兩策略，雙管齊下，以保障債權。根據《彭博社》報導，IHS Markit 昨 (1) 日公布區 3 月製造業採購經理人指數 (PMI) 終值，數值為 47.5，不僅低於榮估值，更創 2013 年 4 月以來新低；對此，分析師認為，歐洲已成全球經濟「最弱的一環」。根據《彭博社》報導，中國財政部網站公告稱，將對原產於美國的汽車及零組件，繼續暫停加徵關稅，盼為後續貿易磋商，營造良好氛圍；另一方面，中國外交部表示，國務院副總理劉鶴，昨 (1) 日已率團赴美，進行第 9 輪貿易談判。,"[['財經大事', '搶先讀', '新服務業'], ['設備產品', '獲得', '大客戶'], ['鄭弘孟', '表示', '著眼佈局5G軟硬體'], ['巨亨買基金總經理張榮仁', '分析', '看好全球股票'], ['投資', '抗', '跌'], ['較', '抗', '跌'], ['大同集團', '有', '擔保現象'], ['銀行團', '祭出', '兩策略'], ['銀行團', '祭出以', '保障債權'], ['銀行團祭出兩策略', '增提', '擔保品'], ['數值', '爲', '47.5'], ['分析師', '認爲', '歐洲成一環'], ['歐洲', '成', '一環'], ['中國外交部', '表示', '國務院副總理劉鶴1 率團']]"
0,20190402_786,【鉅亨-盤前掃瞄】技術面1.5 日均線 10584.37 點，10 日均線 10571.38 點，20 日均線  10459.85 點。2.6 日 RSI 為  50.48 12 日 RSI 為  72.28 。3.20 日乖離率為  1.75。,"[['日乖離率', '爲', ' \xa01.75']]"
0,20190402_787,【鉅亨-盤前掃瞄】基本面1.01 日交易日以 30.801 元兌 1 美元作收，收盤升 2.4 分，成交值為  7.19 億美元2. 集中市場 01 日外資買超 93.1 億，投信買超  9.1 億元，自營商買超 43.2 億元。3. 集中市場 01 日融資餘額較前 1 日減少  4.91 億元，成為 1274.19 億元，融券餘額較前 1 日增加  689 張，成為 573691 張。,"[[' 1.01日交易日', '元兌', '1美元作收'], ['收盤', '升', '2.4分'], ['自營商', '買超', '43.2億元'], ['融資餘額', '較', ' 億元'], ['融券餘額', '成爲', '增加 \xa0689 張']]"
0,20190402_788,◆投信連續3日賣超個股投信連續 3 日賣超個股1. 投信連續賣超 3 日的股票(2367) 燿華  、 (2891) 中信金、 (9904) 寶成  、 (2382) 廣達  、 (1605) 華新2. 投信連續賣超 2 日的股票(4958) 臻鼎 - KY (2367) 燿華  、 (3231) 緯創  、 (2618) 長榮航、 (9904) 寶成  、 (1101) 台泥3. 投信當日 (01) 賣超的股票(2367) 燿華  、 (9904) 寶成  、 (2618) 長榮航、 (3376) 新日興、 (1101) 台泥,[]
0,20190402_789,◆投信連續3日買超個股投信連續 3 日買超個股1. 投信連續買超 3 日的股票(3037) 欣興  、 (2317) 鴻海  、 (2313) 華通  、 (3711) 日月光投控、 (2329) 華泰2. 投信連續買超 2 日的股票(2317) 鴻海  、 (3037) 欣興  、 (2313) 華通  、 (3711) 日月光投控、3. 投信當日 (01) 買超的股票(2317) 鴻海  、 (2313) 華通  、 (6269) 台郡  、 (4958) 臻鼎 - KY、 (3711) 日月光投控,"[['投信買', '超', '3日']]"
0,20190402_790,◆外資連續5日賣超個股外資連續 5 日賣超個股1. 外資連續賣超 5 日的股票(2888) 新光金、 (00677U) 富邦 VIX、 (2891) 中信金、 (2882) 國泰金、 (2409) 友達2. 外資連續賣超 4 日的股票(00677U) 富邦 VIX、 (2888) 新光金、 (2882) 國泰金、 (2891) 中信金、 (2409) 友達3. 外資連續賣超 3 日的股票(2888) 新光金、 (00677U) 富邦 VIX、 (2891) 中信金、 (2882) 國泰金、 (2409) 友達4. 外資連續賣超 2 日的股票(00677U) 富邦 VIX、 (2888) 新光金、 (2891) 中信金、 (2303) 聯電  、 (8046) 南電5. 外資當日 (01) 賣超的股票(2412) 中華電 (2888) 新光金、 (00677U) 富邦 VIX、 (2891) 中信金、 (2303) 聯電  、 (8046) 南電,"[['外資', '賣', '日賣']]"
0,20190402_791,◆外資連續5日買超個股外資連續 5 日買超個股1. 外資連續買超 5 日的股票(3231) 緯創  、 (00637L) 元大滬深 300 正 2、 (2317) 鴻海  、 (2883) 開發金、 (00633L) 富邦上証正 22. 外資連續買超 4 日的股票(00637L) 元大滬深 300 正 2、 (3231) 緯創  、 (2317) 鴻海  、 (00633L) 富邦上証正 2、 (3037) 欣興3. 外資連續買超 3 日的股票(00637L) 元大滬深 300 正 2、 (2317) 鴻海  、 (3231) 緯創  、 (00633L) 富邦上証正 2、 (2883) 開發金4. 外資連續買超 2 日的股票(00637L) 元大滬深 300 正 2、 (2317) 鴻海  、 (00633L) 富邦上証正 2、 (3231) 緯創  、 (00632R) 元大台灣 50 反 15. 外資當日 (01) 買超的股票(2317) 鴻海  、 (3037) 欣興  、 (00637L) 元大滬深 300 正 2、 (2330) 台積電、,"[['超股票買', '超', '連續買超']]"
0,20190401_792,〈大同集團財務危機〉銀行團憂債權危機波及母公司 兩大策略保障債權華映 (2475-TW) 與綠能 (3519-TW) 債務危機拖累母公司大同 () 集團，銀行團主管透露，由於大同集團與旗下子公司有交叉擔保的現象，為避免華映、綠能財務危機波及母公司，銀行團今年初祭出增提擔保品與加速還款兩策略，雙管齊下，以保障債權。大同集團在 2016 年底委由台銀、兆豐與台新銀等銀行籌組 252 億元聯貸案，並以旗下子公司尚志資產的土地不動產作為擔保品，而大同又另以母公司身分，擔任華映授信案擔保人，如今華映與綠能接連下市，銀行團擔心，兩家子公司的債務危機恐向上延燒，波及母公司大同。事實上，銀行團早上今年就開始對大同授信案採取授信緊縮的行動，今年 2 月受到華映與綠能財務危機影響，銀行團開始緊縮大同銀根並要求加速還款，要求還款金額高達 25 億元，還款金額遠超過原先預定還款金額，逼得尚志資產不得不出售不動產換取現金，並貸與 22 億元資金挹注大同，以維持公司現金流動性準備。銀行團主管表示，儘管大同目前繳息還款正常，但隨著綠能與華映相繼下市，重整之路又遙遙無期，加上華映聯貸案幾乎都由大同出面作保，由於大同始終無法對於重整案提出讓銀行團滿意的方案，現在又有中國華映科技跨海追債，因而緊縮大同授信，保障債權。,"[['大同集團', '有', '擔保現象'], ['銀行團', '祭出以', '保障債權'], ['銀行團祭出', '增提', '擔保品'], ['大同集團', '籌組', '252億元聯貸案'], ['銀行團', '開始', '採取授信行動'], ['銀行團', '開始', '緊縮大同銀根'], ['還款金額', '高達', '25億元'], ['還款金額', '超過', '預定金額'], ['原先', '預定', '還款'], ['銀行團主管', '表示', '緊縮大同授信'], ['大同', '提出', '讓方案']]"
0,20190401_793,去年房市好轉 海悅EPS 5.39元創新高 愛山林純益暴增9倍全台房市去年由谷底攀升，代銷業者海悅國際 () 也受惠，海悅國際今 (1) 日公布去年財報，稅後純益達 4.62 億元，年增 1.52 倍，每股純益 5.39 元，等於賺回超過半個股本。甲山林機構的愛山林 ()，去年財報稅後純益雖僅 1.84 億元，但年增 9.17 倍，每股純益 1.26 元。同時，海悅國際今年的接案量，正快速增加中。海悅 2018 年財報顯示，營收 11.3 億元，毛利率 58.96%，年增 16.42 個百分點，稅後純益達 4.62 億元，年增 1.52 倍，每股純益為 5.39 元。日前海悅董事會決議擬配發去年股利每股 3.8 元，股東會 6 月 17 日召開。同時，甲山林機構的愛山林去年財報營收 18.6 億元，毛利率 36.35%，年減 6.56 個百分點，稅後純益為 1.84 億元，年增 9.17 倍，每股純益為 1.26 元但是愛山林董事會決議不配發去年股利，股東會訂 6 月 28 日召開。愛山林董事長祝文宇指出，愛山林目前走向地產的純廣告業務公司，不過，愛山林在新竹仍有 16 萬坪的土地待分區開發。,"[['海悅國際', '公佈', '去年財報'], ['2018年財報', '顯示', ' 億元'], ['每股純益', '爲', '5.39 元'], ['海悅董事會決議', '擬', '配發3.8元'], ['去年財報', '營收', '18.6億元'], ['毛利率', '年減', '個百分點'], ['稅後純益', '爲', '1.84億元'], ['每股純益', '爲', '1.26 元'], ['愛山林董事會決議', '發', '去年股利'], ['愛山林董事長祝文宇', '指出', '愛山林有開發'], ['愛山林', '走向', '業務公司'], ['愛山林', '有', '開發']]"
0,20190401_794,4%高宣告利率保單全面絕跡 光富邦、國壽就調降近90張保單在金管會緊盯高利保單下，各家壽險公司的利變型保單宣告利率今 (1) 日全面調降，光是富邦人壽和國泰人壽兩家保險公司，就下調共 89 張保單，4% 以上宣告利率的保單已絕跡。壽險公司近年來紛紛用高宣告利率吸引民眾買美元保單，被金管會緊盯，中國人壽率先在 3 月開出調降宣告利率的第一槍，3 月 26 日更發函要求各家壽險公司法遵人員要交出躉繳高利率保單宣告利率決策過程及相關會議紀錄。在金管會緊盯高宣告利率保單之下，今天 4 月的第一個交易日，各家壽險公司都很聽話，全面調降宣告利率，富邦人壽一共調降逾 50 張保單，國泰人壽也下調 39 張保單。其他壽險業包括：台灣人壽、新光人壽、全球人壽隨後也都陸續調降 4 字頭以上的高利保單，也就是 4% 的高利保單全面退出市場。整體來看，美元利變保單平均降到 3.65~3.73%；保單則降到 2.58~2.73%，而網路投保的利變年金則落在 2.66~2.7%。金管會主委顧立雄表示，壽險業若要賣高利率保單，必須要有對應的計畫，像是大股東要拿錢出來增資或是其他動作，才符合壽險業的穩健經營原則。保險公司主管表示，近期金管會盯上各保險公司利變型保單的宣告利率，壽險公司 4 月大舉調降宣告利率，雖會減少利變型保單對消費者的吸引力，但反有助於投資型保單的銷售，因此投資型保單銷售有機會回溫。,"[['光', '是', '富邦人壽國泰人壽兩家保險公司'], [' 以上', '宣告', '利率'], ['中國人壽', '開出', '第一槍'], ['更發函', '要求', '公司法遵人員交出宣告利率決策過程'], ['公司法遵人員', '交出', '宣告利率決策過程'], ['金管會', '緊盯', '宣告利率保單'], ['金管會', '緊盯', '宣告利率保單'], ['富邦人壽', '調降', '宣告利率'], ['臺灣人壽', '調降', '4字頭以上高利保單'], ['高利保單', '退出', '市場'], ['利變年金', '落在', '2.66'], ['會主委顧立雄', '表示', '有對應計劃'], ['壽險業', '賣', '高利率保單'], ['保險公司主管', '表示', '會盯上宣告利率'], ['會', '盯上', '宣告利率']]"
0,20190401_795,鴻海集團5G布局加速 FII 5G設備大單今年將出貨陸媒報導，鴻海 () 集團旗下工業富聯 (FII)(601138-SH) 總經理鄭弘孟今 (1) 日表示，目前 5G 設備產品已經獲得 2 個世界級的大客戶，預計今年將會出貨。FII 今日召開業績交流會，鄭弘孟表示，未來在 5G 時代會出現關於高性能伺服器 (HPC) 和數據中新的新需求，因此會著眼布局 5G 的軟硬體，投資也將逐步擴大。綜合陸媒報導，FII 目前已經完成 5G 小基站、用戶設備、MIMO 天線等 5G 發展初期關鍵技術的開發，鄭弘孟更透露，目前 5G 設備產品已獲兩個以上的世界級客戶，並將於今年出貨。據了解，在 FII 的業務版圖中，5G 隸屬於通訊網絡設備業務，根據 FII 通信網絡設備銷售收入為 2591.54 億元，年增逾 2 成，佔公司主營業務收入比例從前年 61% 上升至 63%。FII 在上周五公布上市以來首份年報，去年營收 4153.77 億元，年增 17.2%、稅後純益 169.02 億元，年增 6.5%，稀釋每股純益為 0.9 元，較前年 0.95 元衰退。而 FII 也宣布，擬向全體股東每 10 股派發現金紅利 1.29 元 (含稅)。,"[['設備產品', '獲得', '大客戶'], ['鄭弘孟', '表示', '著眼佈局5G軟硬體'], ['FII', '完成', '關鍵技術開發'], ['鄭弘孟', '透露', '設備產品獲世界級客戶'], ['設備產品', '獲', '世界級客戶'], ['5G', '隸屬於', '網絡設備業務'], ['FII', '公佈', '首份年報'], ['每股純益', '爲', '0.9元'], ['FII', '宣佈', '擬派發含稅紅利'], ['(', '含', '稅']]"
0,20190401_796,932家上市公司公告申報年報 僅華電、清惠尚未完成今 (1) 日為上市公司財報公告申報截止日，證交所表示，共有 932 家完成申報，其中本國與第一上市公告申報家數分別為 859 家、73 家，到今天晚間 7 時止，除了華電 () 與清惠 () 尚未申報外，其他上市公司均已完成申報。證交所表示，華電因更換簽證會計師、清惠光電因財報資料尚未編製完成與會計師查核，因此無法如期申報。依規定，上市公司年報申報截止日為 3 月 31 日前，但今年 3 月 31 日遇上周末假日，非上班日，證交所日前公告，將上市公司年報申報截止日可順延至 4 月 1 日，統計共有 932 家完成申報。,"[['公告', '申報', '華電年報完成今'], ['華電', '完成', '今'], [' 日', '爲', '申報截止日'], ['932家', '完成', '申報'], ['申報家數', '爲', '859家'], ['其他上市公司', '完成', '申報'], ['證交所', '表示', '申報'], ['年報申報截止日', '爲', '31月日前'], ['3月31日', '遇上', '週末假日'], ['932家', '完成', '申報']]"
0,20190401_797,◆投信連續3日賣超個股投信連續 3 日賣超個股1. 投信連續賣超 3 日的股票(2367) 燿華  、 (2891) 中信金、 (9904) 寶成  、 (2382) 廣達  、 (1605) 華新2. 投信連續賣超 2 日的股票(4958) 臻鼎 - KY (2367) 燿華  、 (3231) 緯創  、 (2618) 長榮航、 (9904) 寶成  、 (1101) 台泥3. 投信當日 (01) 賣超的股票(2367) 燿華  、 (9904) 寶成  、 (2618) 長榮航、 (3376) 新日興、 (1101) 台泥,[]
0,20190401_798,◆投信連續3日買超個股投信連續 3 日買超個股1. 投信連續買超 3 日的股票(3037) 欣興  、 (2317) 鴻海  、 (2313) 華通  、 (3711) 日月光投控、 (2329) 華泰2. 投信連續買超 2 日的股票(2317) 鴻海  、 (3037) 欣興  、 (2313) 華通  、 (3711) 日月光投控、3. 投信當日 (01) 買超的股票(2317) 鴻海  、 (2313) 華通  、 (6269) 台郡  、 (4958) 臻鼎 - KY、 (3711) 日月光投控,"[['投信買', '超', '3日']]"
0,20190401_799,◆外資連續5日賣超個股外資連續 5 日賣超個股1. 外資連續賣超 5 日的股票(2888) 新光金、 (00677U) 富邦 VIX、 (2891) 中信金、 (2882) 國泰金、 (2409) 友達2. 外資連續賣超 4 日的股票(00677U) 富邦 VIX、 (2888) 新光金、 (2882) 國泰金、 (2891) 中信金、 (2409) 友達3. 外資連續賣超 3 日的股票(2888) 新光金、 (00677U) 富邦 VIX、 (2891) 中信金、 (2882) 國泰金、 (2409) 友達4. 外資連續賣超 2 日的股票(00677U) 富邦 VIX、 (2888) 新光金、 (2891) 中信金、 (2303) 聯電  、 (8046) 南電5. 外資當日 (01) 賣超的股票(2412) 中華電 (2888) 新光金、 (00677U) 富邦 VIX、 (2891) 中信金、 (2303) 聯電  、 (8046) 南電,"[['外資', '賣', '日賣']]"
