,News,All,SVO
0,20130530_2200,年興營運回溫，牛仔褲訂單滿至年底精實新聞 2013-05-30 記者 鄧寧 報導成衣族群今年頻有亮點，除了儒鴻（1476）、聚陽（1477）、銘旺實（4432）訂單滿手外，隨著美國經濟的復甦，牛仔褲代工大廠年興（1451）營運也逐漸回溫，公司表示，其牛仔褲OEM業務的訂單能見度往常皆維持在3個月左右，但今年訂單強勁、已排到12月；同時年興也致力於改變產品組合，多接中高價位的訂單，以期提升毛利率，去年下半年以來，也已連續三季維持在10%以上，今年首季與去年同期相較更是由負轉正，接下來可望維持穩健復甦。年興一直專注於為全球領導品牌廠代工牛仔褲，如Levi`s、GAP等，而主要產品為丹寧布與牛仔褲，是垂直整合一貫廠，工廠分布於台灣、越南、柬埔寨、賴索托、墨西哥等地；丹寧布與牛仔褲的營收比重約為35%、65%，主要銷售市場以美國為主，佔比約達7成。年興布料業務的主要原料為棉花，通常公司皆維持6個月左右的庫存，但因近兩年棉花價格波動劇烈，也影響到公司的成本管控，導致其在成衣OEM賺來的利潤反而受到布料業務虧損侵蝕；年興2012全年營業利益僅1.26億元，較2011年大幅減半，但因業外有大筆處分投資所得收入，去年稅後淨利還有7.6億元，年增0.5%，EPS1.64元。年興表示，目前手上的棉花庫存成本低於現貨價格，有利於布料利潤改善，而考量前兩年的棉價波動，今年起棉花庫存也動態調整至維持3~4個月的水位，以降低風險。於此同時，牛仔褲OEM業務也積極朝向ODM發展，改善產品組合、多接中高價位訂單，因美國零售市場漸有起色，年興的美系客戶訂單也大幅回流，今年成衣訂單能見度已看到12月，相對去年同期更為強勁。年興Q1合併營收31.65億元，合併毛利率10.6%，營業利益1.37億元，較去年同期轉盈，稅後淨利1.51億元，EPS 0.35元。此外，年興從2008年起連續進行減資，3月時董事會通過股本從43.41億元減資至40億元，預計8月時調整，接下來減資計畫將暫告段落，今年也無新增的資本支出計畫。,"[['牛仔褲訂單', '滿至', '精實新聞'], [' 2013-05-30記者鄧寧', '報導', '頻有亮點'], ['頻', '有', '亮點'], ['年興', '致力於', '改變產品組合'], ['年興', '專注於', '品牌廠代工牛仔褲'], ['主要產品', '爲', '丹寧布'], ['工廠', '分佈於', '等臺灣地'], ['營收比重', '爲', '35%'], ['主要原料', '爲', '棉花'], ['公司', '維持', '6個月左右庫存'], ['其賺利潤', '受到', '布料業務虧損侵蝕'], ['業外', '有', '所得收入'], ['稅後淨利', '還有', '7.6億元'], ['年興', '表示', '棉花庫存成本低於現貨價格'], ['棉花庫存成本', '低於', '現貨價格'], ['棉價波動', '有利於', '改善'], ['零售市場', '有', '起色'], ['年興', '進行', '減資'], ['董事會', '減資至', '40億元'], ['減資計劃', '告', '段落']]"
0,20130530_2201,台指期下跌84點或1% 收報8231點今 (30) 日下跌 84 點或 1.01%，收報 8231 點。,[]
0,20130530_2202,《股市》13:44台期指06 報8231.00點，跌-84.00點或-1.01%《股市》13:44台期指06 報8231.00點，跌-84.00點或-1.01%。免責聲明：本文所載資料僅供參考，並不構成投資建議，鉅亨網對該資料或使用該資料所導致的結果概不承擔任何責任。該資訊若與事實不符，應以商品原交易所之公佈為主。,"[['導致結果', '承擔', '任何責任']]"
0,20130530_2203,華航釋400個職缺！本國籍空服員徵130名、培訓機師30名華航()今(30)日宣布啟動大規模徵才計畫，將召募7項空地勤人員，包括機師、修護、空服、地勤運務、產品設計規畫、營業規畫和資訊管理等，共釋出400個職缺，其中，本國籍空服員開出逾130個職缺，另提供30個培訓機師名額，即日起分階段開放網路報名。華航表示，因應新機陸續引進、航點持續擴增等需求，要大舉召募空服、修護及地勤運務等新血，今年將招考超過130位本國籍空服員，自今日起到6月12日開放網路報名，且為因應9月即將開航釜山航線，特別徵求韓語人才。同時，華航也要召募機師，包括具備商用駕駛資格的自訓機師(CPL-CommercialPilotLicense)、退役空軍及民航機師等，並將提供30位培訓機師的名額。華航指出，應徵華航客艙組員者需具備大學以上畢業、TOEIC550分以上或同等英語能力，通過初步審核者將於6月下旬在桃園華航園區參加初試，進行「資格審查」、「服務專業職能評量」，通過者再進行複試，包括中英文口試、服務專業職能評量、體格檢查等，韓語組加考「韓語口試」，正式錄取者，預計7月底起分批報到。華航目前共有2400位空服員，為服務國際旅客，特別設有韓語組、日語組、越語組、泰語組、印度語組及義大利語組等，精選具備語言專才的空服員，配合航線需求派遣服務。華航強調，要號召具有外語長才、擅長溝通的「說故事高手」，空服員更需具備健康活力以及熱心公益的特質。華航今年也要召募航機附件維修、發動機維修及培訓機體與航電等專業修護人才，約200個名額，即日起到6月30日受理報名；另招考至少100位時薪及全職地勤運務人員，於6月27日到7月10日可上網登錄報名，而產品設計規畫、營業規畫和資訊管理等職缺，6月1日到14日開放網路報名。,"[['本國籍空服員', '開出', '職缺'], ['分階段', '開放', '網路'], ['華航', '表示', '召募等空服新血'], ['招考', '超過', '國籍'], ['包括等CommercialPilotLicense', '具備', '商用駕駛資格'], ['華航', '指出', '華航客艙組員者具備TOEIC550分以上同等英語能力'], ['華航客艙組員者', '具備', 'TOEIC550分以上同等英語能力'], ['通過者', '參加', '初試'], ['韓語組', '考', '韓語口試'], ['華航', '共有', '2400位空服員'], ['華航', '強調', '號召具有外語長才說故事高手'], ['空服員', '具備', '健康活力特質'], ['華航', '召', '專業修護人才'], ['200個名額', '即', '受理報名']]"
0,20130530_2204,Avago財測報喜，砷化鎵台廠Q2/Q3業績有撐精實新聞 2013-05-30 記者 羅毓嘉 報導砷化鎵元件大廠Avago預估本季(5-7月)營收將季增6-9%，暗示Apple次世代iPhone供應鏈將「動起來」，連帶地代工廠穩懋(3105)、磊晶廠全新(2455)等位居於砷化鎵供應鏈重要環節的廠商，營運動能也獲得保障；業界一般預期，砷化鎵台廠Q2營收水平將較Q1成長，Q3更可望進一步交出季增成績，挺進營運旺季。儘管Avago營收已經連續2季下滑，不過Avago在財報會議當中強調，3大終端市場本季可望呈現全面復甦，包括某大型智慧型手機OEM廠商新品開始量產、企業網路支出復甦以及工業終端市場需求的持續緩步回升，均可帶動該公司本季營收季增6-9%至5.957-6.126億美元(中間值為6.042億美元)。市場預期，Avago所指的大型智慧型手機新品，就是可望在Q3面世的Apple次世代iPhone。過去，iPhone的射頻元件供應清單向來是由Avago、Skyworks、與TriQuint等大廠分食，其中尤以Avago在iPhone 5的供應比重與元件價值最高。就台系砷化鎵廠在iPhone元件的供應鏈角色而言，穩懋與Avago的代工關係最為密切，同時穩懋也接入部分Skyworks的代工訂單，磊晶廠全新則是Skyworks、TriQuint、穩懋等晶圓廠的磊晶供應商，因此iPhone供應鏈「動起來」不啻意味著穩懋、全新今年Q2開始營運將獲得增長動能，業績走強的態勢並將挺進Q3。先前，穩懋已率先釋出「Q1-Q3營收呈現逐季成長格局」的正面看法，預估Q2營收將較Q1季增約2位數百分比，單季產能利用率並可達90%以上；為了支應客戶需求，穩懋在今年上半年結束前預計將每月產能從2.25萬片擴充到2.4萬片，下半年再視客戶需求，決定進一步的擴充步伐。累計今年前4月，穩懋營收為38.79億元，年增8.3%；全新則因Q1業績遜色，累計前4月營收為7.81億元，年減15.5%。,"[['等位', '居於', '重要環節'], ['營運動能', '獲得', '保障'], ['Avago', '強調', '終端市場呈現全面復甦'], ['終端市場', '呈現', '全面復甦'], ['中間值', '爲', '6.042億美元'], ['手機新品', '就是', 'Q3面世Apple次世代iPhone'], ['射頻元件', '供應', '清單'], ['供應', '是', 'Avago'], ['磊晶廠', '是', 'Skyworks'], ['iPhone供應鏈動', '意味著', '穩懋'], ['業績走態勢', '挺進', 'Q3'], ['穩懋', '釋出', '正面看法'], ['單季產能利用率', '可達', '90%以上'], ['穩懋', '預計', '擴充'], ['穩懋營收', '爲', '38.79億元'], ['前4月營收', '爲', '7.81億元']]"
0,20130530_2205,台股下跌94點或1.13% 收報8243點台股今 (30) 下跌 94.61 點或 1.13%，收報 8243.92 點，成交量 821.38 億元。,[]
0,20130530_2206,新巨股東會通過配息2元 購五股廠辦提升效率根留台灣！新巨()今天召開股東會，通過配發2元現金股息，現金殖利率逾7%，這也是新巨上市掛牌以來最高的股息水準。新巨去年斥資高達26.7億元，買下藍天()位於五股的廠辦大樓，由於有別於新巨以往的保守財務運作，也引來小股東質疑，但新巨董事長周進文表示，購買五股廠辦主要是考量具體提升效率，同時「根留台灣」，而五股廠辦除了新巨整並台灣生產線外，其餘樓層均可出租，扣除借款利息支出，每月還有數百萬元租金收入。新巨主要是以工業電源為主，產品小量多樣，因此整體平均毛利率，優於其他以消費性電子產品為主的電源廠。新巨去年合併營收32.91億元，合併毛利率28.02%，去年稅後淨利3.3億元，每股稅後盈餘2.16元。新巨今天股東會通過配發2元現金股息，配發率超過9成。由於新巨多年以來，營運與財務都以保守穩健為原則，但去年購買五股廠辦大樓，高達26.7億元，而新巨股本僅15.6億元，此一「大手筆」購買廠辦案，也引來小股東質疑。新巨指出，在整體財務支出上，另外，由於帳上現金充裕，因此購買五股新廠，僅貸款18億元，不過周進文表示，購買五股廠辦，「從簽約的下一秒」，就開始賺錢，主要是因為扣除借款利息，每月仍有數百萬元的租金收入進帳。新巨本季開始，陸續將新店生產線搬遷至五股，整體生產效率將可提升，同時有足夠的擴產空間，可作為後續接單業績成長後盾。,"[['現金殖利率', '逾', '7%'], ['這', '也是', '股息水準'], ['去年斥資', '高達', '26.7億元'], ['藍天', '位於', '五股'], [')', '位於', '五股'], ['新巨董事長周進文', '表示', '考量提升效率'], ['考量', '提升', '效率'], ['平均毛利率', '優於', '電源廠'], ['配發率', '超過', '9成'], ['營運', '爲', '原則'], ['一大手筆購買廠辦案', '引來', '小股東質疑'], ['新巨', '指出', '貸款18億元'], ['周進文', '表示', '購買'], ['陸續', '搬遷至', '五股']]"
0,20130530_2207,大飲股東會通過不發股利 6月推出新飲品上市迎旺季大飲()去年財報稅後盈餘1143萬元，每股稅後盈餘為0.22元，大飲股東會今(30)通過不配發去年股利；同時，大飲將在6月推出茶加乳酸菌產品上市，配合原有包裝飲料產品的銷售，將有助其今年業績的向上推升。大飲2012年營收6.72億元，營業毛利8556葛元，毛利率11.87%，優於2011年的10.96%，營業淨利1525萬元，稅前盈餘1190萬元，稅後盈餘1143萬元，每股稅後盈餘為0.22元。大飲將在飲料產品上布局機能性及保健的新產品，同時，大飲將在6月推出茶加乳酸菌產品上市。大飲2013年首季財報稅後盈餘895萬元，每股稅後盈餘為0.17元。,"[['稅後盈餘', '爲', '0.22元'], ['大飲', '推出', '上市'], ['大飲', '營收', '營業毛利8556葛元'], ['稅後盈餘', '爲', '0.22元'], ['大飲', '佈局', '機能性新產品'], ['大飲', '推出', '上市'], ['稅後盈餘', '爲', '0.17元']]"
0,20130530_2208,矽格通過股利政策 董座黃興陽對今年營運審慎樂觀IC測試矽格()今(30)日召開股東會，會中順利通過去年盈餘分配，每股將配發2.1元現金股利；董事長黃興陽致詞時表示，今年研究機構預估半導體景氣將較去年小幅衰退或微幅成長，而今年矽格在新計畫、產品與客戶帶動下，對銷售數量與營收仍審慎樂觀。黃興陽表示，去年歐洲國家有財政危機，美國有財政懸崖，因此整體經濟處於不穩定的情況，此相關因素持續至今年，因此各研究機構對今年半導體景氣預估值也較去年小幅衰退或微幅成長。不過，黃興陽指出，今年在新計畫、產品與客戶帶動下，預期銷售數量與營收仍將審慎樂觀；今年矽格將持續開發高成長測試產品，如手機IC、RF IC、LCD驅動IC等測試，並提高電源與利基型IC的封裝業務。在中國大陸組織部分，矽格指出，去年無錫廠明顯成長，但營運尚未獲利，今年將持續調整人力，增加績效並改善良率，期望可單月獲利；海外市場則持續開發，今年將拓展除北美市場外，亞洲、中東、歐洲與日本市場。矽格表示，今年將持續朝整合型測試技術、利基型測試與利基型封裝等產品方向發展，其中利基型封裝，矽格也將往微機電(MEMS)、QFN、WLCSP、晶圓級封裝等技術。,"[['矽格', '召開', '股東會'], ['配', '發', '2.1元現金股利'], ['董事長黃興陽', '表示', '半導體景氣衰退'], ['黃興陽', '表示', '研究機構衰退'], ['歐洲國家', '有', '財政危機'], ['美國', '有', '財政懸崖'], ['整體經濟', '處於', '穩定情況'], ['相關因素', '持續至', '今年'], ['黃興陽', '指出', '審慎'], ['矽格', '開發', '測試產品'], ['矽格', '指出', '調整人力'], ['矽格', '表示', '發展']]"
0,20130530_2209,台灣IMD排名退步 朱敬一指科技落後有關聯合國專利認定台灣在瑞士洛桑國際管理學院 (IMD)競爭力排名降至11名；對此，行政院長江宜樺今(30)日表示，不應一年退步而恐慌，看待評比應在檢查單項的細部檢討。國科會主委朱敬一則解釋說，科技落後有關專利，主因在計算PCT方式，為聯合國會員國才得有紀錄，從而使台灣的相關紀錄從缺。經建會在院會簡短報告後，國科會主委朱敬一特別解釋發言，科技指標方面落後有關專利，主因在計算PCT方式，為聯合國會員國才有紀錄使台灣相關紀錄從缺，並透過全球平均數使台灣下降。他也解釋說，培養科學家與研究人員指標下滑方面，主因問券調查顯示在薪資方面認定有所落差；另法規部分，在科技相關法規調整合理化後，仍是期待成績在明年將有所進步。政委薛琦則提醒，不應以加總排名做為參考，當時他曾向義大利籍專家請教，應是以細項為參考價值判斷。江揆總結說說，不應一年退步而恐慌，看待評比應在檢查單項的細部檢討。振興經濟與提振景氣的措施外界是肯定政府用心與思考正確，但能否落實，仍是執行力的問題，政府在溝通與規劃以外仍應強化執行。,"[['有關專利', '有', '紀錄'], ['他', '解釋', '主因問券調查顯示落差'], ['主因問券調查', '顯示', '落差'], ['相關法規', '調整', '合理化'], ['期待成績', '有所', '進步'], ['政委薛琦', '提醒', '做爲參考'], ['執行', '振興', '經濟'], ['外界措施', '是', '落實問題'], ['政府', '強化', '執行']]"
0,20130530_2210,《股市》13:00台期指06 報8247.00點，跌-68.00點或-0.82%《股市》13:00台期指06 報8247.00點，跌-68.00點或-0.82%。免責聲明：本文所載資料僅供參考，並不構成投資建議，鉅亨網對該資料或使用該資料所導致的結果概不承擔任何責任。該資訊若與事實不符，應以商品原交易所之公佈為主。,"[['00臺', '期指', '8247.00點'], ['00臺', '期指', '06報8247.00點'], ['導致結果', '承擔', '任何責任']]"
0,20130530_2211,《股市》12:59台股店頭 報120.96點，跌-0.31點或-0.26%《股市》12:59台股店頭 報120.96點，跌-0.31點或-0.26%。免責聲明：本文所載資料僅供參考，並不構成投資建議，鉅亨網對該資料或使用該資料所導致的結果概不承擔任何責任。該資訊若與事實不符，應以商品原交易所之公佈為主。,"[['59臺股店頭', '報', '120.96點'], ['59臺股店頭', '報', '120.96點'], ['導致結果', '承擔', '任何責任']]"
0,20130530_2212,不只有紅色版！英媒爆：新HTC One還將推藍色版藍色版新HTC One模擬照。(圖:Pocket-lint)英國網站《Pocket-lint》周三 (29 日) 引述消息人士報導，宏達電 () 將在接下來幾個月推出旗艦智慧手機新 HTC One 的藍色版本，與之前流傳出的紅色版攜手搶市。 英國網站展示的紅色版新HTC One。新 HTC One 目前僅販售黑色及銀色版。但報導指出，本月初宏達電美國官方網站一度刊登一款鮮紅色版的新 One，隨後被移除；不過，英國手機零售網站 Handtec 稍晚又在架上擺出這款紅色新 One，並標價容量 32GB 版每支售價 503.99 。目前尚不清楚藍色版新 One 會採用哪種藍色系，《Pocket-lint》刊登一張他們的模擬照片。消息人士也無法證實，紅、藍色版新 HTC One 確定將在何時正式上市。,"[['新HTC One', '推', 'HTC One模擬照'], ['英國網站Pocket-lint', '引述', '消息人士報導'], [' )', '推出', '藍色版本'], ['新HTC One', '販售', '黑色'], ['報導', '指出', '官方網站刊登 One'], ['官方網站', '刊登', ' One'], ['零售網站Handtec', '擺', '紅色新One'], ['新One', '採用', '哪種藍色系'], ['Pocket-lint', '刊登', '模擬照片'], ['消息人士', '證實', '上市']]"
0,20130530_2213,金士頓杜紀川：雲端應用將為DRAM帶來龐大商機金士頓(Kingston)共同創辦人杜紀川表示，雲端應用將為DRAM帶來龐大商機。(照片來源：金士頓提供)全球記憶體模組龍頭金士頓(Kingston)共同創辦人杜紀川，在Computex台北電腦展即將開展前夕特地來台灣，並在明(31)日舉行媒體茶會，他表示，DRAM的使用量大幅下滑的原因是因為市場只注意到平板電腦的發展，但雲端應用將帶來更龐大的商機。行事低調的金士頓共同創辦人杜紀川總裁，這次旋風式訪台，將分析記憶體產業在全球的發展情況。杜紀川表示，金士頓成立至今已有26年，不是單純生產硬體或是純粹以生產製造導向的公司，因應雲端運算趨勢來臨，金士頓將在服務應用端扮演更多的角色，尤其是NAND Flash，不再只是單純的硬體和儲存工具，而是能協助平台端的存取應用服務。杜紀川總裁是金士頓 (Kingston)共同創辦人之一，出生於四川重慶，在台灣定居，並到德國留學，移民美國後，與合作夥伴孫大衛，在家中車庫開始創業，展開他傳奇的創業歷程。此外，金士頓今(30)日宣布推出最新一代SSDNow系列產品－KC300固態硬碟。KC300是目前市場上最省電的固態硬碟之一，能夠讓企業用戶、行動用戶及重度使用者延長電腦使用時間。金士頓亞太區Flash Memory業務總監蘇治源表示，Kingston新一代SSDNow KC300固態硬碟具有高速、穩定及可靠等特性，專為企業用戶、行動用戶及重度使用者提高電腦效能及延長電池續航力。與傳統硬碟相比，KC300所提供的長時間電池續航力，讓使用者不用為電量不足所苦，可無後顧之憂地進行較長時間的持續性使用。,"[['雲端應用', '表示', '雲端應用帶來龐大商機'], ['雲端應用', '帶來', '龐大商機'], ['創辦人杜紀川', '來', '臺灣'], ['他', '表示', 'DRAM使用量下滑原因是因爲雲端應用帶來龐大商機'], ['DRAM使用量下滑原因', '是因爲', '雲端應用帶來龐大商機'], ['市場', '注意到', '平板電腦發展'], ['雲端應用', '帶來', '龐大商機'], ['杜紀川', '表示', '金士頓成立已有26年'], ['金士頓成立', '已有', '26年'], ['單純', '生產', '硬體'], ['金士頓', '扮演', '更多角色'], ['NAND Flash', '只是', '單純硬體'], ['總裁杜紀川', '是', '創辦人之一'], ['金士頓', '宣佈', '推出固態硬碟'], ['KC300', '是', '固態硬碟之一'], ['金士頓亞太區Flash Memory業務總監蘇治源', '表示', '固態硬碟具有等高速特性'], ['固態硬碟', '具有', '等高速特性']]"
0,20130530_2214,日元貶值25%內有助工具機整機業者降成本機械業促適度貶值並要面見央行總裁彭淮南，經濟部今(30)日在行政院會報告「工具機產業推動策略」後指出，匯率屬短期因子，匯率是一個複雜的問題；台灣若跟貶，基於98%進口能源成本的增加將影響經濟生產成本，且評估貶值25%內反是有助我國工具機整機業者降低成本。工具機相關業者近期對於匯率持續提出建言，經濟部次長杜紫軍會後接受媒體詢問指出，工具機業者所說短期的匯率貶值有助，但匯率是一個複雜的問題，過度跟貶，對於總體的台灣經濟將是有所衝擊。他說，台灣能源98%仰賴進口，一旦跟貶，成本的增加將影響經濟生產成本，且從政府角度而言，不論中央銀行政策，主管機關仍是在提高產業的長期競爭力。他補充指出，工具機的特性一項，在許多業者關鍵零組件如控制器方面，在的貶值對於整機業者的降低成本是早已有幫助！他也強調，整機業者仍是在貶值當中受惠，在一定的貶值幅度不要超過25%，對於台灣工具機競爭力而言仍存在優勢與受惠。匯率就產業而言仍屬短期因子，非是0與1的互相關聯，仍要看長期競爭力。,"[['日元', '貶值', '25%內'], ['行政院會', '報告', '工具機產業推動策略'], ['匯率', '屬', '短期因子'], ['匯率', '是', '複雜問題'], ['臺灣', '跟', '貶'], ['評估', '反是', '有助'], ['整機業者', '降低', '成本'], ['相關業者', '提出', '建言'], ['杜紫軍', '接受', '媒體詢問'], ['匯率', '是', '複雜問題'], ['他', '說', '臺灣能源仰賴進口'], ['臺灣能源', '仰賴', '進口'], ['成本增加', '影響', '經濟生產成本'], ['主管機關', '提高', '長期競爭力'], ['他補充', '指出', '在貶值是有幫助'], ['在貶值', '是', '有幫助'], ['他', '強調', '整機業者受惠'], ['貶值幅度', '超過', '25%'], ['匯率', '屬', '短期因子']]"
0,20130530_2215,金像電營運朝正向發展 價量齊揚創波段新高上市PCB廠金像電()在兩岸接單及營運狀況朝向正面發展的走勢之下，今(30)成交量突破1萬張，股價並以7.78元創波段新高，主要仍以來自江蘇常熟廠的NB板及台灣廠的厚層伺服器板的接單暢旺挹注。金像電主管今天指出，金像電江蘇常熟廠的產能120萬呎，主要以生產NB板為主，江蘇常熟廠在去年遭遇火警侵襲而損失的產能在2012年底已經全部恢復，2013年至今已進入滿載生產。同時，金像電在常熟廠主要客戶訂單以來自仁寶()、廣達()及緯創()的訂單為主。而金像電在台灣的桃園廠則以生產伺服器用的厚銅高層板為主，金像電主管也指出，其目前的接單也有快速的成長；而過去造成金像電賠累的金像電蘇州廠，在導入新經營團隊之後，其生產狀況也朝正面改善。金像電4月營收以16.04億元創新高，法人估計其5月營收仍維持在此一水準。,"[['齊揚創波段新高上市PCB廠', '金像', '電'], ['30成交量', '突破', '1萬張'], ['電主管', '指出', '120萬呎'], ['江蘇常熟廠', '遭遇', '火警侵襲'], ['去年', '遭遇', '火警侵襲'], ['電主管', '指出', '快速成長'], ['過去', '造成', '累'], ['法人', '估計', '營收維持一水準'], ['營收', '維持', '一水準']]"
0,20130530_2216,蘋果指紋辨識IC封測訂單 傳花落日月光/精材精實新聞 2013-05-30 記者 羅毓嘉 報導蘋果(Apple Inc.)擬在次世代iPhone搭載指紋辨識功能，據傳該款感測器IC已完成開發，不僅將由台積電(2330)代工生產晶圓，同時封測訂單也將留在台灣。據供應鏈業者指出，封測廠日月光(2311)與精材(3374)為準備迎接Apple指紋辨識感測器新訂單，封測設備採購已雙雙就位，本季底該感測器就將展開小量出貨，7月起訂單量更將明顯放大。市場近期盛傳，蘋果下一代iPhone將搭載新的指紋感測技術，讓使用者帳號的私密性、安全性更加提升，亦使得NFC(近場無線通訊)的小額付款、電子錢包等功能的安全性進一步提昇，推升行動裝置的個人化程度，勢將成為次世代iPhone的重要賣點，是以，指紋感測器生產代工訂單花落誰家，也成為市場關心話題。據了解，台積電將成為蘋果指紋辨識感測IC的代工夥伴，同時由台積電轉投資的精材將負責晶圓封裝、再交由封測大廠日月光進行感測器的最後組裝(final assembly)，今年7月該顆IC就將放量出貨，剛好卡位蘋果次世代iPhone的成品組裝時間。精材已在4月間通過拉高全年資本支出，由原先的1745萬元提升至1.26億元。據供應鏈業者指出，精材、日月光均為迎接該顆感測IC封裝訂單預做準備，已在Q2上旬要求一批封裝與檢測設備急單，相關設備並已陸續就位。同時，精材也在5月底公告因應客戶需求增長、礙於廠房空間擴充不及，決議於新廠擴建完成前，將部份設備出租予台積電以確保該訂單入袋，台積電與精材的攜手「固單」動作，也在在呼應著該筆訂單潛在的龐大利益。隨著台系IC生產供應鏈開始「動起來」，7月起蘋果感測晶片就將開始挹注台系半導體供應鏈業績，相較於台積電、日月光營收基礎龐大，相關封測訂單對於精材營收的貢獻幅度也最被市場看好。今年前4月，精材累計營收達11.09億元，較去年同期成長了39.8%。,"[['AppleInc', '擬', '搭載指紋辨識功能'], ['封測訂單', '留在', '臺灣'], ['日月光2311', '爲', '準備'], ['該感測器', '展開', '出貨'], ['將', '搭載', '測技術'], ['勢', '成爲', '重要賣點'], ['代工訂單花落誰家', '成爲', '關心話題'], ['臺積電', '成爲', '代工夥伴'], ['精材', '通過', '全年資本支出'], ['精材', '迎接', '做準備'], ['該顆', '感測', '封裝訂單'], ['精材', '應', '客戶需求增長'], ['固單動作', '呼應', '龐大利益']]"
0,20130530_2217,資策會：白牌平板成長超預期 擴散至巴西、印度等新興市場資策會今(30)日發布最新預估值，今年全球PC出貨量預估約為3.06億台，較去年下滑4.1%，而平板電腦持續展現強勁成長力道，今年估總量可達2.28億台，較去年成長62.2%，其中白牌平板預估約6500至7000萬台，佔整體平板市場比重約 3 成，資策會產業顧問周士雄表示，全球平板電腦因白牌平板市場需求持續加溫，帶動整體市場大幅成長，不過強大的成長力道將在2015年逐步降溫。周士雄表示，今年PC市場受到全球景氣復甦緩慢、平板電腦等產品影響、以及歐美消費市場衰退等因素影響，市場將呈現負成長趨勢，整體衰退幅度將較桌上型電腦(DT)更為明顯；展望下半年，預期在新作業系統平台，以及新產品規格陸續導入市場後，將可刺激終端消費市場需求，帶動下半年出貨走揚。在平板電腦方面，周士雄指出，今年全球平板電腦產品出貨，將佔整體行動運算產品的比重將超過50%，出貨量約為2.28億台，成長率為62.2%；其中在 7 吋低價平板產品帶動下，將大幅提升新興市場對平板電腦產品之接受度，並帶動平板產品出貨量持續成長。不過，周士雄強調，2015年平板成長力道將開始趨緩，年成長率為15.2%，至2017的年成長率將降至9.6%，主要是因低價產品趨勢帶動，短期雖剌激市場需求提升，但低價產品策略對於剌激市場的效應將逐漸遞減。周士雄表示，今年白牌平板電腦市場規模約6500-7000萬台，較業界預估的數值還保守，而白牌 7 吋產品價格已降到39至50美元水位，對品牌廠強打低價價格帶也形成壓力。另外，他也指出，除中國市場外，白牌平板也開始往新興市場滲透，包含印度、俄羅斯與巴西等地，歐洲地區對白牌產品的接受度也提升，後續市場成長力道仍值得高度關注。在筆電產品方面，周士指出，今年上半年台灣筆記型電腦產業受歐美消費市場不振，及新作業平台轉換等因素的影響，出貨表現不如預期，下半年出貨表現在新技術、規格等市場有利因素帶動下，出貨量將向上增加，估今年台灣筆電出貨量將達1.54億台規模，較去年衰退9.9%。就今年台灣平板電腦出貨規模，隨著多家品牌大廠將在下半年推出Win 8與Win RT等新產品，預估全年出貨量將達到1.2億台，較去年成長24.5%。另外，伺服器方面，今年台灣伺服器出貨量估全年可達 5 萬台規模，較去年成長6.2%，主要訂單會來自大型資料中心，而在品牌商積極推出新的伺服器硬體產品之外，同時搭載許多軟體及應用服務，將跳脫過往單純扮演硬體供應商的角色，可望帶動台灣伺服器產業的整體表現，下半年伺服器出貨量需求將來自電信業、金融業、政府機關及大型製造業，在中低階智慧型手持裝置大量增加的趨勢下，對於後端伺服器的需求也將持續增加。,"[['擴散等巴西新興市場資策會', '發佈', '預估值'], ['PC出貨量預估', '爲', '3.06億臺'], ['估總量', '展現', '成長力道'], ['周士雄', '表示', 'PC市場受到等影響'], ['PC市場', '受到', '等影響'], ['市場', '呈現', '成長趨勢'], ['預期', '刺激', '終端消費市場需求'], ['周士雄', '指出', '佔運算產品比重超過50%'], ['將', '佔', '運算產品'], ['佔運算產品比重', '超過', '50%'], ['出貨量', '爲', '2.28億臺'], ['周士雄', '強調', '將開始趨緩'], ['將', '開始', '趨緩'], ['年成長率', '爲', '15.2%'], ['至年成長率', '降至', '9.6%'], ['周士雄', '表示', '約'], ['市場規模', '約', '6500-7000萬臺'], ['他', '指出', '白牌平板開始滲透'], ['白牌平板', '開始', '滲透'], ['成長力道', '值得', '高度關注'], ['周士', '指出', '筆記型電腦產業受歐美消費市場不振'], ['筆記型電腦產業', '受', '歐美消費市場不振'], ['出貨表現', '不如', '預期'], ['出貨', '表現在', '有利因素帶動下'], ['臺灣筆電出貨量', '達', '1.54億臺規模'], ['品牌大廠', '推出', '等Win 8新產品'], ['全年出貨量', '達到', '1.2億臺'], ['臺灣伺服器出貨量估', '可達', '5萬臺規模'], ['主要訂單', '來自', '資料中心'], ['品牌商', '推出', '硬體產品'], ['積極', '推出', '硬體產品'], ['單純', '扮演', '硬體供應商'], ['對於需求', '增加', '自電信業']]"
0,20130530_2218,新世代遊戲機戰開打，連接元件供應鏈Q3喊燒精實新聞 2013-05-30 記者 蕭燕翔 報導下半年新款遊戲機秀開打，微軟與SONY陣營都將有新產品推出，且在平台架構改變下，遊戲向下相容的可能性降低，可望帶動更大的換機效應，一般也預料，將搭配舊機種的降價促銷，雙向刺激。悶了很久的遊戲機供應鏈也預期7月後訂單動能將逐步動起來，其中，連接元件廠商的正崴(2392)、維熹(3501)、鎰勝(6115)、湧德(3689)、鉅祥(2476)等，都有機會受惠。台灣零組件廠向來就是全球三大遊戲機陣營的主要夥伴，只是這幾年隨平板電腦、智慧型手機崛起，取代傳統遊戲機市場，三大陣營都銷聲匿跡一段時間，近年僅存搭配零星的周邊產品或降價等行銷規則，很久沒有見到新世代的遊戲機上市，相關零件訂單自然也趨平淡。不過，微軟及新力今年都不約而同將在傳統感恩節至耶誕節的銷售旺季，推出新產品，被外界喻為「第八世代遊戲機」大戰開打。今年兩大陣營都不再將遊戲機侷限於「玩遊戲」的功能，而更強調趨向PC架構的介面，微軟的Xbox One就號稱將成為新的數位娛樂中心，PS4也捨棄自行開發的晶片，改採用AMD晶片，並強化社群分享的功能。兩者都規劃今年11月左右問市。但也因平台架構的大轉變，Xbox One已證實遊戲無法向下相容，PS4則讓玩家可透過雲端服務玩既有的PS3遊戲；不過，也因平台架構變革較大，遊戲相容程度較低，一般認為，假設新品具有吸引力，將帶動新機更大的購機潮，而如微軟也對外宣稱，不會放棄Xbox 360的銷售，業界預期，應會搭配舊世代機種的促銷，雙向進行。因應年底的新品旺季，供應鏈也預期，6月底、7月訂單就會逐步轉熱，以Xbox One來說，微軟先前已傳出將在該機種的銷售生涯繳出4億台的銷售成績，是Xbox 360的四倍，由此可見微軟對於該機種的潛在客群從遊戲玩家向外普及的企圖心。零件商也推估，Xbox One上市後起算的第一年，出貨量至少應有1千萬台水準，連接元件廠商以正崴及維熹受惠最大，特別是正崴今年出貨的產品除搖桿、線材外，還囊括其他電源模組訂單，單台對其營收貢獻增加。PS4則號稱硬體規格將優於其他對手，且以新力遊戲慣有的追隨玩家來看，銷量應也有一定的基本水準。而線材廠鎰勝是該系列機種的主力供應商，雖然初期供貨量可能與日廠均分，但以往經驗看來，大規模量產後，多可拿到超過六成的線材供貨佔比，是最純正的PS概念股之ㄧ，市場也預期，第三季後遊戲機線材出貨將轉熱，帶動營收重回旺季。其他也有橫跨兩陣營的連接器供應商，如兩陣營的機種都支援乙太網路，網路連接器廠商湧德順勢切入，目標希望拿下三成的供貨比重；鉅祥以往則替日本連接器廠代工，間接打入日系遊戲機供應鏈，也被點名可望在PS陣營新品的受惠之列。,"[['供應鏈Q3', '喊', '燒'], ['供應鏈Q3', '喊', '燒'], [' 2013-05-30記者蕭燕翔', '報導', '開打'], ['微軟', '有', '新產品推出'], ['遊戲機供應鏈', '預期', '訂單動能動起來'], ['臺灣零組件廠', '就是', '主要夥伴'], ['三大陣營', '僅存', '行銷規則'], ['三大陣營僅存行銷規則', '搭配', '零星'], ['訂單', '趨', '平淡'], ['微軟', '推出', '新產品'], ['微軟Xbox One', '號稱', '成爲數位娛樂中心'], ['PS4', '捨棄', '開發晶片'], ['兩者', '規劃', '問市'], ['Xbox One', '證實', '遊戲向下相容'], ['微軟', '傳出', '繳銷售成績'], ['零件商', '推估', '出貨量應有1千萬臺水準'], ['出貨量', '應有', '1千萬臺水準'], ['正崴出貨產品', '囊括', '電源模組訂單'], ['硬體規格', '優於', '其他對手'], ['將', '優於', '其他對手'], ['銷量', '也有', '基本水準'], ['鎰勝', '是', '主力供應商'], ['市場', '預期', '轉'], ['其他', '也有', '連接器供應商'], ['兩陣營機種', '支援', '乙太網路'], ['以往', '替', '日本連接器廠代工']]"
0,20130530_2219,台灣IMD排名退步 江宜樺：不應一年退步而恐慌 應檢討單項細部台灣在瑞士洛桑國際管理學院 (IMD)30日已發布最新全球競爭力排名退至11名；行政院長江宜樺今天在院會裁示，不應一年退步而恐慌，台灣近4年表現仍是屬進步區間，看待評比應檢討單項的細部與政策加強落實！行政院發言人鄭麗文轉述院長裁示，江揆說，注意各分項的評比，部分主因國際經濟情勢不佳，即便如此政府仍虛心檢討加強改進，實質內容方面注意不進則退，當其餘國家進步快速時，台灣在進步幅度上應把相關指標做好。政委薛琦也提醒，不應以加總排名做為參考，當時他也曾請IMD義大利籍相關專家了解，應是以細項為參考價值判斷。江揆說，回顧1997年迄今，台灣近4年表現仍是屬進步，2010年進入前10後，在今年11名仍比97-2008年優異，但領先群中在不同年度的成績不需因一年退步而恐慌，看待評比應在檢查單項的細部檢討，在推出提振景氣措施後，政策應加強落實！,"[['行政院長江宜樺', '裁示', '退步'], ['近4年表現', '屬', '進步區間'], ['行政院發言人鄭麗文', '轉述', '裁示'], ['院長', '裁示', '江揆說政府檢討加強改進'], ['江揆', '說', '政府檢討加強改進'], ['政府', '檢討', '加強改進'], ['政委薛琦', '提醒', '做爲參考'], ['江揆', '說', '近4年表現屬進步'], ['近4年表現', '屬', '進步'], ['2010年', '進入', '10後'], ['政策', '加強', '落實']]"
0,20130530_2220,證所稅本會期拚三讀 財長：未到絕望時證所稅協商破局，本週五立法院本會期最後一次院會三讀通過機會渺茫。不過，財政部長張盛和表示，還未到絕望的時候，永遠不必悲觀，仍持續呼籲各方支持證所稅修正案，儘速通過。張盛和說『事情沒有到絕望時永遠不必悲觀，事情沒有到絕望時，永遠不必悲觀。不會一直不過，到臨時會會過，最晚一個月會過。其實大家往前看，修得比較好，就不必講道歉的事，不必看這個，不要進步了就要為過去道歉，那大家退步就好了嘛。』,"[['未', '到', '絕望'], ['和', '表示', '悲觀'], ['各方', '支持', '所稅修正案'], ['和', '說', '悲觀'], ['事情', '到', '絕望'], ['沒有', '到', '絕望']]"
0,20130530_2221,鴻海結盟Mozilla、不單押iOS，有效降低風險精實新聞 2013-05-30 09:55:04 記者 陳祈儒 報導鴻海集團（2317）預計下周Computex台北國際電腦展開展前，與軟體服務業者Mozilla（謀智）召開記者會，並宣布鴻海將是Mozilla第19家結盟的夥伴，雙方共同打造Firefox開放平台。由於鴻海過去只代工iPhone，同集團的富士康（2038.HK）則以Android為主，因此鴻海的手機產品不再單押iOS平台，將能降低營運風險。 據多家市調機構的評析，2013年第一季iOS的市占率已不到2成，而Android作業系統已站穩7成以上；封閉性系統、如iOS跟單一品牌業者的銷售榮枯息息相關；而開放性的Android系統有多家硬體廠的支援，只要有一至兩家的手機廠成績不錯，對於組裝代工廠就算是有利的。 因此，鴻海此次跟開放性平台Firefox的背後推手Mozilla結盟，算是分散營運風險的重要一步；雖然外界也多對鴻海與蘋果之間的關係多所解讀，只是，這也不一定代表鴻海跟蘋果雙方不再合作。鴻海與蘋果不再完全依賴對方，對於兩家公司也具正面效益。 蘋果這兩年在行動裝置如手機、平板上增加了代工廠和碩（4938），可以避免單一代工的不穩定因素，而鴻海藉由增加新平台來接觸新的手持裝置客戶，未來有拓增新訂單的機會。 或許外界也好奇，同樣是開放性平台，鴻海不選擇滲透率最高的Android，而是新成立的Firefox平台。其實Android本身最大的手機合作廠是三星電子（Samsung）、樂金（LG）、華為（HUAWEI）、宏達電（2498），而除了華為之外，幾乎都是品牌廠In House自製，代工廠鴻海的商機有限。 更重要的是，Firefox過去在PC電腦的瀏覽上，就以播放影音多媒體的穩定度最高而馳名，讀取媒體串流數據的能力高；在現在消費者於4G LTE手機、平板上大量採用影音娛樂的行為中，Firefox有其優勢。而且Firefox是開放平台的系統，不被單一硬體廠綁住，並跟多家品牌硬體廠結盟，具有發展的潛力。 在鴻海跟Mozilla結盟後，鴻海跟蘋果仍保有穩定的關係，而且蘋果未來硬體裝置的商機也正在擴增；例如蘋果的iPhone系列手機產品不再獨尊高單價定位，售價上更具彈性，加上有醞釀已久的iTV智慧電視，還有跟手機、平板iPad結合的iWatch智慧手錶等，鴻海未來替蘋果代工終端的機會仍多。,"[['結盟Mozilla', '降低', '精實新聞'], ['鴻海', '是', '結盟夥伴'], ['鴻海是結盟夥伴', 'Mozilla', '第19家'], ['雙方', '打造', '開放平臺'], ['手機產品', '押', 'iOS平臺'], ['iOS市佔率', '不到', '2成'], ['作業系統', '站穩', '7成以上'], ['Android系統', '有', '多家硬體廠支援'], ['Mozilla結盟', '算是', '重要一步'], ['Mozilla結盟算是重要一步', '分散', '營運風險'], ['這', '代表', '鴻海雙方合作'], ['鴻海', '依賴', '對方'], ['\xa0蘋果', '增加', '代工廠'], ['鴻海', '借', '客戶'], ['鴻海借客戶', '有', '拓新訂單機會'], ['鴻海', '選擇', '最高Android'], ['合作廠', '是', 'Samsung三星電子'], ['更重要的', '是', '高'], ['，', '讀取', '串流數據'], ['大量', '採用', '影音行爲'], ['Firefox', '有', '其優勢'], ['Firefox', '是', '開放系統'], ['Firefox是開放系統', '開放', '平臺'], ['鴻海', '保有', '穩定關係'], ['售價上', '更具', '彈性'], ['未來', '替', '蘋果代工終端']]"
0,20130530_2222,WSJ：蘋果訂單分和碩，iPhone 5刮痕為肇因精實新聞 2013-05-30 10:16:33 記者 郭妍希 報導為了分散風險，蘋果(Apple Inc.)決定不再把雞蛋放在同一個籃子裡，富士康(Foxconn)將不再享有獨占全球所有iPhone、iPad組裝業務的特權。華爾街日報(WSJ)29日引述未具名訊息人士報導，鴻海去(2012)年生產iPhone 5時出了差錯，讓金屬外殼出現刮痕，加上蘋果希望擴大產品線應付日益強大的三星電子(Samsung Electronics Co.)，導致該公司決定將部份代工訂單轉給和碩(4938)。訊息人士指出，富士康已愈來愈不受蘋果控制，這當中發生的事件包括未通知蘋果就自行更換零組件供應商等等。除此之外，蘋果產品日益繁複(例如iPhone 5)，也讓富士康備感挫折。分析人士認為，和碩為了爭取蘋果訂單，也願意接受較微薄的利潤。和碩本身則不願對定價做出回應。訊息顯示，和碩雖在去年開始製造iPad Mini，但良率依舊太低，導致蘋果還是把大部分訂單交給富士康處理。不過，分析人士認為，今年多數iPad Mini有望都由和碩製造。市場日前甫傳出，過去以組裝iPhone、iPad作為主要營收來源的鴻海(2317)已開始積極爭取新客戶並努力跳脫代工框架，希望能開創出一個全新的局面。華爾街日報5月27日報導，多位不願具名的主管表示，鴻海考慮販售自有品牌的電子配件(例如資料傳輸纜線、耳機與鍵盤等)以便提升毛利率。鴻海也擬定了媒體內容、軟體事業的投資計畫，終極目標是為所有代工組裝的裝置提供數位內容。除了上述業務外，鴻海也開始積極爭取新客戶，而在中國大陸方面已有了一些進展。蘋果今年以來尚未釋出任何重要的產品。蘋果執行長庫克(Tim Cook)4月23日在財報電話會議上坦言，蘋果的成長率的確已經趨緩，但這也許是因為該公司過去幾年來戰果輝煌的關係。他並表示，蘋果股價持續走軟讓所有人都備感挫折。,"[['5刮痕', '爲', '精實新聞'], ['AppleInc', '決定', '放在同一個籃子裏'], ['Foxconn富士康', '享有', 'iPhone組裝業務特權'], ['Foxconn富士康享有iPhone組裝業務特權', '獨佔', '全球'], ['WSJ華爾街日報', '引述', '訊息人士報導'], ['鴻海', '去', '生產iPhone'], ['蘋果', '希望', '擴大產品線'], ['該公司', '決定', '轉給和碩'], ['訊息人士', '指出', '富士康不受控制'], ['富士康', '不受', '控制'], ['發生事件', '通知', '蘋果'], ['分析人士', '認爲', '和碩願意接受微薄利潤'], ['和碩', '願意', '接受微薄利潤'], ['和碩本身', '不願', '做出回應'], ['訊息', '顯示', '低導致蘋果交給富士康'], ['和碩', '開始', '製造iPadMini'], ['低', '導致', '蘋果交給富士康'], ['蘋果', '交給', '富士康'], ['分析人士', '認爲', '多數iPad製造'], ['iPad', '作爲', '營收來源'], ['鴻海2317', '開始', '爭取新客戶'], ['多位', '不願', '具名'], ['不願具名主管', '表示', '鴻海考慮販售'], ['鴻海', '考慮', '販售'], ['鴻海', '擬定', '媒體內容'], ['終極目標', '是', '提供數位內容'], ['鴻海', '開始', '爭取新客戶'], ['蘋果', '釋出', '重要產品'], ['這', '是因爲', '輝煌關係'], ['他', '表示', '蘋果股價走軟讓']]"
0,20130530_2223,蘋果公司分散供應鏈風險：親近和碩疏遠富士康導語：國外媒體今天撰文稱，在蘋果公司聯合創始人喬布斯辭世后，富士康與蘋果公司的關係已經不能單靠兩家公司的領導者來維繫，加之富士康生的iPhone 5出現瑕疵，使得蘋果公司的新掌門庫克決定分散風險，逐步加大與和碩的合作。以下為文章全文：打破壟斷多年以來，全球各地的iPhone和iPad几乎都出自一家公司的組裝，這家公司叫富士康。這是兩個極具個性的人之間達成的一次重要合作：一方是性格暴烈、喜怒無常的蘋果公司聯合創始人史蒂夫·喬布斯(Steve Jobs)，一方是同樣要求苛刻的富士康董事長郭台銘。但在現任CEO蒂姆·庫克(Tim Cook)的治下，蘋果公司卻逐步糾正訂單的天平，向另外一家名氣較小的公司增加了採購量，以便平衡這家科技巨頭的供應鏈。蘋果公司很可能會在今年晚些時候推出低價iPhone，而屆時，和碩將會成為這款品的主要組裝企業。這家富士康的同城小兄弟2011年首次拿下一小部分iPhone訂單，並於去年開始生iPad mini平板電腦。和碩的崛起終結了富士康科技集團多年以來對蘋果公司移動品的生壟斷。這家以鴻海精密工業公司為上市主體的企業，是全球最大的電子品外包生商。知情人士稱，蘋果公司之所以轉變戰略，源於多個原因：一方面是在富士康去年的生故障導致iPhone 5的外殼劃痕后，蘋果公司決心分散風險；另一方面，面臨三星電子等對手的激烈競爭，蘋果公司也決定擴大品。分析師表示，和碩在爭取蘋果公司的訂單時，願意接受較低的利潤。但該公司拒對此發表評論。蘋果公司也拒對此置評。影響因素在經歷了多起引人關注的員工自殺事件和生事故后，富士康已經下大力氣改善了工廠環境。這也使得該公司通過規模實現的成本優勢喪失殆盡。雖然2011年的工廠爆炸導致的數十名員工受傷，也曾令和碩短暫進入公視野，但這家規模較小的企業基本沒有成為媒體的焦點，而富士康卻因為媒體的聚焦而上調了工資，並調整了用工方式。身為全球最大電子外包廠商，富士康的影響力與日俱增，也因此而令蘋果公司難以駕馭。知情人士透露，富士康甚至出現過未經蘋果公司許可私自改變零部件來源的事件。與此同時，蘋果公司的品複雜性與日俱增，也令富士康疲於應對。例如，iPhone 5就由於工藝問題難以滿足蘋果公司的訂單。蘋果公司的管理層變動也生了一些影響。知情人士表示，由於一直都對富士康情有獨鐘，因此喬布斯更容易原諒該公司的失誤。但知情人士表示，庫克已經不再完全依賴“兩位有英雄情結的領導者”之間的密切關係，而是更加看重分散風險。不過，庫克和郭台銘之間的關係還是非常密切：知情人士稱，早在庫克1998年加盟蘋果公司前，他們二人便已相識。不過，隨在蘋果公司供應鏈中的地位日益提升，和碩也有可能面臨更加嚴格的監督。該公司拒透露是否已經在2011年工廠爆炸事件發生后改變了用工方式。淵源頗深與其他外包製造商一樣，和碩的成功也基本上源自為各大相互競爭的科技企業代工時，所展現出來的保密性和老練的風格。蘋果公司、微軟、惠普和戴爾雖然是競爭對手，但都通過和碩代工品。和碩的總部位於台北市郊，裝修十分考究。在這裏，服務於不同客戶的工程師都會在同一間餐廳就餐，健身場所也是全體共用，但他們對彼此的工作几乎毫不知情。敏感的項目還會通過門禁隔離，甚至會配備面部識別軟件。雖然和碩看似后起之秀，但它其實與蘋果公司淵源頗深，其前身早在十多年前就組裝過蘋果公司的電腦。和碩高級副總裁蔡進國表示，他創辦的Alpha-Top科技公司曾在1999年拿下了蘋果公司第一代iBook筆記本的訂單。不僅如此，在台灣發生大地震后，蘋果公司也對他們施以援手。“當時有很多蘋果公司員工在我的工廠裡，他們幫主我們找到了解決方案。”蔡進國說，“我買了很多發電機，甚至在組裝線上點起了蠟燭。”Alpha-Top成功保住了蘋果公司的訂單，但在被華碩收購后，訂單逐漸減少。和碩既擁有自己的品牌，也對外提供代工業務。迫於客戶的壓力，華碩於2010年分拆了代工業務，成立了現在的和碩。良品率低和碩今年第一財季實現營收2191億元(約合74億美元)，遠低於富士康的8091億元(約合273億美元)。和碩的營業利潤率同樣不及富士康，二者分別為0.8%和1.7%。和碩在中國台灣和中國大陸約有10萬名員工，該公司CFO林秋炭預計，今年下半年將在中國大陸擴員40%。分析師認為，之所以增加員工，主要是因為該公司可能會代工低價iPhone。和碩去年開始生iPad mini，但知情人士表示，由於良品率較低，導致量低於預期，而富士康最終拿下了不少訂單。“任何新品都需要有一個適應的過程，所以我們的良品率在提升。”林秋炭說。但他拒對蘋果公司的任何品發表評論。台灣凱基證券分析師安吉拉·項(Angela Hsiang)預計，和碩今年將有半數消費電子和通信業務營收來自蘋果。他預計今年的大部分iPad mini都將由和碩生，多數低價iPhone也將由該公司代工。富士康發言人邢治平也承認該公司正在面臨挑戰。“我們正在轉變業務，向電子商務等領域擴張。”他說。但他並未披露細節信息。(書聿),"[['蘋果公司', '分散', '供應鏈風險'], ['國外媒體撰文', '稱', '富士康關係維繫'], ['以下', '爲', '全文'], ['全球各地iPhone', '出自', '一家公司組裝'], ['這家公司', '叫', '富士康'], ['這', '是', '重要合作'], ['兩個', '極具', '個性'], ['一方', '是', '聯合創始人史蒂夫·喬布斯Steve Jobs'], ['一方', '是', '富士康董事長郭臺銘'], ['同樣', '要求', '苛刻'], ['蘋果公司', '糾正', '訂單天平'], ['蘋果公司', '推出', '低價iPhone'], ['和碩', '成爲', '組裝企業'], ['同城小兄弟', '拿下', '部分iPhone訂單'], ['和碩崛起', '終結', '生壟斷'], ['鴻海精密工業公司', '爲', '上市主體'], ['爲企業', '是', '電子品外包生商'], ['知情人士', '稱', '蘋果公司轉變戰略源於多個原因'], ['蘋果公司', '轉變', '戰略'], ['蘋果公司轉變戰略', '源於', '多個原因'], ['生故障', '導致', '外殼劃痕'], ['蘋果公司', '決心', '分散風險'], ['蘋果公司', '決定', '擴大品'], ['分析師', '表示', '和碩願意接受低利潤'], ['在', '爭取', '蘋果公司訂單'], ['和碩', '願意', '接受低利潤'], ['該公司', '拒', '發表評論'], ['富士康', '改善', '工廠環境'], ['較小企業', '成爲', '媒體焦點'], ['富士康', '上調', '工資'], ['知情人士', '透露', '富士康出現未經改變零部件來源事件'], ['富士康', '出現', '未經改變零部件來源事件'], ['過', '未經', '改變零部件來源'], ['5iPhone', '滿足', '蘋果公司訂單'], ['蘋果公司管理層變動', '生', '一些影響'], ['知情人士', '表示', '喬布斯原諒該公司失誤'], ['喬布斯', '原諒', '該公司失誤'], ['知情人士', '表示', '庫克依賴密切關係'], ['庫克', '依賴', '密切關係'], ['兩位', '有', '英雄情結'], ['知情人士', '稱', '他們二人相識'], ['庫克', '加盟', '蘋果公司'], ['和碩', '面臨', '嚴格監督'], ['該公司', '拒', '透露改變用工方式'], ['透露', '改變', '用工方式'], ['和碩成功', '源自', '展現保密性'], ['蘋果公司', '是', '競爭對手'], ['和碩總部', '位於', '臺北市郊'], ['和碩', '看似', '後起之秀'], ['其前身', '組裝', '蘋果公司電腦'], ['和碩高級副總裁蔡進國', '表示', '-Top科技公司拿下iBook筆記本訂單'], ['-Top科技公司', '拿下', 'iBook筆記本訂單'], ['臺灣', '發生', '大地震'], ['蘋果公司', '施以', '援手'], ['蔡進國', '說', '點蠟燭'], ['我', '買', '很多發電機'], ['Top', '保住', '蘋果公司訂單'], ['和碩', '擁有', '自己品牌'], ['華碩', '分拆', '代工業務'], ['富士康8091億元', '合', '273億美元'], ['和碩營業利潤率', '不及', '富士康'], ['二者', '爲', '和'], ['和碩', '有', '10萬名員工'], ['CFO林秋炭', '預計', '擴員'], ['分析師', '認爲', '增加員工是因爲該公司代工iPhone'], ['增加員工', '是因爲', '該公司代工iPhone'], ['該公司', '代工', 'iPhone'], ['知情人士', '表示', '富士康拿下不少訂單'], ['導致量', '低於', '預期'], ['富士康', '拿下', '不少訂單'], ['任何新品', '需要', '有適應過程'], ['他', '拒', '對'], ['臺灣凱基證券分析師安吉拉·項AngelaHsiang', '預計', '有消費電子來自蘋果'], ['消費電子', '來自', '蘋果'], ['他', '預計', '和碩生'], ['富士康發言人邢治平', '承認', '該公司面臨挑戰'], ['該公司', '面臨', '挑戰'], ['我們', '轉變', '業務'], ['他', '披露', '細節信息']]"
0,20130530_2224,《股市》12:00台期指06 報8231.00點，跌-84.00點或-1.01%《股市》12:00台期指06 報8231.00點，跌-84.00點或-1.01%。免責聲明：本文所載資料僅供參考，並不構成投資建議，鉅亨網對該資料或使用該資料所導致的結果概不承擔任何責任。該資訊若與事實不符，應以商品原交易所之公佈為主。,"[['00臺', '期指', '06報8231.00點'], ['00臺', '期指', '06報8231.00點'], ['導致結果', '承擔', '任何責任']]"
0,20130530_2225,《股市》11:59台股店頭 報121.05點，跌-0.22點或-0.18%《股市》11:59台股店頭 報121.05點，跌-0.22點或-0.18%。免責聲明：本文所載資料僅供參考，並不構成投資建議，鉅亨網對該資料或使用該資料所導致的結果概不承擔任何責任。該資訊若與事實不符，應以商品原交易所之公佈為主。,"[['導致結果', '承擔', '任何責任']]"
0,20130530_2226,華爾街日報：低價iPhone代工花落和碩  不是鴻海！《華爾街日報》報導，蘋果為改善供應鍊管理風險，正將長年主要由富士康（2038-HK）（2317）代工的一些產品線訂單，逐漸轉移至和碩（4938），並暗示和碩將負責組裝傳言中的蘋果低價款 iPhone，該低價款 iPhone 料今年稍晚將現身。2011 年，和碩只有幫蘋果公司少量代工 iPhone，不過到了 2012 年卻開始接大單，協助生產 iPad Mini 平板電腦。和碩的崛起也意謂富士康在蘋果移動設備的代工壟斷地位不再。根據《華爾街日報》報導，由於去年 iPhone 5 生產品質控管問題不斷，消費者發現未開封新品有刮痕，讓蘋果思考分散代工風險。《MacRumors》報導，富士康高層去年坦承 iPhone 5 組裝有難度，今年四月更有傳言暗示由於良率過低，高達 500 至 800 萬台有瑕疵的 iPhone 慘遭蘋果退貨。此外，蘋果也不滿富士康在未知會情況下更換零組件供應商，也讓蘋果頗為不滿。除了名義上為分散代工風險，外傳蘋果擴大委請和碩代工的另一項主要原因，就是和碩願意接受更低的代工毛利以爭取合作。鴻海和碩,"[['和碩崛起', '意謂', '不再'], ['消費者', '發現', '開封新品有刮痕'], ['開封新品', '有', '刮痕'], ['5iPhone組裝', '有', '難度'], ['傳言', '暗示', '高達iPhone慘遭蘋果退貨'], ['500萬臺', '有', '瑕疵'], ['高達iPhone', '慘遭', '蘋果退貨'], ['蘋果', '不滿', '富士康'], ['名義上', '爲', '分散'], ['主要原因', '就是', '和碩願意接受代工毛利'], ['和碩願意', '接受', '代工毛利'], ['和碩願意', '接受以', '爭取合作']]"
0,20130530_2227,〈Computex展〉誠研秀全球首創行動照片印表機 搶個人商機！台北國際電腦展(Computex展)將於下周登場，相片印表機廠誠研()原本均以商用市場為主，但鑑於智慧手機、平板電腦滲透率大增，並有逐漸取代數位相機的趨勢，誠研也開發出全球首創行動照片印表機，並將以自有品牌Pringo、代工並行模式，大搶個人行動商機。誠研今天股價也在下周可望推出新產品激勵下，亮燈漲停。誠研指出，隨智慧手機、平板電腦等行動裝置產品普及，且智慧手機、平板電腦內建的相機，畫素規格愈來愈高，與數位相機已不相上下，而在此一趨勢下，愈來愈多人以智慧手機、平板電腦來取代數位相機。嗅到此一商機後，誠研採用最新技術，並整合企業資源，推出全球首創的行動照片印表機，不僅可讓使用者直接連接智慧手機、平板電腦等，並有編輯、修圖等功能，隨時可將智慧手機、平板電腦中的相片印出來，並提供相片客製化服務。誠研在行動照片印表機部分，除以自有品牌Pringo銷售外，預定也將與電信、手機業者合作，搶攻個人行動商機，除在台灣市場先行亮相，預定第3季也將搶進日本市場。誠研去年也與全家便利商店()簽約合作，提供相片列印機建置與相關營運銷售及服務模式，盼能在台灣市場擴大市占率並提升知名度。,"[['逐漸', '取代', '數位相機'], ['股價', '推出', '新產品激勵下'], ['愈多人', '取代', '數位相機']]"
0,20130530_2228,競爭力下滑 財長：財政評比仍第4 但小孩一出生負債21萬元瑞士洛桑國際管理學院2013年全球競爭力評比，台灣從去年第7名跌至第11名，財政部長張盛和今(30)日於立法院財委會表示，財政政策的評比排名還在第4名，表現相對不錯。不過立委質詢我國赤字率已達36%，張盛和坦言，代表每個小孩一出生就負債6900美元(折合約21萬元)。瑞士洛桑國際管理學院2013年全球競爭力評比，台灣從去年第7名跌至第11名，藍綠立委今天多關注台灣國家競爭力下滑。國民黨立委盧秀燕表示，如果執政黨作不好就要檢討，知恥近乎勇。張盛和表示，雖然國家競爭力下滑至11名，但財政政策還是不錯的，排名還在第4名，且國庫赤字率才36%，在國際之間的相對數字沒有落後，但不以此自滿。民進黨立委薛凌質詢，國庫赤字率36%，代表每個小孩生出來負債幾十萬？對此，張盛和表示，代表負債6900美元。,"[['臺灣', '跌至', '第11名'], ['財政部長張盛', '表示', '還在'], ['評比排名', '還在', '第4名'], ['立委', '質詢', '我國赤字率達36%'], ['我國赤字率', '達', '36%'], ['張盛', '代表', '每個小孩一出生'], ['藍綠立委', '關注', '下滑'], ['國民黨立委盧秀燕', '表示', '檢討'], ['和', '表示', '還是'], ['國家競爭力', '下滑至', '11名'], ['財政政策', '還是', '不錯的'], ['排名', '還在', '第4名'], ['民進黨立委薛凌', '質詢', '36%'], ['張盛和', '表示', '代表負債6900美元'], ['代表', '負債', '6900美元']]"
0,20130530_2229,台IMD排名下滑  經建會：亞太區僅次港、星 改善方向正確瑞士洛桑國際管理學院(IMD)公布「2013年IMD世界競爭力年報」(IMD World Competitiveness Yearbook)，在60個受評國家，台灣排名第11，較去(2012)年滑落4名，不過仍為亞太地區第3，僅次於香港(第3)和新加坡(第5)，經建會表示，主因之一為國際景氣情勢不佳，不過目前我國改善競爭力的方向正確。經建會表示，回顧我國自1997年以來的競爭力排名，以最近4年的表現最佳。IMD比較1997與2013年排名變化，將進步5名以上者列為贏者(winner)，亞洲國家中僅台灣、中國大陸以及韓國被列入「贏者群」。檢視今年IMD國際評比，經建會認為，台灣排名滑落雖有部份肇因於國際景氣情勢不佳，政府應虛心檢討、針對表現欠佳項目積極改進，但肯定目前我國改善競爭力的方向正確，也取得相當成果，未來除加速實施提振景氣措施，政府也將積極落實法規鬆綁，並推動中長期的結構調整與轉型升級。今年在4大類指標中，台灣「政府效能」排名第8、「企業效能」排名第10，均維持世界前10名；不過，在「經濟表現」類別中，雖「國際投資」、「國際貿易」等中項指標雖有改善，但「國內經濟」、「就業」和「物價」等指標排名皆下跌，導致此類指標排名下降3名至16名。經建會解釋，「國內經濟」、「就業」和「物價」排名明顯滑落，主因為「國內經濟」中的實質GDP表現相對他國遜色，「就業」中就業成長排名退步6名，另「物價」方面，我國CPI雖僅輕微上漲，但仍較部分國家為高，有些國家CPI上漲率甚至為負，以致排名大幅滑落，拉低整體排名。此大類排名在政府持續推動經商法規鬆綁下，去年升至歷年最佳第5，今年排名雖降為第8，但在4大類中排名表現仍是最佳。其中，政府效能項下的中項指標排名變動不大，「法規體制」與「經商法規」小幅下降1名、2名，「財政政策」排名持平，「財政情勢」與「社會架構」則分別晉升3名與2名，經建會認為，主要是其他國家相對進步更多所致。本大類中許多中項指標的基本優勢受到肯定，包括董事會功能、企業家精神、顧客滿意度等；不過全體生產力、勞動生產力等細項指標排名下滑，使「生產力及效率」下降。對此，台灣經濟研究院景氣預測中心主任孫明德表示，此暗示台灣企業生產效率跟上國際趨勢的腳步越來越慢，必須趕緊改進。本大類項下，中項指標中的「教育」表現仍優異，但「基本建設」、「技術建設」、「科學建設」、「醫療與環境」等指標退步，反映電信投資、產學知識轉移等項目有待努力。,"[['經建會', '表示', '正確'], ['主因之一', '爲', '不佳'], ['我國', '改善', '競爭力'], ['我國', '改善', '競爭力'], ['經建會', '表示', '最佳'], ['臺灣', '列入', '贏者羣'], ['經建會', '認爲', '政府檢討'], ['臺灣排名滑落', '有', '部份肇因'], ['我國', '改善', '競爭力'], ['我國', '改善', '競爭力'], ['加速', '實施', '提振景氣'], ['政府', '落實', '法規鬆綁'], ['政府效能排名', '排名', '第10'], ['政府效能排名第8排名第10', '維持', '前10名'], ['排名', '導致', '此類指標排名下降3名'], ['此類指標排名', '下降', '3名'], ['經建會', '解釋', '國內經濟排名滑落'], ['主', '因爲', '表現'], ['實質GDP', '表現', '他國遜色'], ['政府', '推動', '法規'], ['經建', '晉升', '3名'], ['基本優勢', '受到', '肯定'], ['臺灣經濟研究院景氣預測中心主任孫明德', '表示', '改進'], ['此', '暗示', '慢'], ['等建設指標退步', '反映', '等投資項目有待努力'], ['等投資項目', '有待', '努力']]"
0,20130530_2230,振興經濟措施無驚喜 外資：證所稅三讀延期 恐影響市場流動性行政院宣布13項短期振興經濟措施，分別從內需、投資、創業及證所稅4方向開藥。摩根士丹利證券認為無太多驚喜，預估消費類股應可受惠，瑞銀證券出具報告表示，證所稅三讀延期，可能對市場流動性有所影響，考量下半年科技產品實際銷售和獲利，預估台股下半年將呈盤整格局。行政院揭示振興經濟措施，包括：擴大消費支出、提振國內投資、激勵創新創業、修正證所稅等4面向，預計5年將投入32.4億元。瑞銀證券指出，除補助相關電器熱水器，視購買的電器設備不同，每位民眾補助1000-2000元是較新的措施，其他政策如資本投資和創新等事項都是已進行政策修改，因此瑞銀預估，對激勵整體經濟表現有限。瑞銀證券也指出，由於不確定證所稅能否在年底前拚三讀通過，延期的疑慮問題，可能影響台股市場的流動性。除去流動性考量，瑞銀證券說明，科技產庫存季節性建置，以及Computex展來臨，應可帶動6月題材。整體而言，瑞銀證券認為，在投資人重新審視科技產品實際銷售的情況和獲利風險後，下半年台股將呈盤整格局，類股佈局上，建議加碼硬體零組件和金融類股。青睞台達電()、可成()、友達()，宸鴻()，以及中信金()。摩根士丹利證券指出，考量台灣企業獲利調整和股東權益報酬率上升趨勢，先前已將台股目標指數上調至8650點，不過台股上攻幅度仍受限基本面，不過大摩仍相對保守，主要是因出口放緩、科技產業結構性問題等。不過近期而言，摩根士丹利證券也指出，政府短期振興經濟措施，對消費產業是正向，特別是觀光類股晶華()，汽車類股和泰車()都可望受惠。摩根士丹利證券說明，政府振興經濟措施大部分都已有廣泛的討論，例如：補助節能家電、舊車換現金計劃、修改證所稅等，相關政策的影響多已反映，不過長期計劃的實際影響（例如：天使基金）仍要待時間觀察。,"[['經濟措施', '無', '驚喜'], ['三', '讀', '延期'], ['市場流動性行政院', '宣佈', '振興措施'], ['摩根士丹利證券', '認爲', '無太多驚喜'], ['出具報告', '表示', '影響'], ['臺股', '呈', '盤整格局'], ['行政院', '揭示', '振興經濟措施'], ['瑞銀證券', '指出', '是新措施'], ['除', '補助', '電器熱水器'], ['，', '視', '購買'], ['每位民衆', '補助', '-2000元'], ['等投資事項', '進行', '政策修改'], ['瑞銀', '預估', '有限'], ['瑞銀證券', '指出', '疑慮問題影響臺股市場流動性'], ['疑慮問題', '影響', '臺股市場流動性'], ['瑞銀證券', '說明', '科技產庫存季節性建置帶動6月題材'], ['科技產庫存季節性建置', '帶動', '6月題材'], ['瑞銀證券', '認爲', '臺股呈盤整格局'], ['投資人', '審視', '科技產品銷售情況'], ['臺股', '呈', '盤整格局'], ['摩根士丹利證券', '指出', '保守'], ['大摩', '保守', '受限基本面'], ['摩根士丹利證券', '指出', '政府振興經濟措施是觀光類股晶華'], ['政府', '振興', '經濟'], ['短期', '振興', '經濟'], ['政府振興經濟措施', '是', '觀光類股晶華'], ['摩根士丹利證券', '說明', '政府振興經濟措施大部分已有廣泛討論'], ['政府', '振興', '經濟措施'], ['政府', '振興', '經濟措施'], ['政府振興經濟措施大部分', '已有', '廣泛討論'], ['舊車', '換', '現金'], ['舊車', '換', '現金']]"
0,20130530_2231,國際金屬價格下滑 客戶端觀望 昇貿估5月營收持平錫焊材廠商昇貿科技()2013年首季起進行產品組合結構優化，營收逐步回溫，昇貿科技自結4月營收回升到4.9億元的水準，初估5月營收也維持此一水準。昇貿科技主管指出，由於國際的銀、錫等金屬報價處於下跌等走勢，也造成昇貿科技的客戶端對於進貨的極度觀望，也因此，昇貿5月的營收也等於是客戶端的實際需求。昇貿科技目前營收較去年同期下滑，主要仍在於國際金屬價格下跌的連動反應，但昇貿持續進行產品優化，對於獲利仍感樂觀。昇貿科技2013年陸續在兩岸有重大的投資，昇貿科技在中國大陸市場重慶及廣東惠州興建自有廠房將在今年下半年起完成並貢獻其營收，而昇貿科技2013年首季進行產品組合優化及因回貶獲致匯兌損失回沖的效果下，第1季財報出爐，其單季稅後盈餘達到1.26億元，每股稅後盈餘達到1.08元。,"[['升貿科技', '進行', '產品組合結構優化'], ['升貿科技', '結', '4月營'], ['營收', '維持', '一水準'], ['科技主管', '指出', '升貿營收等於是實際需求'], ['金屬報價', '處於', '等下跌走勢'], ['升貿營收', '等於是', '實際需求'], ['營收下滑', '在於', '連動反應'], ['升貿', '進行', '產品優化'], ['陸續', '有', '重大投資'], ['升貿科技', '興建', '自有廠房'], ['升貿科技', '進行', '產品組合優化'], ['稅後盈餘', '達到', '1.26億元'], ['每股稅後盈餘', '達到', '1.08元']]"
0,20130530_2232,財長無歉可道？立委痛批證所稅害台股無量、證券人員失業！民進黨立委今(30)日於立法院財委會輪番上台痛批證所稅修法，並且各個皆要求財政部長張盛和為證所稅缺失道歉，張盛和堅不道歉，甚至表示「無歉可道」，此說法引發立委薛凌痛批，證所稅政策害台股無量、證券人員失業、20幾家證券公司倒閉，居然說無歉可道。民進黨團表示，證所稅修法放寬10億元大戶的規定，讓民眾覺得非常不公平，該黨團更表示，民進黨當初早就講過，要推證所稅時機不宜，執政黨先是不顧在野黨團意見，後面又執意要再度修法，同樣是國民黨同一批人提出版本，民進黨不能接受。民進黨要求執政黨要先道歉，如果沒有道歉，一切免談。對此，張盛和今天態度依舊強硬，他表示，「修法是進步，進步了還要為過去的退步道歉？這樣人家就不敢進步了啊，道歉不合邏輯，無歉可道。」一句「無歉可道」大大惹怒立委薛凌，薛凌細數證所稅缺失，包括：害台股無量，成交量從千億元的常態量急凍到4、5百億元，證券人員大舉失業，20幾家證券公司倒閉，張盛和居然說「無歉可道」，她嚴正痛批此態度。,"[['此說法', '引發', '立委薛凌痛批'], ['民進黨團', '表示', '修法放寬10億元大戶規定讓'], ['修法', '放寬', '10億元大戶規定'], ['該黨團', '表示', '民進黨講'], ['執政黨', '顧', '在野黨團意見'], ['同一批人', '提出', '版本'], ['民進黨', '要求', '執政黨道歉'], ['他', '表示', '修法是進步'], ['修法', '是', '進步'], ['成交量', '凍到', '45百億元'], ['和', '說', '無歉可道'], ['她', '批', '此態度']]"
0,20130530_2233,《股市》11:00台期指06 報8279.00點，跌-36.00點或-0.43%《股市》11:00台期指06 報8279.00點，跌-36.00點或-0.43%。免責聲明：本文所載資料僅供參考，並不構成投資建議，鉅亨網對該資料或使用該資料所導致的結果概不承擔任何責任。該資訊若與事實不符，應以商品原交易所之公佈為主。,"[['00臺', '期指', '報8279.00點'], ['00臺', '期指', '068279.00點'], ['導致結果', '承擔', '任何責任']]"
0,20130530_2234,《股市》10:59台股店頭 報121.36點，漲0.09點或0.07%《股市》10:59台股店頭 報121.36點，漲0.09點或0.07%。免責聲明：本文所載資料僅供參考，並不構成投資建議，鉅亨網對該資料或使用該資料所導致的結果概不承擔任何責任。該資訊若與事實不符，應以商品原交易所之公佈為主。,"[['59臺股店頭', '報', '121.36點'], ['導致結果', '承擔', '任何責任']]"
0,20130530_2235,台經院：4月製造業、服務業營業氣候測驗點雙降台灣經濟研究院今(30)日公布4月製造業營業氣候測驗點97.77點，較上月下滑1.71個百分點，而服務業營業氣候測驗點93.44點，也較上月下滑0.95個百分點，不僅雙雙下滑，服務業更是連3個月下滑，台經院表示，主因為歐洲和中國兩大經濟體表現仍顯疲弱，拖累整體國際景氣表現，也使國內廠商看法略趨保守。不過台經院也指出，此次製造業和服務業調查下滑幅度並不大，實不必太過悲觀看待。台經院景氣預測中心主任孫明德認為，事實上，帶動內需的主要動能之一民間消費自去(2012)年第2季起已沒有明顯成長，主因為股市成交值大幅減少，且消費者期待日本商品降價，導致消費行為遞延等。孫明德也特別指出，人才流失至海外同樣導致國內消費成長力道不足，此為長期結構性的問題。製造業方面，此次調查認為4月景氣好的廠商比率僅29.2%，較上月大幅降低20.2個百分點，認為當月景氣壞的比率27.7%，則較上月增加14.6個百分點，其中，以木竹製品、印刷和塑膠製品等產業看壞比率較高。而對未來半年景氣看法，看好企業由上月的45.1%降至42.4%，小減2.7個百分點，不過看壞比率也較上月下降3.5個百分點宅到15.1%。個別產業中，以成衣服飾、電子機械和印刷品等產業看法較為樂觀。服務業方面，多數廠商認為4月景氣持平，僅電信服務業較為樂觀，而在未來看法上，以證券和電信服務業看好比率較高。,"[['雙降臺灣經濟研究院', '公佈', '97.77點營業氣候測驗點'], ['臺經院', '指出', '不大'], ['臺經院景氣預測中心主任孫明德', '認爲', '民間消費成長'], ['，', '帶動', '內需'], ['消費者', '期待', '降價'], ['孫明德', '指出', '此爲長期結構性問題'], ['人才流失', '導致', '不足'], ['此', '爲', '長期結構性問題'], ['此次調查', '認爲', '增加14.6個百分點'], ['企業', '降至', '42.4%'], ['小', '減', '2.7個百分點'], ['多數廠商', '認爲', '較高']]"
0,20130530_2236,宏達電譴責三星！暗示擋零組件供應獲競爭優勢三星在全球智慧手機產業的角色特殊，既是全球最大智慧手機品牌之一，同時也是其它智慧手機品牌的關鍵零組件供應商，包括螢幕與處理器。近年許多跡象也顯示，蘋果顧忌提防三星既是市場勁敵又是供應合作夥伴的角色，正逐步降低向三星採購 iOS 設備關鍵零組件的比重。宏達電與三星多年來也處於這樣複雜關係。《AppleInsider》報導，宏達電北亞區總經理 Jack Tong 在接受台灣媒體訪問時指出，公司發現到關鍵零組件供應可以被當成一種武器。三星透過干擾零組件供應，從而影響到宏達電智慧手機的生產與銷售。Tong 特別提到，2010 年，當時採用三星 AMOLED 面板的宏達電 Desire 智慧手機銷售成績斐然，三星開始起了戒心，便策略性地拒絕滿足宏達電關鍵零組件訂單的需求，迫使宏達電必須重新設計產品。宏達電的 Desire 手機在 2011 年取得「世界行動通訊大會」（MWC）「高度讚賞」榮譽之後，宏達電就意識到已成三星眼中釘，也了解「關鍵零組件供應能夠成為一種競爭武器」。《The Verge》報導，近幾年宏達電採用的非三星面板獲得好評，但仍舊面臨關鍵零組件短缺的困擾。雖然宏達電 One X 及最新旗艦機 One 擁有絕佳的螢幕品質，但三星的 Galaxy 系列旗艦手機仍舊取得領先。報導指宏達電除了自身零組件供應不順問題外，三星灑大錢做行銷也是其擁有銷售優勢原因之一。另外，針對國內三星僱用寫手在網路論壇上炒作自家產品、批評對手包括宏達電在內的「寫手門」事件，台灣公平交易委員會已立案調查中。至於宏達電是否要提告，宏達電四月中表示在評估中。宏達電,"[['擋零組件', '供應', '競爭優勢'], ['許多跡象', '顯示', '蘋果顧忌提防三星既是市場勁敵'], ['蘋果顧忌提防三星', '既是', '市場勁敵'], ['宏達電', '處於', '複雜關係'], ['在', '接受', '臺灣媒體訪問'], ['宏達電北亞區總經理Jack Tong', '指出', '公司發現當成一種武器'], ['公司發現', '當成', '一種武器'], ['Tong', '提到', '斐然'], ['當時', '採用', 'AMOLED面板'], ['世界行動通訊大會MWC', '讚賞', '榮譽'], ['宏達電', '意識到', '眼中釘'], ['關鍵零組件供應', '成爲', '一種競爭武器'], ['The Verge', '報導', '面臨短缺困擾'], ['宏達電採用非三星面板', '獲得', '好評'], ['OneX', '擁有', '螢幕品質'], ['旗艦手機', '取得', '領先'], ['報導', '指', '灑大錢也是擁有銷售優勢原因之一'], ['灑大錢', '也是', '擁有銷售優勢原因之一'], ['其', '擁有', '銷售優勢'], ['「', '寫', '手門'], ['宏達電', '表示', '在']]"
0,20130530_2237,IPO課重稅藍綠皆批 民進黨要求道歉 張盛和：道歉不合邏輯證所稅卡關，不只在野黨杯葛，連國民黨內也出現不同聲音，立法院財委會今(30)日朝野立委再批證所稅對IPO課以重稅，此外，民進黨仍重申不道歉就免談，但財政部長張盛和拒絕道歉表示道歉不合邏輯。證所稅修正方向包括；取消8500點台股天險，散戶不課、大戶新增設算制，全年總出售金額逾10億元部份，課徵千分之1證所稅，法人、IPO維持舊制，此修法回溯至今年1月1日適用。眾所矚目的大戶條款，104年起將由原核實課稅的單軌制，增列推計所得、就源扣繳的設算制，只針對全年出售股票總金額超過10億元部分，課徵證所稅。舉例而言，大戶全年出售股票總額為11億元，超過10億元以上的1億元，課徵千分之1的證所稅，證所稅稅額為10萬元，由國稅局統一發單課稅。另外，未上市未上櫃、興櫃及IPO股票，課稅方式不變，仍然自今年起核實課稅，IPO股票長期持有優惠，也仍保留。 眼看明天是立法院會期最後一天，證所稅闖關在在野黨擋關下困難重重，民進黨立委許添財今天質詢時就表示，反對財委會的證所稅版本，主要是新版大降10億元大戶的證所稅，卻對企業初次上市櫃（IPO）股票課以重稅，將嚴重打擊中小企業的上市櫃意願。不只在野黨反對聲浪不斷，國民黨內部也有不同意見，國民黨立委盧秀燕表示，證所稅現行規定對IPO核實課稅，將造成台股新股上市意願低落、打壓未上市櫃中小企業的現象，建議將 IPO核實課稅，放寬3年至2015年再實施。立委羅明才也認為，應該放寬IPO 課稅，建議以「金額」(如：3000萬元)而非以張數作為課稅對象。不過，財委會召委費鴻泰表示，對於IPO的課稅意見，國民黨不會讓步。財政部長張盛和表示，尊重財委會的版本，IPO部分不會改變。至於民進黨團要求馬英九總統應該為了證所稅修法道歉，否則協商免談，對此，張盛和堅決拒絕道歉，他說，「修法是進步，進步了還要道歉？進步了還要為過去的退步道歉？這樣人家就不敢進步了啊，道歉不合邏輯，無歉可道。」,"[['IPO課重稅藍綠', '批', '民進黨要求道歉張盛和'], ['道歉', '不合', '所稅卡關'], ['民進黨', '重申', '免談'], ['民進黨', '重申以', '重稅'], ['張盛', '表示', '不合'], ['道歉', '不合', '邏輯'], ['出售金額', '逾', '10億元部份'], ['法人', '維持', '舊制'], ['修法', '回溯至', '適用'], ['由', '原核實', '課稅'], ['增列推計源扣繳的設算制', '推計', '所得'], ['全年', '出售', '股票'], ['大戶', '出售', '股票'], ['全年', '出售', '股票'], ['大戶出售股票總額', '爲', '11億元'], ['證所稅稅額', '爲', '10萬元'], ['明天', '是', '最後一天'], ['，', '反對', '財委會'], ['證所稅版本', '是', '新版降10億元大戶證所稅'], ['新版', '降', '10億元大戶證所稅'], ['國民黨內部', '也有', '不同意見'], ['國民黨立委盧秀燕', '表示', '規定造成低落現象'], ['規定', '造成', '低落現象'], ['財委會召委費鴻泰', '表示', '國民黨讓步'], ['和', '表示', 'IPO部分改變'], ['，', '尊重', '財委會'], ['張盛', '拒絕', '道歉'], ['他', '說', '修法是進步'], ['修法', '是', '進步']]"
0,20130530_2238,台股盤中─證所稅協商生變 低量整理 退守8300點美國聯邦準備理事會可能削減債券購買計畫規模，帶動公債殖利率飆升，重挫歐美股，又逢摩台結算、證所稅闖關前夕，台北股市今(30)日開盤下跌20.93點，以8316.97點開出，隨後指數在低檔振盪，一度回攻到8300點，分析師表示，證所稅明天闖關困難重重，而距離8500點天險愈來愈近，台股恐將陷入量縮修正格局。類股方面，PC族群延續昨天的漲勢，而節能及太陽能族群跌深反彈，早盤表現相對強勢，股王大立光、股后漢微科早盤距離千元只有一步之遙。至於金融類股，走勢較為疲弱。個股方面，成交值較大的強勢股是興達、錸德、鈺創、華亞科、隆達、鈊象等；其中，鈺創受惠於利基型DRAM價格持續上漲以及USB 3.0控制IC出貨量持續放大，4月單月由虧轉盈，股價盤中漲停；華亞科第2季獲利預估將倍增，早盤股價強勢漲停。興達受惠於業外獲利大幅增加，盤中也來到漲停價位。統一期貨分析師李宗霖表示，預料明日在野黨杯葛下，證所稅修正案不會過關，台股短線利空出盡，跌幅也將收斂，預估今日成交量在700億上下，指數維持8200到8400區間整理。華南永昌投顧董事長儲祥生表示，證所稅的爭議影響到投資人信心，短期成交量不容易擴增。不過，台股最近表現已屬相對強勢，只要美、歐股市的多頭格局不變，台股將就算回檔，幅度不會太大。華信投顧分析師李永年認為，今天外資再度站回賣方可能性高，且摩台指壓低平倉可能性高，但是個股走勢分歧，回檔幅度有限，只要量價不失控，就算以中小黑作收，31日拉高收月線可能性還是相當高。國際股市方面，美國Fed可能削減債券購買計畫規模，引發歐美股市重挫，終場跌106.59點，指數跌21.37點，指數跌11.7點，指數漲1.34點。歐洲股市，受美國貨幣寬鬆政策恐退場影響，泛歐Stoxx 600指數大跌1.9%，收302.5點。至於亞洲股市今天日股開盤跌253.56點，韓股開盤跌1.37點。而5月摩台今早開盤價為298.1，下跌0.3大點。6月、金融期及電子期今日連袂開低。,"[['準備理事會', '削減', '債券購買計劃規模'], ['分析師', '表示', '困難重重'], ['臺股恐', '陷入', '量縮格局'], ['PC族羣', '延續', '昨天漲勢'], ['股王大立光早盤', '距離', '千元'], ['股王大立光早盤距離千元', '只有', '一步遙'], ['較大強勢股', '是', '等興達'], ['鈺創', '受惠於', '利基型DRAM價格上漲'], ['興達', '受惠於', '業外'], ['期貨分析師李宗霖', '表示', '所稅修正案過關'], ['今日成交量', '在', '700億上下'], ['指數維持8200', '到', '8400區間'], ['華南永昌投顧董事長儲祥生', '表示', '證爭議影響投資人信心'], ['，', '證', '所稅'], ['證爭議', '影響', '投資人信心'], ['臺股表現', '屬', '相對強勢'], ['拉高', '收', '月線'], ['美國Fed', '削減', '債券購買計劃規模'], ['指數', '跌', '21.37點'], ['，', '受', '寬鬆政策'], ['韓股開盤', '跌', '1.37點'], ['今早開盤價', '爲', '298.1']]"
0,20130530_2239,大摩喊買和泰車 目標價上看360元摩根士丹利證券出具報告表示，看好和泰車()銷售成長以及市佔率擴大，重申加碼評等，目標價由275元一口氣調高至360元，一併調升2013-2014年每股盈餘分別至16.5元、18.72元。摩根士丹利證券表示，隨著新產品銷售，將帶動和泰車獲利及市占率擴大，其中豐田的RAV4 及Wish的銷售可望超越公司目標。摩根士丹利證券指出，新Lexus車款預計在6月發表，新款Altis預計在今年第4季或明年首季發表新車款，Vios預計在明年第2季推出新車款，可望帶動和泰車業績成長，加上周邊商品毛利率穩定，調高目標價至360元。,"[['大摩', '喊', '買'], ['每股盈餘', '至', '16.5元'], ['摩根士丹利證券', '表示', '帶動擴大'], ['摩根士丹利證券', '指出', 'Lexus車款預計發表']]"
0,20130530_2240,《股市》10:00台期指06 報8287.00點，跌-28.00點或-0.34%《股市》10:00台期指06 報8287.00點，跌-28.00點或-0.34%。免責聲明：本文所載資料僅供參考，並不構成投資建議，鉅亨網對該資料或使用該資料所導致的結果概不承擔任何責任。該資訊若與事實不符，應以商品原交易所之公佈為主。,"[['00臺', '期指', '06報8287.00點'], ['00臺', '期指', '06報8287.00點'], ['導致結果', '承擔', '任何責任']]"
0,20130530_2241,《股市》09:59台股店頭 報121.62點，漲0.35點或0.29%《股市》09:59台股店頭 報121.62點，漲0.35點或0.29%。免責聲明：本文所載資料僅供參考，並不構成投資建議，鉅亨網對該資料或使用該資料所導致的結果概不承擔任何責任。該資訊若與事實不符，應以商品原交易所之公佈為主。,"[['59臺股店頭', '報', '121.62點'], ['導致結果', '承擔', '任何責任']]"
0,20130530_2242,《股市》09:58台股加權 報8306.98點，跌-30.92點或-0.37%《股市》09:58台股加權 報8306.98點，跌-30.92點或-0.37%。免責聲明：本文所載資料僅供參考，並不構成投資建議，鉅亨網對該資料或使用該資料所導致的結果概不承擔任何責任。該資訊若與事實不符，應以商品原交易所之公佈為主。,"[['導致結果', '承擔', '任何責任']]"
0,20130530_2243,IC設計新兵笙科掛牌 蜜月行情漲幅近2成 衝破40元IC設計新兵笙科()今(30)日上櫃掛牌，董事長曾三田致詞時表示，2009年公司整體營運轉正，之後每年皆有 2 位數的成長幅度，今年第 1 季表現也是如此，他強調，公司成長是必須的，笙科未來也會持續成長；笙科今日上櫃掛牌首日，蜜月行情走勢強勁，漲幅最高逼近 2 成，衝破40元關卡，盤中也維持18%漲幅附近。曾三田表示，笙科對射頻晶片之開發均是研發團隊從無到有自行開發，雖然創業初期艱難，但2007年 5 月經益鼎創投及三菱旗下亞洲商菱基金的資金挹助及入主董事會後，公司財務狀況及治理均獲得大幅度改善，終於在2009年正式轉虧為盈，近 4 年營收成長率超過 2 位數，毛利率更在營收成長下，每年仍都能維持在50%以上水準。笙科成立於2005年，資本額為4.14億元，為國內唯一同時從事短距離無線通訊及衛星降頻器射頻之IC設計公司，笙科產品應用廣泛、範圍包含電腦周邊、玩具消費、無線影音、工業控制、智能電網、物聯網、衛星降頻器等，產品以外銷為主，銷售對象含蓋各領域之領導廠商。以營收比重而言，笙科2.4GHZ無線傳輸產品占營收比重約4-5成，應用面包含PC周邊、無線影音、玩具等產品，1 GHZ無線傳輸產品則占30-35%，應用麵包含汽車、防盜器、智能電網等產品。笙科第 1 季營收達1.4億元，較去年同期成長26.55%，毛利率仍維持 5 成以上，達55.17%，稅後淨利2316萬元，每股稅後盈餘0.56元。笙科除在原既有的產品線持續獲得市場取得突破性進展外，也計劃今年下半年推出更多整合型產品，藍芽低功耗產品、Zigbee產品也正配合各無線系統廠商認證中，看好是笙科未來發展成長動能。,"[[' 季表現', '有', '成長幅度'], ['他', '強調', '公司成長是必須的'], ['公司成長', '是', '必須的'], ['曾三田', '表示', '對開發是從無到有'], ['對開發', '是', '從無到有'], ['研發團隊', '從無到有', '開發'], ['財務狀況', '獲得', '大幅度改善'], ['營收成長率', '超過', '2位數'], ['毛利率', '維持', '水準'], ['毛利率', '維持在', '50%以上'], ['笙科', '成立於', '2005年'], ['資本額', '爲', '4.14億元'], ['同時', '從事', '無線通訊'], ['銷售對象', '含', '領導廠商'], ['應用麪包', '含', '等周邊產品'], ['傳輸產品', '佔', '3035%'], ['笙科第1季營', '收達', '1.4億元'], ['毛利率', '維持', '5成以上'], ['既有產品線', '獲得', '市場取得突破性進展'], ['持續', '獲得', '市場取得突破性進展'], ['笙科', '計劃', '推出整合型產品'], ['藍芽產品', '配合', '無線系統廠商認證中'], ['笙科', '發展', '成長動能']]"
0,20130530_2244,傳奇入選MSCI 明生效 外資啟動回補潮！早盤大漲逾2%遊戲股王傳奇()在高股利、高獲利的表現下，日前被納入摩根士丹利資本指數(MSCI)全球中小型股指數成分股，預計明(31)日台股收盤後正式生效，外資可望開始啟動回補潮，激勵今(30)日股價開盤大漲超過2%，來到185元。傳奇旗下自製日系可愛風格遊戲「晴空物語」，已授權給大陸遊戲大廠昆崙萬維，並展開公測、商城也上架，「晴空物語」公測後，傳奇也將開始認列此款遊戲的權利金以及營收分成收入，可望推升傳奇海外權利金收入再戰新高水準。展望未來，傳奇海外代理商續推更新及改版活動，除日本子公司維持穩定，台灣《晴空物語》預計推新資料片，《名將列傳》也進行大幅改版，預計年中再推西方奇幻風格新作，以提升公司營運動能。傳奇去年成立的日本子公司，去年11月在當地自行營運「舞翔傳」後，營運開始走上軌道，今年將會擺脫去年虧損命運，開始賺錢。,"[['外資', '開始', '啓動回補潮'], ['大漲', '超過', '2%'], ['風格遊戲晴空物語', '授權給', '崑崙萬維'], ['傳奇', '開始', '列此款遊戲權利金'], ['名將列傳', '進行', '改版'], ['營運', '開始', '走上軌道']]"
0,20130530_2245,Nikon訂單仍弱，聯一光5-6月營收傳持平或小增精實新聞 2013-05-30 記者 許曉嘉 報導光學玻璃毛胚廠聯一光（3441）今年以來受到主力客戶（日廠Nikon及其供應鏈）持續調節庫存影響，前4個月營收均處於相對低檔。原本預期5-6月營收有機會加速回升，但近又傳出，Nikon可能調整生產規則、減少對外釋單。法人預估，聯一光今年5、6月營收可能僅與4月持平或小增，整體第二季營收估近2億餘元、雖可能季增近50%（因為首季基期太低），但仍將年減4-5成。展望下半年，歷經主力客戶連續2-3個季度庫存調整，配合傳統消費旺季逐步接近，預料國際品牌大廠仍將陸續推出新款相機、尤其是市場成長力道較佳的單眼相機與無反光鏡相機等等，此應有助於聯一光下半年業績回升。推估聯一光今年第三季營收有機會重返4億元以上水準，獲利亦將好轉。目前聯一光最大客戶及訂單來源，仍是日廠Nikon及其供應鏈。儘管Nikon的可交換鏡頭相機（數位單眼相機、無反光鏡相機等等）近年來銷售都保持成長，但據悉一般消費型數位相機銷售並不理想，造成Nikon自2012年第四季以來持續調節銷售目標與庫存。今年第二季看來尚無起色，連帶衝擊到台系供應鏈零組件廠商的營運表現。獲利方面，以聯一光今年第二季營收估近2億餘元推估，若毛利率能回升到15%以上，推估聯一光今年第二季單季每股盈餘有機會達到0.2-0.3元，較首季（每股盈餘僅0.1元）增加。但累計上半年每股盈餘估近0.3元，與去年上半年每股盈餘曾達1.9元相較、差距仍很大。,"[['許曉嘉', '報導', '聯'], ['4個月營收', '處於', '相對低檔'], ['營收有機會', '加速', '回升'], ['Nikon', '調整', '生產規則'], ['法人', '預估', '5營收持平'], ['，', '聯', '一光'], ['增', '近', '50%'], ['，', '歷經', '2-3個季度連續'], ['品牌大廠', '推出', '新款相機'], ['與', '無', '反光鏡'], ['營收有機會', '重返', '4億元以上水準'], ['最大客戶來源', '仍是', '日廠Nikon'], ['銷售', '保持', '成長'], ['理想', '造成', 'Nikon調節銷售目標'], ['Nikon', '調節', '銷售目標'], ['毛利率', '回升到', '15%以上'], ['盈餘有機會', '達到', '0.2-0.3元'], ['盈餘估', '近', '0.3元']]"
0,20130530_2246,蘋果iWatch呼之欲出！錸德漲紅臉 逾2萬張買不到Apple執行長庫克表示，公開點名電視及智慧手錶是蘋果最有興趣的領域，因此市場對iTV以及iWatch產品呼之欲出！激勵光碟片大廠錸德()今(30)日股價再飆漲停，來到5.86元，逾2萬張買不到，創下1年半來新高波段新高。據了解，錸德旗下錸寶送樣有機發光二極體(OLED)面板給蘋果智慧手表認證。市場傳出英特爾北京分公司正在為蘋果設計1款藍牙智慧手表，採用錸寶1.5吋OLED，並使用錸洋的單片玻璃觸控(OGS)。錸德今年首季營收36.56億元，稅後虧損6.91億元，每股淨損0.26元，由於光碟片產業已進入紅海，因此積極佈局觸控面板領域，因此除了安可業績穩定成長外，另外錸寶及錸洋在智慧手錶加持下，營運可望跟著水漲船高。,"[['漲紅臉', '逾', '2萬張'], ['公開', '是', '蘋果有興趣領域'], ['市場', '傳出', '英特爾北京分公司設計智慧手錶'], ['英特爾北京分公司', '設計', '智慧手錶'], ['錸德', '營收', '36.56億元'], ['每股', '淨損', '0.26元'], ['光碟片產業', '進入', '紅海']]"
0,20130530_2247,"統一超投入逾2000萬元全面升級CITY CAFÉ 強化市場差異看準國內咖啡產業年產值高達600億元，統一超()7-ELEVEN投入相關人力、物力等共逾2000萬元全面革新自有品牌CITY CAFÉ，全台4850多家門市即日起從看板、咖啡杯、杯套等陸續換成新品牌視覺，接下來咖啡櫃台、咖啡燈箱和調理台等也將逐步導入，期望透過新一波咖啡進化革命，擴大商品差異。統一超表示，7-ELEVEN推出CITY CAFÉ 品牌9年以來，帶動國內平價咖啡風潮，也讓超商販售現煮咖啡的方式成為全球特殊現象，CITY CAFÉ將邁入下一階段，全面啟動品牌升級計畫，從風味升級、品牌視覺及國際級咖啡鑑定師把關等3方面，進行全面革新。除硬體外，CITY CAFÉ整體風味升級也是重點之一，依調查顯示的台灣民眾偏愛濃郁風味進行測試調整，其中咖啡豆更由內部擁有國際最高評鑑標準SCAA認證專家團隊(美國精品咖啡協會Specialty Coffee Association of America, SCAA)負責把關，團隊親自到南美洲瓜地馬拉、哥倫比亞及巴西等產地挑選，堅持採用100%阿拉比卡豆，重新調配出最佳混豆比例，並經12道關卡嚴選，從產地直送台灣進行在地烘焙，讓消費者24小時到全台門市都能品嚐到平價好咖啡。統一超強調，CITY CAFÉ每年吸引上億人次購買，此次期望從咖啡品質再升級，再加上門市咖啡空間營造，持續做出市場差異化。","[['超投入', '逾', '2000萬元升級CITY'], ['超投入', '逾', '2000萬元升級CITY'], ['超投入逾2000萬元升級CITY年產值', '高達', '600億元'], ['推出CITY品牌', '帶動', '咖啡風潮'], ['超商販', '售', '煮咖啡'], ['超商販', '售', '煮咖啡'], ['整體風味升級', '也是', '重點之一'], ['咖啡豆', '擁有', 'SCAA認證專家團隊'], ['SCAA', '負責', '把關'], ['團隊', '到', '等南美洲瓜地馬拉產地']]"
0,20130530_2248,歐盟對陸太陽能雙反終判有望納輸入總量管制 台廠價格仍有上漲空間全球太陽能產業關注的歐盟針對中國大陸太陽能啟動雙反一案，已公布初判投票結果。全球市場研究機構TrendForce旗下綠能事業處EnergyTrend表示，歐盟委員會在保護市場公平競爭前提下仍然非常有可能依照原定計劃執行，台廠接單暫無影響、價格仍有上漲空間。另先前傳出可能的折衷方案，如輸入總量管制或最低價格限制等，有可能於12月的終判結果中加以採納，對於台廠而言仍是利多。近日已公布初判投票結果，共有18個會員國反對，4個贊成，另外五個會員國對本案棄權。全球市場研究機構TrendForce旗下綠能事業處EnergyTrend表示，儘管大多數成員國均反對策動雙反，但歐盟委員會在保護市場公平競爭前提下，仍然非常有可能依照原定計劃執行，下游客戶為避免風險，目前仍以台灣的電池和晶圓產品做為主要供應商，產能吃緊下價格仍有上漲空間。EnergyTrend表示，雖然歐盟委員會很有可能依照計劃公佈初判結果，但18個成員國投下反對票依舊形成不小壓力，加上成員國並未否定歐盟委員會的調查結果，主要訴求仍以調整懲罰內容以避免嚴重影響到歐盟太陽能市場未來發展，因此成員國與委員會之間在未來六個月內將會進行進一步溝通磋商，尋求一個雙方都可接受的方案，既能降低對於市場的衝擊，又可以反應與顧及歐盟太陽能製造業的現況。另外，EnergyTrend認為，先前傳出可能的折衷方案，如輸入總量管制或最低價格限制等，有可能於12月的終判結果中加以採納。然而無論是關稅懲罰，或是定價定量等可能的方式，對於台灣業者而言仍是利多。,"[['臺廠價格', '有', '上漲空間'], ['仍', '有', '上漲空間'], ['臺廠價格有上漲空間歐盟', '啓動', '雙反一案'], ['綠能事業處EnergyTrend', '表示', '歐盟委員會執行'], ['在', '保護', '市場公平競爭'], ['暫無影接單', '暫無影', '響'], ['價格', '有', '上漲空間'], ['市場研究機構TrendForce旗下綠能事業處EnergyTrend', '表示', '有上漲空間'], ['大多數成員國', '反對', '策動雙反'], ['在', '保護', '市場公平競爭'], ['下游客戶', '執行', '做爲主要供應商'], ['EnergyTrend', '表示', '成員國之間進行溝通'], ['歐盟委員會', '公佈', '初判結果'], ['成員國投下反對票', '形成', '小壓力'], ['主要訴求', '否定', '調查結果'], ['成員國之間', '進行', '溝通'], ['成員國之間', '進行以', '避免影響未來發展'], ['可以', '反應', '歐盟太陽能製造業'], ['EnergyTrend', '認爲', '傳出折衷方案']]"
0,20130530_2249,國票證券：上方近高8439點附近預估為上檔主要壓力區盤勢分析週三亞洲主要股市在美國經濟數據報喜帶動下，除香港表現較為疲弱外，其餘國家皆以上漲作收。在台股的部份也因而受到帶動，收盤上漲74點，漲幅達0.91%，收8337點。另外，成交量的部份則是連續第二日的量增，增量至八百億元左右的水準，成交金額810億元。三大指數中以傳產指數表現最為亮眼，開盤後一路震盪走高，帶動大盤表現。在上市二十九大類股的部份，汽車類股持續在增加補助公共運輸車輛汰舊換新數量的政策題材下表現亮眼，漲幅居類股之冠。同屬傳產族群的塑膠、玻陶類股也在類股權值的帶動之，入列漲幅前5大類股，而電子股入列的僅其他電子與電子通路等兩類股。籌碼面的部份，外資反手買超台股26.91億元，本土法人投信與自營商也持續買超，分買超0.66億元，及5.18億元，三大法人合計買超32.75億元。另外，外資在期貨未平倉淨部位增持多單3893口，目前餘淨多單7667口。不過，整體而言外資在操作上再度趨向正面。操作建議美國消費者信心指數與房價指數表現優於市場預期，與OECD下調區經濟預期等多空市場因素互相拉扯，牽動市場憂疑情緒。昨日台股雖然有證所稅修法朝野協商破局的訊息，但指數仍在亞股的帶動之下向上突破10日線，日K線收紅，並且技術指標6日、12日RSI，及9日KD的K值因而上彎，暫時化解技術面轉弱的疑慮。不過，觀察上方在近高8439點附近套牢壓力相對沉重，預估將成為上檔主要的壓力區。另外，量能的部份雖然5日與10日均量呈現下滑，但量能連兩日增溫回到八百億元左右的水準，可望有助後續多方表現。整體而言，雖然市場多空訊息相互拉扯，但是在資金充裕的預期下，仍多方仍有表現的機會，操作上拉回可擇具基本面之個股伺機佈局。強勢股部份，營建股1532勤美在處份台中土地資產的獲利題材，及看好商場、飯店，及豪宅等商品投資案之表現，其營運動能可期。LED股2448晶電在進入傳統背光旺季，及中國補貼政策到期前拉貨需求帶動下，其營收動能可期。,"[['高8439點附近預估', '爲', '壓力區盤勢分析'], ['在部份', '受到', '帶動'], ['漲幅', '達', '0.91%'], ['成交量部份', '是', '連續量增'], ['在', '增加', '換新數量'], ['汰舊', '換', '新'], ['汽車類股', '表現', '亮眼'], ['漲幅', '居', '類股冠'], ['等電子兩類股', '同屬', '傳產族羣'], ['塑膠玻陶類股', '在', '之'], ['外資', '買', '26.91億元超臺股'], ['期貨平倉部位', '增持', '多單3893口'], ['外資', '趨向', '正面'], ['美國消費者信心指數', '優於', '市場預期'], ['指數', '突破', '10日線'], ['日K線', '收', '紅'], ['技術面', '轉', '弱'], ['技術面', '轉', '弱'], ['預估', '成爲', '壓力區'], ['量', '增溫', '水準'], ['多方', '有', '表現機會'], ['LED股2448晶電', '進入', '背光旺季']]"
0,20130530_2250,台太陽能廠嚴控多晶矽庫存 電池、模組報價續反彈歐盟針對中國大陸太陽能啟動雙反一案初裁將於6月出爐，同時因業者半年報公佈在即，廠商嚴格控管多晶矽庫存；現貨報價部分，EnergyTrend、Pvinsights等資料顯示，電池、模組報價持續反彈。就本週現貨市場整體表現來看，EnergyTrend分析，受到半年報公佈在即，廠商嚴格控管多晶矽庫存，使得貿易商進貨成本上升，連帶影響現貨市場的報價。雖然賣方欲提高價格，但買方仍不鬆口，使得本週價格仍然維持狹幅震盪的局面，平均價格為每公斤16.399美元，小漲0.24%。在矽晶圓方面，EnergyTrend分析，由於客戶繼續追單，產能依舊吃緊，矽晶圓廠的報價逐步調升，本週多晶矽晶圓的平均價格為0.908美元，漲幅1%；而在單晶矽晶圓方面，近期關注度明顯提升，但在產品面方面並未出現改朝換代的現象，因此產品價格仍然處於狹幅震盪的狀況，本週平均價格為1.204美元，漲幅0.08%。Pvinsights資料則顯示，均價為持平。電池與模組部分，EnergyTrend分析，陸廠價格維持平盤，台廠價格持續攀升均價漲幅1.2%;模組漲幅為0.14%。Pvinsights資料則顯示，薄膜以外矽晶模組均價持續反彈0.28%，高報每瓦0.99美元。,"[['業者', '報', '公佈'], ['廠商', '控管', '多晶矽庫存'], ['等EnergyTrend資料', '顯示', '電池報價反彈'], ['EnergyTrend', '分析', '廠商控管多晶矽庫存'], ['廠商', '控管', '多晶矽庫存'], ['連帶', '影響', '現貨市場'], ['賣方', '提高', '價格'], ['平均價格', '爲', '16.399美元'], ['平均價格', '爲', '0.908美元'], ['產品價格', '處於', '震盪狀況'], ['平均價格', '爲', '1.204美元'], ['Pvinsights資料', '顯示', '均價爲持平'], ['均價', '爲', '持平'], ['陸廠價格', '維持', '平盤'], ['臺廠價格', '攀升', '1.2%'], ['模組漲幅', '爲', '0.14%'], ['Pvinsights資料', '顯示', '矽晶模組均價反彈']]"
0,20130530_2251,歐司朗背書！湯石全力衝刺自有品牌 6/17每股33元上櫃湯石照明董事長湯士權指出，在歐司朗策略聯盟背書下，今年將全力衝刺自有品牌「TONS：」，營收占比將提高到15%，打造全球的「台灣之光」。(鉅亨網記者張旭宏攝)國內唯一上櫃燈具廠湯石照明()敲定6月17日掛牌，掛牌價暫訂33元。董事長湯士權指出，在歐司朗策略聯盟背書下，今年將全力衝刺自有品牌「TONS：」，營收佔比將提高到15%，同時深耕台灣、中國市場，今年已打進日本市場，3年後再增加印度及俄羅斯市場，把基本功練好，才會再進軍歐美及其他新興國家，打造全球的「台灣之光」。湯士權表示，公司的訂單可分為代工及自有品牌，分佔營收比重達90%及10%，其中，代工訂單以歐洲市場為最大宗，佔整體代工收入比重達61%，其他為亞洲的新加坡、馬來西亞、菲律賓、泰國30%、北美及中美洲4%、大洋洲4%、非洲1%。湯士權強調，雖然公司以代工起家，但也漸漸察覺到代工訂單不穩定，必須要走上發展自有品牌的路，預計今年自有品牌營收占比還會持續成長15%，未來隨著公司打入新的區域市場還會再向上拉高，將成為公司營運新成長動能之一。目前湯石訂單來源以歐洲市場比重61%最高，也積極拓展台灣、中國大陸市場，包括已經拿下國內最大百貨公司訂單，中國大陸也接下4-6家五星級飯店室內燈飾訂單，未來目標數量將提升至10家以上五星級飯店、品牌連鎖店及服飾店，同時百貨公司簽約也有3家。湯士權表示，雖然LED照明營收占比已經達到55%，但自有品牌以LED照明為主，但由於自有品牌業務才剛起步，初期鎖定台灣及中國市場發展，到去年底為止，營收佔比僅有10%，不過透過與國際大廠歐司朗策略聯盟，在產品上可標示歐司朗標誌，使得進軍國際市場很大助力，今年更打進日本市場，預計3年內還會再新增印度及俄羅斯市場，把基本功練好後，才會再進軍歐美及其他新興國家，打造全球的「台灣之光」。,"[['照明董事長湯士權', '指出', '衝刺自有品牌TONS'], ['營收佔比', '提高到', '15%'], ['巨亨網記者張旭宏', '攝', '湯石照明'], ['董事長湯士權', '指出', '衝刺自有品牌TONS'], ['營收佔比', '提高到', '15%'], ['湯士權', '表示', '公司訂單分爲代工品牌'], ['公司訂單', '分爲', '代工品牌'], ['營收比重', '達', '90%'], ['代工訂單', '爲', '最大宗'], ['其他', '爲', '亞洲新加坡'], ['湯士權', '強調', '察覺穩定'], ['未來目標數量', '提升至', '五星級飯店'], ['百貨公司簽約', '也有', '3家'], ['湯士權', '表示', '鎖定臺灣市場發展'], ['營收佔比', '僅有', '10%']]"
0,20130530_2252,歐司朗背書！湯石全力衝刺自有品牌 6/17每股33元上櫃湯石照明董事長湯士權指出，在歐司朗策略聯盟背書下，今年將全力衝刺自有品牌「TONS：」，營收佔比將提高到15%，打造全球的「台灣之光」。(鉅亨網記者張旭宏攝)國內唯一上櫃燈具廠湯石照明()敲定6月17日掛牌，掛牌價暫訂33元。董事長湯士權指出，在歐司朗策略聯盟背書下，今年將全力衝刺自有品牌「TONS：」，營收佔比將提高到15%，同時深耕台灣、中國市場，今年已打進日本市場，3年後再增加印度及俄羅斯市場，把基本功練好，才會再進軍歐美及其他新興國家，打造全球的「台灣之光」。湯士權表示，公司的訂單可分為代工及自有品牌，分佔營收比重達90%及10%，其中，代工訂單以歐洲市場為最大宗，佔整體代工收入比重達61%，其他為亞洲的新加坡、馬來西亞、菲律賓、泰國30%、北美及中美洲4%、大洋洲4%、非洲1%。湯士權強調，雖然公司以代工起家，但也漸漸察覺到代工訂單不穩定，必須要走上發展自有品牌的路，預計今年自有品牌營收占比還會持續成長15%，未來隨著公司打入新的區域市場還會再向上拉高，將成為公司營運新成長動能之一。目前湯石訂單來源以歐洲市場比重61%最高，也積極拓展台灣、中國大陸市場，包括已經拿下國內最大百貨公司訂單，中國大陸也接下4-6家五星級飯店室內燈飾訂單，未來目標數量將提升至10家以上五星級飯店、品牌連鎖店及服飾店，同時百貨公司簽約也有3家。湯士權表示，雖然LED照明營收占比已經達到55%，但自有品牌以LED照明為主，但由於自有品牌業務才剛起步，初期鎖定台灣及中國市場發展，到去年底為止，營收佔比僅有10%，不過透過與國際大廠歐司朗策略聯盟，在產品上可標示歐司朗標誌，使得進軍國際市場很大助力，今年更打進日本市場，預計3年內還會再新增印度及俄羅斯市場，把基本功練好後，才會再進軍歐美及其他新興國家，打造全球的「台灣之光」。,"[['照明董事長湯士權', '指出', '衝刺自有品牌TONS'], ['營收佔比', '提高到', '15%'], ['巨亨網記者張旭宏', '攝', '湯石照明'], ['董事長湯士權', '指出', '衝刺自有品牌TONS'], ['營收佔比', '提高到', '15%'], ['湯士權', '表示', '公司訂單分爲代工品牌'], ['公司訂單', '分爲', '代工品牌'], ['營收比重', '達', '90%'], ['代工訂單', '爲', '最大宗'], ['其他', '爲', '亞洲新加坡'], ['湯士權', '強調', '察覺穩定'], ['未來目標數量', '提升至', '五星級飯店'], ['百貨公司簽約', '也有', '3家'], ['湯士權', '表示', '鎖定臺灣市場發展'], ['營收佔比', '僅有', '10%']]"
0,20130530_2253,台灣加權指數30日開跌30.19點或0.36% 開盤報8307.71點 現報8293.61點台灣今(30)日開盤跌30.19點或0.36%，開盤報8307.71點，成交金額16.86億元。,[]
0,20130530_2254,《股市》09:00台股加權 報8337.90點，漲0.00點或0.00%《股市》09:00台股加權 報8337.90點，漲0.00點或0.00%。免責聲明：本文所載資料僅供參考，並不構成投資建議，鉅亨網對該資料或使用該資料所導致的結果概不承擔任何責任。該資訊若與事實不符，應以商品原交易所之公佈為主。,"[['導致結果', '承擔', '任何責任']]"
0,20130530_2255,《股市》09:00台股店頭 報121.27點，漲0.00點或0.00%《股市》09:00台股店頭 報121.27點，漲0.00點或0.00%。免責聲明：本文所載資料僅供參考，並不構成投資建議，鉅亨網對該資料或使用該資料所導致的結果概不承擔任何責任。該資訊若與事實不符，應以商品原交易所之公佈為主。,"[['121.27點', '漲', '0.00點'], ['導致結果', '承擔', '任何責任']]"
0,20130530_2256,《股市》08:59台期指06 報8277.00點，跌-38.00點或-0.46%《股市》08:59台期指06 報8277.00點，跌-38.00點或-0.46%。免責聲明：本文所載資料僅供參考，並不構成投資建議，鉅亨網對該資料或使用該資料所導致的結果概不承擔任何責任。該資訊若與事實不符，應以商品原交易所之公佈為主。,"[['報8277.00點', '跌', '38.00點'], ['59臺', '期指', '06跌38.00點'], ['06', '跌', '38.00點'], ['導致結果', '承擔', '任何責任']]"
0,20130530_2257,台股5月30訊息盤點(五) 外資報告(1)外資昨日轉賣為買加碼26億元，未平倉多單也增加逾3800口，在選擇權方面，整體未平倉空單也增加至3.45萬口，同步觀察摩台指，5月未平倉雖已降至11.2萬口，但6月增加至16.2萬口；法人表示，配合綜合評估，外資對後市應持中性立場，預期結算行情應會順勢結算。(2)摩根大通證券指出，勝華（2384 ）今年下半年恐丟失蘋果訂單，加上在觸控NB業務的營收表現不佳，陷入坐擁龐大產能卻無法創造營收的窘況，獲利動能依舊堪憂，維持「劣於大盤」投資評等，目標價僅9元。摩根大通科技產業分析師張恆指出，市場對勝華單片式觸控玻璃貢獻營收獲利抱有高度期待，促使勝華股價從去年11月的11元左右，上揚至16.2元，波段漲幅達四成以上。(3)台灣即將釋出行動寬頻執照（俗稱4G執照），外資認為，頻譜成本合理化，加上取消上網吃到飽，德意志及里昂看好有利電信三雄，德意志表示最看好遠傳（4904），維持買進評等，目標價79元。行政院政務委員張善政27日參加本報科技論壇，提到對於台灣4G發展，希望4G執照競標金額溢價幅度不要超過3G溢價45%的水準，合理的執照成本，才有合理的資費，同時也希望台灣4G時代可以採分級付費，取消上網吃到飽。,"[['未平倉空單', '增加至', '3.45萬口'], ['平倉', '降至', '11.2萬口'], ['法人', '表示', '預期'], ['外資', '持', '中性立場'], ['摩根大通證券', '指出', '勝華2384恐丟失蘋果訂單'], ['勝華2384', '恐', '丟失蘋果訂單'], ['無法', '創造', '營收'], ['摩根大通科技產業分析師', '張恆指出', '市場抱有高度期待'], ['市場', '抱有', '高度期待'], ['波段漲幅', '達', '四成以上'], ['臺灣', '釋', '寬頻執照'], ['外資', '認爲', '頻譜成本合理化'], ['德意志', '看好', '有利三雄'], ['德意志看好有利三雄', '有利', '電信'], ['政務委員張善政', '參加', '科技論壇'], ['溢價幅度', '超過', '45%溢價水準'], ['執照成本', '有', '合理資費']]"
0,20130530_2258,台股5月30日訊息盤點(四) 歐美股市(1) 歐洲、中國大陸經濟展望看淡，以及量化寬鬆(QE)退場疑慮難消，令美股29日走軟，全場遊走於平盤之下，終場僅指數還力守在平盤之上，而、標普500、NASDAQ指數則全數回吐前日所有漲幅。工業平均指數當日跌0.69%(106.59點)至15302.80點；NASDAQ指數跌0.61%(21.37點)至3467.52點；標準普爾500指數跌0.7%(11.7點)至1648.36點；指數漲0.29%(1.35點)至467.29點。(2)《MarketWatch》周三 (29日) 報導，經濟合作暨發展組織 (OECD) 下砍區經濟預期，且投資人擔憂美國經濟復甦，聯準會 (Fed) 很快就要削減寬鬆政策規模，歐洲股市收盤重挫。泛歐 Stoxx 600 指數大跌 1.9％，收報 302.5 點，昨日漲幅尚高達 1.3％。,"[['全場', '遊走於', '平盤之下'], ['指數', '力守在', '平盤之上'], ['全數', '回吐', '標普500NASDAQ指數'], ['NASDAQ指數', '跌', '21.37點'], ['標準普爾500指數', '跌', '(11.7點'], ['指數', '漲', '0.29%1.35點'], ['投資人', '擔憂', '美國經濟復甦'], ['聯準會Fed', '削減', '寬鬆政策規模']]"
0,20130530_2259,台股5月30日訊息盤點(三) 盤前分析(1)台股昨(29)日在外資轉買下，上漲74.85點，以8337.9點作收，站回所有短期均線。但美股今晨重挫，又適逢摩台結算、證所稅闖關前夕，預期台股在此3大因素干擾下，指數今天恐面臨震盪。(2)今日盤面重點，經濟部能源局將整合國內製造、土木工程、金融、技術維修等各界資源，並思考籌措大型的太陽能系統整合公司，將台灣的太陽能產業推向海外市場；太陽能族群今天是否表態備受矚目。,"[['今天恐', '面臨', '震盪'], ['經濟部能源局', '整合', '各界資源'], ['太陽能族羣', '表態', '備受矚目']]"
0,20130530_2260,台股5月30日訊息盤點(二) 個股訊息(1)台積電在先進製程技術加緊腳步，中科Fab15廠房的28奈米新一期廠房本月投產，負責20奈米的南科Fab14第五、六期陸續裝機，第3季12吋月產能將突破40萬片，與英特爾並駕齊驅。台積電昨天收復5日線，但今天面臨月線反壓，是否能挾此消息突破壓力區值得關注。(2)中國信託投信今天表示，台股昨日技術線型跳空收紅K線，成功攻克10日均線，KD線呈上彎態勢，若此趨勢持續，今天即可形成交叉，短期技術面將正式轉強。然而，成交量雖回到5日均量以上，但仍低於千億，短期要一次收復5月23日長黑K線的難度較高。(3)筆電代工緯創()遭周刊點名，2011年並未繳納所得稅，緯創今(29)日發布重大訊息，嚴正澄清強調，因稅務認可方式與時間點不同，造成2011年繳稅金額減少，當年因被投資公司進行減資彌補虧損，產生可扣抵已實現之投資損失達16億元，使得緯創應繳納稅額減少，僅付了1790萬元，緯創重申，2007至2010年，每年繳納之所得稅額至少在 8 億元以上，2009年當年繳稅金額更達16億元之多，並未如媒體所提之完全沒有繳稅的情況！,"[['先進製程技術', '加緊', '腳步'], ['12吋月產能', '突破', '40萬片'], ['臺積電', '收復', '5日線'], ['月線', '反', '壓'], ['挾此消息', '值得', '關注'], ['信託投信', '表示', '紅K線'], ['KD線', '呈', '彎態勢'], ['成交量', '回到', '5日均量以上'], ['5月23日', '長', '黑K線'], [')', '遭', '週刊'], ['投資損失', '達', '16億元'], ['繳稅金額', '更達', '16億元多']]"
0,20130530_2261,大和：聯發科5月營收恐月減20% 6月反彈市場對聯發科()5月營收有疑慮，大和證券表示，預期聯發科5月智慧機IC晶片出貨將月減30%至1400萬套，營收可能月減20%，在季節性帶動下，6月營收將會反彈，下半年雙核心MT6572出貨將超MT6589，正向看好聯發科後市。大和證券指出，調查經銷通路和終端市場相關庫存已少於2.5周，預期在第3季節型效應推波下，聯發科6月營收將會反彈，聯發科應可達到全年營收財測目標。不過在庫存偏高下，TD-SCDMA 5月需求相對放緩，隨著中移動下半年欲將產品從單核心轉換至雙核心，大和已降評展訊。至於聯發科雙核心MT6572出貨後市，大和證券認為，在廣好好評後，今年下半年MT6572出貨量將可超過四核心MT6589，不過聯發科可能傾向出貨更多平均產品單價較高的MT6589，尤其是在下半年MT6572短缺時。大和證券說明，市場仍持續看增，聯發科市占也提升，將視QFII持股增加，因此仍維持正向看好聯發科後市。,"[['對聯發科)5月營收', '有', '疑慮'], ['大和證券', '表示', '減30%'], ['月', '減', '20%'], ['大和證券', '指出', '經銷通路少於2.5周'], ['經銷通路', '少於', '2.5周'], ['聯發科', '達到', '營收財測目標'], ['大和證券', '認爲', '聯發科傾向較高MT6589'], ['MT6572出貨量', '超過', '四核心MT6589'], ['聯發科', '傾向', '較高MT6589'], ['大和證券', '說明', '市場看增'], ['市場', '看', '增']]"
0,20130530_2262,台股5月30息盤點(一) 部會消息(1)在在野黨杯葛下，證所稅明天要闖關成功困難，修法恐再拖1個月，到6月臨時會再議，雖然市場已有預期，但由於距離8500點鍋蓋愈來愈近，一旦證所稅又擱淺，台股拉回修正壓力恐將增加。,"[['市場', '已有', '預期']]"
0,20130530_2263,宏碁積極運動行銷 贊助華義職業電競隊筆電品牌宏碁()積極投入運動行銷，除棒球、高爾夫球，也跨足職業電競領域，宣布年度贊助華義SPIDER職業電競隊，旗下《SF Online》與《星海爭霸II》戰隊近期將代表中華隊出戰亞運前哨戰的「2013年亞洲室內暨武藝運動會」，為國爭光，而戰隊皆將攜帶印有宏碁Acer品牌標誌的帽子或臂章在各項比賽出席應賽，替Acer品牌代言。宏碁指出，去年首度贊助LOL英雄聯盟，其中TPA戰隊勇奪世界冠軍，造成話題，今年則以職業電競隊為贊助方向，選擇耕耘多年且戰績輝煌的華義SPIDER長期合作，支持旗下 4 支戰隊，包括《SF Online》、《星海爭霸II》、《英雄聯盟LOL》及《跑跑卡丁車》，出賽皆會有Acer品牌標誌置入於戰服中。不僅如此，宏碁表示，更與TeSL台灣電子競技聯盟攜手合作，除提供專業電競主機及LED螢幕給選手練習，並大力贊助台灣職業電競賽事，以深入遊戲玩家，建立電競冠軍推薦品牌電腦Acer首選之印象。宏碁長期支持運動賽事，今年除與王建民及曾雅妮續約外，更首度冠名贊助2013中華職棒明星賽，及跨足電競領域，贊助華義SPIDER職業電競隊，期以多元化的行銷，活化Acer品牌形象。,"[['積極運動行銷', '贊助', '華義職業電競隊筆電品牌宏碁投入運動行銷'], ['華義職業電競隊筆電品牌宏碁', '投入', '運動行銷'], ['中華隊', '出戰', '亞運前哨戰'], ['戰隊', '出席', '應賽'], ['宏碁', '指出', '贊助LOL英雄聯盟'], ['TPA戰隊', '勇奪', '世界冠軍'], ['支戰隊', '包括', 'SF Online'], ['出賽', '有', 'Acer品牌標誌置入'], ['Acer品牌標誌', '置入於', '戰服中'], ['宏碁', '表示', '攜手'], ['宏碁', '支持', '運動賽事'], ['及', '跨', '足電競'], ['華義SPIDER職業電競隊', '活化', 'Acer品牌形象']]"
0,20130530_2264,台指期30日開跌28.00點或0.34% 開盤報8304.00 現報8271.00點今 (30) 日開盤報8304.00點或0.34%，現報8271.00點。,[]
0,20130530_2265,華南期貨台股期指盤前分析◆盤勢分析美國經濟數據亮眼帶動昨夜美股收紅，週三開平走高，上漲55點，收在8312。由期貨走勢觀察，午盤過後指數壓回，說明23日空方缺口的壓力不輕，線型上現貨成交量連續三個交易日緩步加溫，收盤價站回10日線後，多方有逐漸拿回發球權的態勢，不過本週有摩台結算及MSCI調降權重等因素，多方是否能穩步向上仍有待觀察，整體盤勢建議仍以區間格局看待。籌碼面的部份，外資現貨買超26.7億，淨部位為淨多7667口。6月合約買權OI大量分佈在8400以上，目前買權OI最大量在8600，約5.7萬口左右，賣權OI大量分佈在8100以下，賣權最大量目前在7900，約5.4萬口。,"[['華南期貨臺股期', '分析', '盤勢'], ['經濟數據', '帶動', '美股收紅'], ['美股', '收', '紅'], ['收', '在', '8312'], ['觀察', '說明', '輕'], ['站', '回', '10日線'], ['多方', '有', '等結算因素'], ['逐漸', '拿回', '發球權'], ['多方', '有待', '觀察'], ['淨部位', '爲', '淨多7667口'], ['買權OI', '分佈在', '8400以上'], ['賣權OI', '分佈在', '8100以下'], ['賣權最大量', '在', '7900']]"
0,20130530_2266,統一期貨台指選擇權盤前分析◆盤勢分析多空就選擇權籌碼觀察，賣權/買權未平倉比維持在1.01，為盤整偏多格局。在最大未平倉量序列部份，買權維持在8500點，賣權維持在7900點。外資部位賣權未平倉量大於買權，對行情看法偏向保守。,"[['買權', '維持在', '8500點'], ['賣權', '維持在', '7900點'], ['外資部位賣權未平倉量', '大於', '買權']]"
0,20130530_2267,"統一期貨台股期指盤前－出量上揚，台股站回所有均線之上◆盤勢分析週二美股大漲創新高，日、韓開高，台股開高走高；電子股方面，上漲居多，台積電帶動半導體上揚，LED表現也亮麗，不過太陽能受到利空衝擊下錯，股王大立光則呈現漲多拉回；金融股方面，整體上揚；傳產類股方面，汽車持續飆漲約3%，其他也上漲居多，收盤上漲74點，收在8337點，成交值802億元。在期指部分，上漲55點，逆價差25.9點；電子期上漲1.95點，逆價差0.84點，金融期上漲5.2點，逆價差2.61點；上漲逆價差擴大，上漲多方追價力道保守。就未平倉部位分析，自營商淨多單減少394口，淨多單部位1,426口；投信淨多單增加259口，淨多單部位462口；外資淨多單增加4,065口，淨多單部位7,667口；在籌碼面部份，外資買超現股26億元，期貨淨多單部位增加，看法偏向多方。就技術面觀察，開高走高站回五日線，收在所有均線之上，而外資對台股由賣轉買，期貨多單大增，加上國際股市止跌回穩，美股再創新高，紛紛有利於台股挑戰前高，不過目前台股有證所稅不確定因素影響之下，越靠近八千五百點震盪恐加劇。","[['臺股', '開高走', '高'], ['股王大立光', '呈現', '多拉回'], ['淨', '減少', '394口'], ['投信', '增加', '淨部位462口'], ['看法', '偏向', '多方'], ['美股', '再創', '新高']]"
0,20130530_2268,外資聚焦4G釋照  德意志看好遠傳外資聚焦4G釋照議題，德意志證券出據報告表示，考量電信業者基本面，以及現金股利發放策略，首選遠傳()，給予買進評等，中華電()和台灣大()則為持有評等。行政院政務委員張善政日期提到對於台灣4G發展，希望4G執照競標金額溢價幅度不要超過3G溢價45%的水準，才有合理的資費，也期望台灣4G時代可以採分級付費，取消上網吃到飽德意志證券指出，台灣政府希望電信業者設計多種行動上網資費，以因應4G時代到來與消費者需求。政府計劃年底前釋出行動寬頻執照，德意志認為，目前4G底價約359億元，預估整體4G總競標金額可望在522億元以內。瑞信證券先前則指出，中華電、台灣大、遠傳等電信三雄角逐4G執照，預估每一家業者至少必需斥資110-116億元參與競標。但不預期小業者或新進業者會積極搶進競標，不過電信三雄需要加緊驅動數據服務，以利中長期營收獲利成長。,"[['德意志證券出據報告', '表示', '首選()'], ['中華電', '爲', '持有'], ['政務委員張善政', '提到', '對於發展'], ['競標金額溢價幅度', '超過', '45%水準'], ['臺灣政府', '希望', '電信業者設計上網資費'], ['電信業者', '設計', '上網資費'], ['政府', '計劃', '釋寬頻執照'], ['德意志', '認爲', '359億元'], ['總競標金額可望', '在', '522億元以內'], ['瑞信證券', '指出', '4G執照'], ['小業者', '搶進', '競標'], ['電信三雄', '需要', '加緊']]"
0,20130530_2269,券商分析摘要◆券商推薦個股排行： ◆ 大慶證：台股昨日在歐美股市大漲的影響下開高緩步走高，而帶動盤勢上攻的主流依然為電子類股，雖然大立光等高價股稍有休息，但在鴻海與台積電等權值股適時轉強下，指數越走越高，大盤終場以上漲74點作收，而成交量則較前一交易日放大為802億元。 ◆ 國泰金：週三台股在前晚歐美股市連袂走強帶動下，指數開高走高並順利重回所有均線之上，終場指數以上漲75點作收並收復8300點整數關卡，而成交量能則持續放大至810億元，呈現價漲量增格局。 ◆ 新光金：由於美國5月消費者信心及3月房價指數皆優於預期，激勵美股再創新高，連帶推升台股開高，另外週二政院推出13 項振興方案，亦帶動類股普遍走揚，終場收8337 .9點，上漲74.85點或0.91%，成交量810.12億元。 ◆ 大昌證券：大盤昨日量能擴增至近800億元，且在大多數個股走勢不錯的情形下，盤勢逐步向上，不僅月線未再回測，也同時站上了5日線及10日線，盤勢似乎又轉為偏向多方的情形，不過雖然指數又站上8300點，但後續成交量仍須持續增加，否則僅以不到千億元的水準。 ◆ 福邦證券：由於經濟表現亮眼，聯準會(Fed)可能削減債券購買計畫規模，帶動公債殖利率飆升，此一預期再度讓投資人陷入恐慌，美股由昨日歷史新高猛然大幅回挫。這正好說明了：「欲加之罪，何患無詞。」這句話。同樣地，在歐股也呈現重挫走勢。 ◆ 統一證：雖然面臨國內GDP下修與景氣對策信號續亮黃藍燈等偏空因素，但因全球寬鬆政策未變，陸股擺脫陰霾創4月以來新高，加上產業面電子族群5-6月份業績表現不弱，預期指數反彈格局可延續。惟需留意今日摩台指結算、明日MSCI調降台股權重生效，加上指數來到5/23日跳空缺口下緣8373點的上檔壓力區，指數震盪難免，可低接蘋果概念供應鏈股與低基期次族群個股。,"[['券商', '分析', '摘要'], ['券商', '推薦', '個股'], ['而', '帶動', '盤勢攻'], ['帶動盤勢攻主流', '爲', '電子類股'], ['大立光等高價股', '有', '休息'], ['連袂', '走', '強'], ['終場指數', '作', '收'], ['成交量能', '放大至', '810億元'], ['消費者信心房價指數', '優於', '預期'], ['另外週二政院', '推出', '振興方案'], ['盤勢', '轉爲', '偏向多方情形'], ['以', '不到', '千億元'], ['聯準會Fed', '削減', '債券購買計劃規模'], ['續亮信號', '續亮', '等黃藍燈'], ['等', '偏', '空'], ['陸股', '擺脫', '創'], ['，', '加上', '產業面電子族羣'], ['指數', '來到', '壓力區']]"
0,20130530_2270,統一證券盤前－面臨前波壓力區，指數震盪◆盤勢分析【昨日盤勢】：前一日美股漲逾百點，並再創收盤新高，激勵週三亞股開漲，台股開盤也跳空躍過8300點，並在量能持續放大與類股輪動，緩步向上攻擊。盤面三大族群同步走揚，其中電子族群表現續強上漲逾0.9%，雖然大立光坐上千元寶座僅一天即失守，但台積電、鴻海與NB族群等權重股表現穩健，且電子成交量佔近7成，仍為市場交投重心；傳產次族群如汽車、塑膠、生技、紡織與鋼鐵股等皆漲逾1%，也共同撐起另一片天。終場上漲74點或0.91%，以8337點作收，成交量增至798億元。【資金動向】：三大法人合計買超32.7億元。其中外資買超26.9億元，投信買超0.7億元，自營商買超5.2億元。外資買超前五大為中信金、群創、玉山金、友達、新光金；賣超前五大為長榮、鴻海、旺宏、台新金、聯電。投信買超前五大為聯電、國喬、友達、勝華、建大；賣超前五大為光寶科、大聯大、寶成、毅嘉、日月光。資券變化方面，融資增加6.69億元，融資餘額為1848.51億元，融券增加1.40萬張，融券餘額為41.0萬張。【今日盤勢分析】：雖然立院證所稅修法延宕，加上景氣面出口數據不佳、主計處下修全年GDP至2.4%與景氣對策信號續亮第8顆黃藍燈，使市場觀望氣氛轉濃，週一成交量遽降至僅572億元；但歐、美股市延續強勁走勢，陸股在多重利空淬煉下也逐漸走出陰霾，創下4月以來新高，國際大環境有利於台股持續反彈。而觀察類股與次族群有效輪動亦扮演行情催化劑，其中5月以來吸金近7成的電子股仍為中流砥柱，5月以來次族群以光學鏡片(+20.0%)、面板(+13.7%)、IC製造(+10.7%)、太陽能(+9.9%)與LED(+9.2%)等漲勢較強，其中一度站上千元關卡的大立光扮演關鍵角色；由於中國白牌智慧型手機與平板電腦需求強勁，彌補電子產業「五窮六絕」的淡季效應，加上6/4-8日台北國際電腦展(Computex)與6/10-14日Apple開發者大會將陸續登場，智慧型手機與平板電腦題材將持續受到關注，惟仍須留意產業面Overbooking的干擾雜音。其次，傳產次族群5月以來以觀光(+8.0%)、汽車零組件(+7.9%)、汽車(+7.2%)、電器(+5.3%)與紡織(+4.9%)等漲勢較佳，其中觀光股受惠旅展促銷、營運屆臨暑期旺季、ECFA服貿協議將於6月簽署，以及貶值帶動至日本旅遊人數大增等利多加持，航空類股亦有同步受惠的機會；金融族群則因法說行情已過、兩岸政策與題材面清淡，反而股價表現較溫吞，近日佔成交比重降至僅7-8%，僅能盼望其能適時扮演撐盤的角色。【投資策略】：雖然面臨國內GDP下修與景氣對策信號續亮黃藍燈等偏空因素，但因全球寬鬆政策未變，陸股擺脫陰霾創4月以來新高，加上產業面電子族群5-6月份業績表現不弱，預期指數反彈格局可延續。惟需留意今日摩台指結算、明日MSCI調降台股權重生效，加上指數來到5/23日跳空缺口下緣8373點的上檔壓力區，指數震盪難免，可低接蘋果概念供應鏈股與低基期次族群個股。,"[['美股漲', '逾', '百點'], ['臺股開盤', '跳空躍', '8300點'], ['電子族羣續強上漲', '逾', '0.9%'], ['電子成交量', '佔', '7成'], ['漲', '逾', '1%'], ['成交量', '增至', '798億元'], ['自營商買', '超', '5.2億元'], ['買外資', '爲', '中信金'], ['賣超前五大', '爲', '長榮'], ['買超前五大', '爲', '聯電'], ['賣超前五大', '爲', '光寶科'], ['融資', '增加', '6.69億元'], ['融資餘額', '爲', '1848.51億元'], ['融券', '增加', '1.40萬張'], ['融券餘額', '爲', '41.0萬張'], ['歐股市', '延續', '走勢'], ['陸股', '走出', '陰霾'], ['大環境', '有利於', '臺股反彈'], ['吸金電子股', '爲', '中流砥柱'], ['一度', '站', '元關卡'], ['站元關卡大立光', '扮演', '關鍵角色'], ['智慧型手機題材', '受到', '關注'], ['貶值', '帶動至', '旅遊人數大增等利'], ['航空類股', '有', '受惠機會'], ['近日', '佔', '成交'], ['其', '扮演', '撐盤角色'], ['續亮信號', '續亮', '等黃藍燈'], ['等', '偏', '空'], ['陸股', '擺脫', '創'], ['，', '加上', '產業面電子族羣'], ['指數', '來到', '壓力區']]"
0,20130530_2271,福邦證券盤前－摩台期順勢結算◆盤勢分析由於經濟表現亮眼，聯準會(Fed)可能削減債券購買計畫規模，帶動公債殖利率飆升，此一預期再度讓投資人陷入恐慌，美股由昨日歷史新高猛然大幅回挫。這正好說明了：「欲加之罪，何患無詞。」這句話。同樣地，在歐股也呈現重挫走勢，不僅把前一日的漲幅吐了回去，甚至還多跌了不少，這些現象只說明了一件事，就是市場的信心，正在逐漸流失。台北股市昨日三大法人站在買方，可惜買超金額不大，合計買超不過32億多元，融資持續增加6.69 億，顯示出法人態度轉趨保守，短線內資持續在裡面進出，我不能說短線進出是件壞事，畢竟指數在8300點的高檔位階，唯有短進短出，才是明哲保身之道。今日是五月摩台期結算日，我認為不會有太明顯地壓低或是拉高，因為到今日早上為止，摩台五月的未平倉口數，只剩下53339 口，摩台六月則是224934 口，換言之，摩台的投資人早己在高檔換倉，所以今日就算下跌，也只是反應美股以及歐股的重挫，與摩台沒有絕對地關係。於是乎，今日保守性的投資人，當然還是退場觀望；至於積極性的投資人，可以留意最近上漲態勢較整齊的族群進行低接短打策略。例如：遊戲軟體、LED、IC 設計(低檔)，高檔的半導體類股，如：台積電(2330)、聯發科(2454)、瑞昱(2379)，短線法人已在調節，就不適宜再做進場。指標觀察二檔：大立光(3008)和彩晶(6116)，分別是高價和轉機指標，重挫不利多頭。,"[['聯準會Fed', '削減', '債券購買計劃規模'], ['這些現象', '說明', '一件事'], ['昨日三大法人', '站在', '買方'], ['超', '不過', '32億多元'], ['融資', '增加', ' 億'], ['我', '不能說', '進出是件壞事'], ['進出', '是', '件壞事'], ['指數', '在', '高檔位階'], ['短', '纔是', '明哲保身道'], ['今日', '是', '結算日'], ['我', '認爲', '有低'], ['未平倉口數', '剩下', ' 口'], ['摩臺', '是', '224934口']]"
0,20130530_2272,大昌投顧盤前分析◆盤勢分析大盤昨日量能擴增至近800億元，且在大多數個股走勢不錯的情形下，盤勢逐步向上，不僅月線未再回測，也同時站上了5日線及10日線，盤勢似乎又轉為偏向多方的情形，不過雖然指數又站上8300點，但後續成交量仍須持續增加，否則僅以不到千億元的水準，上攻力道仍然較為不足，而今日是摩台指的結算日，在結算過後也需更加留意近期外資動向，以及證所稅修正案的進度，目前在操作上不宜積極追高，且需更加注意風險，在選股上，仍以業績展望較佳者、高殖利率股等為主，而本次MSCI調整中，被減少權重及被剔除成分股者，也須注意賣壓。今日預期區間：8270-8370點。在各類股題材部分，電子類股昨日在權值股晶圓雙雄、鴻海等個股走勢穩健，以及大多數族群都呈現上漲格局的帶動之下，整體走勢不錯，其中以線上遊戲族群漲幅最大，主要也是由於接近暑假旺季的情形，不過線上遊戲產業近年來營運不如往年，不宜做長線持有，僅以短線題材看待；記憶體族群昨日表現也不錯，預期後續DRAM價格應是維持在高檔震盪，相關模組廠仍可留意，但不宜追高；而近期主軸主要仍在平板電腦、智慧手機相關的供應鏈，如NB組裝、面板、觸控、封測、LCD驅動IC、消費性IC、手機零組件等族群。另外如LED、網通等族群，近期也有轉強跡象可留意，電子類股指標股仍在台積電何時能站回月線之上，以及股王、股后能否站上千元關卡，為盤勢的指標。在傳產類股部分，昨日也是多數族群都呈現上漲走勢，傳產類股走勢較和緩，不易出現急速大漲，後續操作上，以中長線布局較佳，主要還是以基本面較佳及即將進入旺季者為主，基本面較佳者，如成衣、輪胎等族群，中長線都可持續留意，而即將進入旺季者，如夏季相關的食品飲料、飲料包材、便利商店等，以及暑假相關的航空、觀光飯店等族群，也都是不錯的標的。另外如生技及營建等族群，近期走勢都是個股表現，不易有整體行情，選股上以獲利較佳及走勢較穩健者，為較好之選擇。在金融類股部分，昨日仍是小幅震盪格局，操作上仍以中長線布局為主，留意獲利較佳，以及受惠兩岸題材之個股，近期走勢較佳者，如中信金、玉山金等，短線上也可留意。,"[['盤勢', '站', '5日線'], ['指數', '站', '後續成交量'], ['以', '不到', '千億元'], ['而今日', '是', '結算日'], ['大多數族羣', '呈現', '上漲格局帶動之下'], ['近年來營運', '不如', '往年'], ['後續DRAM', '維持在', '震盪'], ['主軸', '在', '相關供應鏈'], ['等LED族羣', '也有', '轉跡象留意'], ['多數族羣', '呈現', '上漲走勢'], ['等航空族羣', '都是', '不錯標的'], ['近期走勢', '都是', '個股表現']]"
0,20130530_2273,新光證券盤前分析◆盤勢分析收8337.9點，上漲74.85點或0.91%，成交量810.12億元。OTC指數收121.27點，上漲1.19點或0.99%，成交量194.57億元。由於美國5月消費者信心及3月房價指數皆優於預期，激勵美股再創新高，連帶推升台股開高，另外週二政院推出13項振興方案，亦帶動類股普遍走揚，終場收8337.9點，上漲74.85點或0.91%，成交量810.12億元。綜觀週三盤面，僅管外資對政院的提振措施深感規模過小、了無新意，但仍對股市有激勵作用，雖高價電子股回檔休息，但光電、電子通路、其他電子類股漲逾1%，仍令電子股上漲0.87%，成交比重66.34%。傳產股方面，塑膠、紡織、玻璃、鋼鐵、生技等類股漲幅超過1%，汽車股大漲2.91%，表現最佳，金融股因證券及金控股走揚，上漲0.88%。在政府努力做多下，週三台股跳空開高，登上十字線，MACD柱狀體負值縮小，但因證所稅未能如期完成三讀，成交量雖微增但仍非攻擊量。籌碼方面，三大法人出現許久不見的同步買超，其中外資26.7億，投信0.82億，自營5.18億。展望後市，外資能否持續買超、國際股市走勢、證所稅修正案發展、成交量能否擴增至九百以上大量，皆將左右台股，操作上，建議可留意產業創新、漲幅落股。,"[['盤勢分析', '收', '8337.9點'], ['消費者信心房價指數', '優於', '預期'], ['另外週二政院', '推出', '振興方案'], ['塑膠等類股漲幅', '超過', '1%'], ['所稅', '完成', '三讀'], ['三大法人', '出現', '買超'], ['外資', '買', '超'], ['成交量', '擴增至', '大量']]"
0,20130530_2274,"國泰證券盤前－量能不足，逢高追價宜慎◆盤勢分析：週三台股在前晚歐美股市連袂走強帶動下，指數開高走高並順利重回所有均線之上，終場指數以上漲75點作收並收復8300點整數關卡，而成交量能則持續放大至810億元，呈現價漲量增格局。由於指數再度突破短期均線反壓並重回所有均線之上，且短期5日均線也有機會因扣抵近期回檔整理區而轉為翻揚走勢，短線趨勢明顯再由多方掌控，且從K線型態來看，若以近4日K線合成單一K棒並與5/23日長黑K棒搭配來看，已形成複合K線型態的”貫穿線”，也顯示反彈行情尚未結束，此外，就技術面指標來看，RSI指標重回50之上多方區，而日KD指標也在低檔出現止穩翻多跡象，技術面亦有利多方趨勢發展，因此，預期大盤反彈行情仍有望延續。不過，由於目前指數位階已來到本波高檔套牢區附近，而以目前成交量能僅放大至800億元來看，對照當時的平均成交量約在920億元來看，仍是明顯不足，此外，近期法人動向明顯偏空，且本波從7,688反彈以來至今幅度約6.8%，對照同期間融資餘額增幅也達6.2%，已有追上的趨勢，籌碼面表現漸趨凌亂，因此，後續行情能走多遠仍需觀察大盤成交量能變化，若指數推升過程中未能持續補量，建議操作仍需相對保守，不宜過度追價，並以低進高出短打為主。◆類股分析：週三(29日)類股呈現開高走高格局，終場普遍以上漲作收，台股三大區塊-電子、金融以及傳產類均有相關族群領頭表現，其中又以汽車類股延續強彈走勢，大漲近3%表現最為強勢。由於目前量能持續回溫，短線指數再度轉強，建議操作心態仍以偏多為主。","[['連袂', '走', '強'], ['終場指數', '作', '收'], ['成交量能', '放大至', '810億元'], ['再度', '突破', '反'], ['5日均線', '轉爲', '翻揚走勢'], ['貫穿線', '形成', '複合K線型態'], ['日KD指標', '出現', '翻跡象'], ['指數位階', '來到', '套牢區附近'], ['目前成交量', '放大至', '800億元'], ['增幅', '達', '6.2%'], ['後續行情', '漸趨', '凌亂'], ['操作', '需', '保守'], ['類股', '呈現', '走格局'], ['臺股三大區塊電子', '均有', '相關族羣領頭表現'], ['汽車類股', '強彈', '走勢']]"
0,20130530_2275,大慶證券盤前－反彈近壓力，低基期股輪動◆盤勢分析台股昨日在歐美股市大漲的影響下開高緩步走高，而帶動盤勢上攻的主流依然為電子類股，雖然大立光等高價股稍有休息，但在鴻海與台積電等權值股適時轉強下，指數越走越高，大盤終場以上漲74點作收，而成交量則較前一交易日放大為802億元。從日線來看，昨日指數的走高已經逼近上週四大跌的起點8367點，而收盤的位置也進入8320點的反壓區，因此，對於多方來說，指數要能再向上推升，量能為必要條件，若後續未見到900億成交量，則指數在反彈過後將可能陷入盤整，除非站上8400點才是大盤整理完畢的訊號。而歐美股市在經過前日大漲後卻又在昨日出現重挫拉回，主因在於OECD宣布將區今年經濟成長率由- 0.1％下調至- 0.6％，而明年則預估有1.1％，但仍低於先前估值1.3％，加上德國5月失業人數暴增2.1 萬人較先前預估的3000人高，以及IMF調降中國經濟成長預期，而美國 持續上漲至 2.15％也是主因。整體來看，在行情漲多後，市場因擔憂FED未來將縮減量化寬鬆規模，所以在相對高檔區才會開始出現大幅震盪走勢，而目前歐美股市的整理趨勢不變，也將影響台股未來多方往上反彈的力道。電子股目前持續為盤面主流，而高價股雖然在短線漲多後昨日有近關情怯的跡象，但資金也開始出現部分擴散效應。以強勢族群來看，昨日以記憶體相關、IC設計等半導體股表現最佳，南科與華亞科在整理過後再度發動漲勢，也帶動力成持續走高，而群聯在EMMC缺貨效應下也突破長期頸線反壓大漲，LED則是在晶電喊出照明市場LED燈泡需求增加3倍下，與億光同步帶動族群走高，而遊戲股在暑假旺季將智也於低檔展開反彈，從目前輪動狀況來看，半導體、IC設計、遊戲、LED、手機相關、部分PCB將為盤面主軸，而就上述類股來看，LED與遊戲股價基期較低，短線仍具反彈空間。至於傳產股目前觀察塑化、食品、中國通路等，在陸股續強下仍有輪動機會，而金融股，在成交比重仍不足下難成主流，還是以個股表現為主。,"[['而', '帶動', '盤勢攻'], ['帶動盤勢攻主流', '爲', '電子類股'], ['大立光等高價股', '有', '休息'], ['昨日指數走高', '逼近', '起點8367點'], ['收盤位置', '進入', '反壓區'], ['指數', '陷入', '盤整'], ['歐美股市', '出現', '重挫拉回'], ['主因', '在於', '經濟成長率下調'], ['預估', '有', '1.1％'], ['IMF', '調降', '預期'], ['IMF', '調降', '預期'], ['美國', '上漲至', '2.15％'], ['美國上漲', '也是', '主因'], ['擔憂FED', '縮減', '寬鬆規模'], ['市場', '開始', '出現震盪走勢'], ['電子股', '爲', '盤面主流'], ['高價股', '有', '情怯跡象'], ['資金', '開始', '出現擴散效應'], ['南科', '發動', '漲勢'], ['半導體', '同步帶', '反彈'], ['短線', '仍具', '反彈空間'], ['金融股', '成', '主流']]"
0,20130530_2276,宇辰控告TPK不公平競爭 抗議扼殺其他廠商生存日前撤銷興櫃及停止公開發行的觸控面板廠宇辰光電，29日對TPK宸鴻()及董事長江朝瑞提告，抗議江朝瑞濫用司法資源及不公平競爭、扼殺台灣其它觸控廠商的發展與生存，因此已對江朝瑞及宸鴻集團相關涉案人員提出刑事妨害營業秘密罪、誣告罪、誹謗罪及不公平競爭等訴訟，並向公平會、經濟部及立法院檢舉。宇辰指出，TPK宸鴻近年來為了鞏固其在觸控面板產業的龍頭地位，不惜惡意競爭並大量向同業廠商興訟，並且疑似對宇辰的客戶散佈不實訊息，然後又向檢調單位檢舉侵害營業秘密，造成不公平競爭，影響交易秩序。宇辰強調，公司在觸控面板領域發展多年，擁有專利和技術能力，旗下客戶包括英特爾Intel、HP、Dell、IBM、優派、松下、東芝、海爾、清華同方、微星、NCR、技嘉、宏碁、華碩、精英電腦、浩鑫、廣達、緯創。宇辰表示，雖然公司撤銷興櫃及停止公開發行，但公司市值仍有7億元，去年通過微軟Win 8大尺寸觸控面板認證多達14件，F-TPK宸鴻市值高達2000億元僅通過13件認證，目前宇辰也同時與國內研究機構合作開發可撓式電容專利技術，因此才會對F-TPK宸鴻與展觸提起刑事妨害營業秘密罪、誣告罪、誹謗罪及不公平競爭等訴訟。,"[['不公平競爭', '抗議', '扼殺廠宇辰光電'], ['其他廠商', '撤銷', '興櫃'], ['日前', '撤銷', '興櫃'], ['江朝瑞', '濫用', '司法資源'], ['刑事', '妨害', '等營業祕密罪'], ['刑事', '妨害', '等營業祕密罪'], ['宇辰', '指出', 'TPK宸鴻惜競爭'], ['TPK宸鴻', '惜', '競爭'], ['客戶', '散佈', '實訊息'], ['宇辰', '強調', '公司發展'], ['旗下客戶', '包括', '英特爾Intel'], ['宇辰', '表示', '公司市值有7億元'], ['公司', '撤銷', '興櫃'], ['公司市值', '有', '7億元'], ['觸控面板認證', '多達', '14件'], ['F-TPK宸鴻市值', '高達', '2000億元']]"
0,20130530_2277,"鉅亨早報 2013年5月30日鉅亨早報■天熱愈來愈炎熱，全台氣溫屢破30度，昨天台北市最高溫飆出35.9度，民眾紛紛開冷氣降溫消暑，不過，本周六(6月1日)起，要負擔夏季電價漲幅比非夏季電價高出12%至25%不等。台電表示， 以去年一般家庭平均每戶單月用電量為397度計算，每月要增加支出127元。至於今年10月第2階段調漲電價，仍將依原訂計畫進行。 ■港股今天重挫369點，跌幅達1.6%，但富士康控股()今天卻逆勢大漲，早盤漲幅一度達10%，收盤時漲幅仍達7.7%，讓富士康股價站上近4個月來新高。鴻海()今天受到富士康大漲帶動，加上盤中傳出蘋果執行長庫克，看好「手腕商機」，市場立刻聯想蘋果是否也將推出智慧手錶，盛傳為谷歌代工眼鏡的鴻海，接單呼聲當然最高。儘管外資繼續賣超，但鴻海獲得內資力挺，今天全場都力守紅盤，漲幅達1.69%，再度收復月線！ ■在民進黨杯葛未出席下，證所稅修法今(29)日朝野協商破裂，民進黨團幹事長潘孟安表示，這種版本的證所稅，民進黨真的修不下去，他更要求「馬總統要先道歉，如果沒有道歉，一切免談。」 ■近年就在美國不斷擴大量化寬鬆（簡稱 QE）規模後，外國資本大幅流入亞洲新興市場淘金。不過野村證券周二發佈報告示警，指一旦 QE 退場，恐導致亞洲新興市場經濟基本面惡化，暗示最壞將重現 1997 年亞洲金融風暴的可怕景象。 ■市場出現救星了嗎？央行能否改變大局或讓金價止血？國際貨幣基金（IMF）最新報告顯示，俄羅斯、哈薩克及亞塞拜然 3 國央行上個月大手筆買進，合計持有部位月增 75%，其餘國家也沒閒著，總計全球央行 4 月份一舉增持了 97.2 萬盎司。 ■蘋果執行長庫克 (Tim Cook)在D11大會上表示，蘋果公司將持續創新，也會再推出更多足以顛覆業界的產品。他表示，當年創造iPhone、iPad、iPod甚至Mac的同一群人，不久就將推出新產品。 ■行政院今(29)日晚間召開國際記者會，對外再度表示要「重罰」不法；6月起也將全面複查是否有出具安全證明。而今天在立院社福衛環委員紛紛對於案情發生後才修法表達強烈不滿，並批說若修《食管法》能杜絕，早先「塑化劑案」發生後迄今又為何爆出毒澱粉等，顯見主管機關怠忽職守。 ■《衛報》報導，Google () 計劃要在非洲撒哈拉以南地區，發展高速無線網路。為讓信號可以傳達數百平方公里，他們還利用高空專用汽球、飛艇等方式協助。 ■針對與iPhone 和 iPod touch設備保固相關的集體訴訟，蘋果 () 已同意支付5300萬美元取得和解。 ■花旗集團分析師發佈報告，指出蘋果（AAPL-US）面臨兩大問題，令蘋果公司獲利能力面臨很大考驗。 ■立法院財政委員會今(29)日協商證所稅修法，民進黨團未到場，其他三黨團也無共識，市場皆高度關注證所稅修法能否趕在周五會期結束前圓滿落幕，券商公會也對此表示，第1季全體市場買賣金額達1億元以上的大戶交易金額僅1.48兆元，較去(2012)年同期大幅衰退逾56%，呼籲朝野要能凝聚共識，以活絡股市、振興經濟發展為重。 ■馬總統指示證所稅修法要「速戰速決」，立法院朝野政黨今(29)日將再次協商，執政黨盼本會期結束前能夠證所稅過關，但在野黨團要求6月臨時會時再處理。 ■歐洲青年失業率高得嚇人，本周德國財長 Wolfgang Schaeuble 直言，現在歐洲青年的失業率是一場歐洲大災難，而一番話並不誇張。歐洲官方現在已經表態將會認真處理解決青年失業問題，動作雖慢，但還是值得讚許。  (接下頁)[NT:PAGE=$]■美國搗破當地歷來最大規模國際洗錢案，犯罪分子涉嫌利用交易平台Liberty Reserve（LR）洗黑錢及處理非法交易，涉及金額達60億美元（468億港元），當局已拘捕LR交易平台創辦人等5人，控以無牌經營匯款交易業務等罪名，涉案部分帳戶亦已凍結。調查員發現，犯罪集團利用LR這種，將由越南、尼日利亞、香港、中國大陸及美國等地營運所獲的非法收益轉移洗錢。■阿里巴巴集團準備避開美國市場，僅在香港實施上市計劃，預計阿里最早第四季上市，其估值或高達600億至700億美元(4,650億至5,430億港元)，很大機會成為今年港股中規模最大的IPO，助港交所再奪集資王地位。■由軍方及地方政府共同組織的首次「聯合後勤保障演練」近日在山東青島海軍機場展開。演習模擬機場遭遇空襲，軍民合作快速滅火、救治傷者、搶修跑道，保障戰機恢復起飛。軍方指已修訂完善應對朝核危機、支援東南沿海作戰（指對台作戰）的後勤保障方案。專家指點名朝核、東南沿海作戰等問題，是北京有意放風的震懾之舉。■日本社會老齡化問題日益嚴重，年輕勞動力漸現不足，政府正研究安排海外留學生畢業後到日本的著名企業工作，以填補勞動力空缺。■瑞士洛桑管理學院（IMD）世界競爭力中心昨公布二○一三年全球競爭力評比，香港全球第三。根據評比，今年全球競爭力表現最佳的前十名是美國、瑞士、香港、瑞典、新加坡、挪威、加拿大、阿聯酋、德國、卡塔爾。單以亞洲區來說，首三位依次為香港、新加坡及台灣。■國基會及經合組織（OECD）昨日齊齊調低中國今年經濟增長預測。國基會指，內地地方債務已佔經濟規模50%，遠高於去年的10%，建議中國逐步減少政府赤字規模，並把今年經濟增長預測由8%降至7.75%。■《人民日報》海外版昨日發文點名批評標普、美銀美林、摩根大通、高盛及瑞銀等外資機構多次唱衰中國，指其「別有用心」，更懷疑其用意在於「通過散布不利於中國經濟的負面消息渾水摸魚，從中獲利」。■中國國家主席習近平即將於明日（31日）啟程展開拉美三國之行，並與美國總統奧巴馬在加州舉行「莊園會晤」，這將是中美兩國政府換屆後，兩國元首首次會晤。訪問期間，習近平將發表重要演講，與拉美三國在經貿等領域簽署一系列合作文件，並發表聯合聲明。■北京青年壓力管理服務中心發佈「2013就業調查報告」稱，今年內地大學生就業壓力4年來最大，僅低於因金融危機帶來高就業壓力的2009年。大學生期望月薪今年降至3683.6元，比去年下降了近千元。半數大學生準備「退守」二線城市。■就馬英九日前指兩岸領導人會面，稱謂問題短時間無法解決。國台辦新聞發言人楊毅昨日回應指，兩岸領導人互訪須由兩岸關係發展的情況和需要來決定，雙方可以為此創造條件，包括協商互訪的適當身份問題。楊毅強調，只要民進黨改變「台獨」立場，大陸可以與其進行交往，並促請台當局修改陸配歧視政策。(接下頁)[NT:PAGE=$]■李克強昨日在第二屆中國（北京）服務貿易交易會暨全球服務貿易論壇北京峰會上表示，今後服務業領域要進一步深化改革，必須堅持市場化的改革方向，完善統一、開放和公平競爭的市場體系，並通過財稅、金融、貿易優惠等一系列舉措，釋放企業活力，推動服務業和服務貿易便利化、自由化，打造中國經濟升級版。■日本首相安倍晉三昨在官邸會晤印度總理辛格。兩人同意重啟並加快推進福島核事故後中斷的核能協定談判，以便盡早簽署。鑑於中國在海洋加大軍事影響力，日印決定日本海上自衛隊和印度海軍頻繁舉行定期聯合演習。■道富環球董事總經理兼全球投資策略師George Hoguet認為，中國內地通過財政和貨幣政策，規避了經濟「硬著陸」危機，但在全球經濟增長放緩下，中國亦受影響。但他預期，內地下半年的經濟表現將與上半年相近，主要受美國經濟好轉，帶動內地出口貿易並維持經濟增長勢頭，最近部分製造業數據亦反映經濟活動正逐步回升，料今年內地GDP增速可達7.5%，今年的廣義貨幣供應目標可達13%，較去年低1個百分點，通脹則為3.5%。■瑞銀投資研究董事總經理梁智勤昨表示，目前內險市場整體償付比率計算，風險仍然偏低，並無因為償付比率問題而需要集資，大部分仍處於資本充足狀況，即使第二代框架實施亦未必令到險企償付比率下降。■國際評級機構標準普爾表示，往內地發展及樓價上升都令香港銀行目前面對不少風險。標普指，本港銀行淨息差相對較窄，主要由於高度集中按揭貸款及其他低風險貸款，惟料今年淨息差能夠回穩。■第二屆京交會「香港日」暨中國香港服務貿易洽談會昨天在國家會議中心舉行。中國商務部台港澳司副司長孫兆麟表示，服務業增加值佔香港GDP比重超過90%，發達的服務業為推動內地企業走向國際市場發揮了越來越大的作用；內地服務業發展迅速，預計今年服務業佔GDP的比重將超過工業，服務市場前景廣闊，也為香港經濟發展注入了新的活力。■就香港反對派近期散布中央政府有意撤換特首的流言，國務院港澳辦主任王光亞昨晨在會見香港漁農界訪京團一行時作出了澄清。據引述，王光亞在會面中特別提到，中央政府從來沒有撤換特首的計劃，這完全是謠言，並強調香港繼續處理好經濟、民生問題，理性討論政治問題，香港各界要堅定不移地支持特區政府及特首依法施政，才能夠為香港社會帶來最大的福祉。■合和（054）分拆的合和香港房地產，將於今日正式展開路演，未計超額配股權，集資最多60.5億元，市場人士透露，該股招股價介乎15.3至17.8元，每手200股入場費為3595.88元。至於今日掛牌的朗廷酒店投資（1270）昨日暗盤價破底，較招股價跌3%至4%。■內蒙古自治區政府昨日在香港舉辦了「2013內蒙古·香港經貿合作活動啟動儀式」，並當場簽約了14個項目，涉及能源、化工、礦業、電動汽車、商貿、醫藥等多個領域。■「2013年香港山東周」取得良好成效，在昨日舉行的「香港山東周合作項目簽約儀式」上，集中簽訂了81個項目，涉及的總投資額達260億美元（約2,028億港元），合同外資額110.8億美元（約864億港元），其中不乏華潤、招商局和光大等香港大集團投資的項目。(接下頁)[NT:PAGE=$]■2013濰坊（香港）重點項目簽約儀式昨日在香港JW萬豪酒店舉行，儀式上集中簽約了17個項目，涉及機械裝備、電子信息、生態環保、商業地產等領域，合同外資額10.79億美元。加上此前在山東省重點合作項目簽約儀式上簽約的6個重點項目，此次濰坊市在香港共簽約23個重點項目，合同外資總額27.76億美元。■昨日是人類征服全球最高峰珠穆朗瑪峰60周年，尼泊爾首都加德滿都舉辦盛大慶祝活動，向全球首批攻頂的登山者致敬。各國冒險家多年來在珠峰創下輝煌成就，然而攀登珠峰者眾，令該處人滿為患，每年更遺下50噸垃圾，「世界之巔」的生態環境面臨巨大威脅。■黑龍江省代省長陸昊本月28日晚在哈爾濱會見了俄羅斯猶太自治州州長溫尼科夫一行，雙方就加快推進、早日啟動建設同江—下列寧斯闊耶黑龍江界河鐵路大橋進行了專題討論，確定了具體的操作環節。溫尼科夫表示，希望雙方在6月中下旬舉行的聖彼得堡經濟論壇上正式簽署大橋建設協議。■廣東紀檢監察網29日公布，廣東省人大常委會副秘書長陳華一涉嫌嚴重違紀，正在接受組織調查。這已是過去7個月來，第6個「落馬」的局級以上人大高官。值得注意的是，這些官員大多不是在政府任職期間被查，是退到「二線」後才被「秋後算賬」，使人大淪為反腐「重災區」。■神舟十號飛船將於6月至8月在酒泉衛星發射中心擇機發射，從下周開始，神舟十號進入發射的「時間窗口期」。據悉，目前各項準備工作正順利進行，搭載「神十」飛船的大型運輸機將於31日上午從北京啟程飛抵酒泉。■菲律賓官員聲稱，目前集結在南海仁愛礁的中國船艦或將截斷礁上菲律賓駐軍的補給。另據路透社29日引述菲律賓外交部的話稱，菲海軍目前有十多人派駐在仁愛礁上一艘擱淺的菲律賓軍艦上。■新加坡媒體發展管理局周二宣布對新聞網站實施發牌制度，要求經常提供本地新聞資訊、有一定影響力的新聞網站須申請牌照。外界指責政府透過新措施，進一步審查傳媒。■日前發生法國士兵被人用刀刺頸的案件迅速破案，法國警方昨日拘捕一名二十二歲伊斯蘭教激進主義者，相信他是上周六在巴黎市郊用刀刺傷一名執行反恐任務巡邏士兵頸部的兇手。■法國巴黎設計師利漢納和博謝最近研發出家居生態系統「Local River」，堪稱「雪櫃水族箱」，設備僅為一個水缸，只需置於客廳，由人手控制即可自行繁殖魚類和種菜食用，當漁夫和農夫，自給自足。■美國加州警方和目擊者表示，當地迪士尼樂園前日有垃圾桶發生小型爆炸，相信是一個裝有乾冰的瓶子引起，懷疑是惡作劇。園方一度疏散部分園區遊客，並無傷亡或損毀報告。(接下頁)[NT:PAGE=$]■ 無重要數據公布。■西班牙Q2 GDP縮減升至1.3%■英國5月CBI零售銷售差值-11■德國5月季調後失業率為6.9%■德國4月季調後ILO就業人口增長6000人■泰國降息一碼■  29 日跌 106.59 點或 0.69%，收 15302.80 點。■ Nasdaq 指數 29 日跌 21.37 點或 0.61%，收 3467.52 點。■  指數 29 日跌 11.70 點或 0.70%，收 1648.36 點。■ 指數 29 日漲 1.34 點或 0.29%，收 467.29 點。■ 歐洲 Stoxx 600 指數 29 日跌 5.73 點或 1.86%，收 302.50 點。■ 英國 FTSE 100 指數 29 日跌 134.84 點或 1.99%，收 6627.17 點。■ 德國 DAX 30 指數 29 日跌 144.29 點或 1.70%，收 8336.58 點。■ 法國 CAC 40 指數 29 日跌 76.44 點或 1.89%，收 3974.12 點。■台灣 29 日收漲74.85點或0.91%，收盤報8337.90點。■澳洲 S&P/ASX 200 指數 29 日收報4974.7點，漲4.048點或0.08%。■日經 225 指數 29 日收報2001.20點，漲14.98點或0.75%。■南韓 KOSPI 指數 29 日收報14326.46點，漲14.48點或0.1%。■上海綜合指數 29 日上漲 2.70 點或 0.12%，報 2324.02 點。■香港 29 日大跌 369.32 點或 1.61%，報 22554.93 點。■ COMEX 8 月 29 日漲 12.10 美元或 0.9%，結算報每盎司 1391.80 美元。■ NYMEX 7 月原油期貨 29 日跌 1.88 美元或 2%，結算報每桶 93.11 美元。■ ICE 倫敦 7 月布倫特原油 29 日跌 1.80 美元或 1.73%，結算報每桶 102.43 美元。■ CBOT 7 月小麥期貨 29 日漲 6-1/2 美分或 0.9%，收每英斗 7.00-1/4 美元■ CBOT 7 月玉米期貨 29 日跌 1-1/2 美分或 0.2%，收每英斗 6.65 美元■ CBOT 7 月黃豆期貨 29 日跌 7-1/2 美分或 0.5%，收每英斗 15.01-3/4 美元■ 29 日收報30.120元兌1美元 貶值6.3分 成交量9.77。■ 29 日報6.13元，漲0.60分或0.10%。■台北時間 30 日 8 時  8 分，報 83.552 點，跌 0.108 點或 0.13%，開盤報 83.628 點，昨收價 83.66 點。■美元兌報 100.73 元，貶 40.8 分或 0.4%，開盤報 101.138 元，昨收價 101.138 元。■兌美元報 1.2949 元，升 0.098 分或 0.08%，開盤報 1.2939 元，昨收價 1.29392 元。■兌美元報 1.5132 元，升 0.06 分或 0.04%，開盤報 1.5127 元，昨收價 1.5126 元。■美元兌瑞郎報 0.96098 元，貶 0.088 分或 0.09%，開盤報 0.96169 元，昨收價 0.96186 元。■美元兌報 1.0346 元，貶 0.031 分或 0.03%，開盤報 1.03494 元，昨收價 1.03491 元。■兌美元報 0.96346 元，升 0.009 分或 0.01%，開盤報 0.9633 元，昨收價 0.96337 元。","[['全臺氣溫', '破', '30度'], ['溫', '飆', '35.9度'], ['民衆', '開', '冷氣'], ['臺電表', '示', '家庭計算'], ['用電量', '爲', '397度'], ['港股', '重挫', '369點'], ['跌幅', '達', '1.6%'], ['早盤漲幅一度', '達', '10%'], ['收盤時漲幅', '達', '7.7%'], ['(鴻海', '受到', '大漲帶動'], ['聯想蘋果', '推出', '智慧手錶'], ['外資', '賣', '超'], ['鴻海', '獲得', '內資力挺'], ['漲幅', '達', '1.69%'], ['民進黨團幹事長潘孟安', '表示', '他要求'], ['美國', '擴大', '簡稱量化寬鬆規模'], ['（', '簡稱', 'QE'], ['外國資本', '流入', '亞洲新興市場淘金'], ['野村證券', '發佈', '報告示警'], ['恐', '導致', '亞洲新興市場經濟惡化'], ['央行', '改變', '大局'], ['國際貨幣基金IMF最新報告', '顯示', '買進'], ['月', '增', '75%'], ['Tim Cook', '表示', '蘋果公司創新'], ['更多足以', '顛覆', '業界'], ['他', '表示', 'iPhone同一羣人推出新產品'], ['iPhone同一羣人', '推出', '新產品'], ['Google計劃', '發展', '高速無線網路'], ['他們', '利用', '等汽球方式'], ['蘋果)', '同意', '支付'], ['花旗集團分析師發佈報告', '指出', 'US面臨兩大問題'], ['US', '面臨', '兩大問題'], ['三黨團', '無', '共識'], ['市場', '關注', '法'], ['買賣金額', '達', '1.48兆元'], ['衰退', '逾', '56%'], ['朝野', '凝聚', '共識'], ['野黨團', '要求', '處理'], ['歐洲青年失業率', '是', '歐洲大災難'], ['歐洲官方', '表態', '處理失業問題'], [']美國', '搗破', '國際洗錢案'], ['交易平臺Liberty ReserveLR', '洗', '黑錢'], ['金額', '達', '468億港元60億美元'], ['當局', '拘捕', '5人'], ['調查員', '發現', '犯罪集團利用LR這種'], ['犯罪集團', '利用', 'LR這種'], ['阿里巴巴集團', '準備', '避開美國市場'], ['其估值', '高達', '4650億'], ['很大機會', '成爲', '助港交所再奪集資王地位'], ['軍方', '指', '修訂後勤保障方案'], ['完善', '應對', '朝核'], ['等朝核問題', '是', '震懾之舉'], ['政府', '研究以', '填補勞動力空缺'], ['海外留學生', '到', '著名企業'], ['世界競爭力中心', '公佈', '全球競爭力評比'], ['全球競爭力', '表現', '最佳前十名是美國'], ['最佳前十名', '是', '美國'], ['首三位', '爲', '香港'], ['經合組織OECD', '調低', '今年經濟增長預測'], ['國基會', '指', '地方債務佔經濟規模50%'], ['地方債務', '佔', '經濟規模50%'], ['中國', '減少', '赤字規模'], ['外資機構', '唱衰', '中國'], ['其用意', '在於', '渾水摸魚'], ['散佈', '不利於', '中國經濟'], ['中國國家主席習近平', '展開', '拉美三國行'], ['這', '是', '兩國元首會晤'], ['習近平', '發表', '重要演講'], ['北京青年壓力管理服務中心', '發佈', '就業調查報告'], ['北京青年壓力管理服務中心發佈就業調查報告', '稱', '最大'], ['金融危機', '帶來', '高就業壓力'], ['大學生', '期望', '月薪降至3683.6元'], ['月薪', '降至', '3683.6元'], ['半數大學生', '準備', '二線城市'], ['雙方', '創造', '條件'], ['楊毅', '強調', '民進黨改變臺獨立場'], ['民進黨', '改變', '臺獨立場'], ['大陸', '進行', '交往'], [']李克強', '表示', '堅持改革方向'], ['兩人', '同意', '重啓'], ['加快', '推進', '核事故'], ['日印', '決定', '日本海上自衛隊舉行聯合演習'], ['日本海上自衛隊', '舉行', '聯合演習'], ['董事總經理George Hoguet', '認爲', '中國受影響'], ['中國內地', '規避', '經濟硬著陸危機'], ['中國', '受', '影響'], ['他', '預期', '相近'], ['製造業數據', '反映', '經濟活動回升'], ['內地GDP增速', '可達', '7.5%'], ['廣義貨幣供應目標', '可達', '13%'], ['通脹', '爲', '3.5%'], ['昨', '表示', '偏低'], ['大部分', '處於', '充足狀況'], ['中國商務部臺港澳司副司長孫兆麟', '表示', '超過90%'], ['服務業增加值', '佔', '香港GDP'], ['發達服務業', '推動', '發揮越來越大作用'], ['內地企業', '走向', '國際市場'], ['今年服務業', '佔', 'GDP'], ['今年服務業', '佔', 'GDP'], ['今年服務業佔GDP比重', '超過', '工業'], ['香港反對派', '散佈', '撤換特首'], ['近期', '散佈', '撤換特首'], ['在', '會見', '一行'], ['國務院港澳辦主任王光亞', '作出', '澄清'], ['中央政府', '撤換', '特首計劃'], ['這', '是', '謠言'], ['香港', '處理', '經濟問題'], ['香港各界', '移地支持', '特區政府'], ['香港房地產', '展開', '路演'], ['市場人士', '透露', '該股招股價介乎15.3'], ['該股招股價', '介乎', '15.3'], ['200股入場費', '爲', '3595.88元'], ['暗盤價', '破', '底'], ['內蒙古自治區政府', '舉辦', '啓動儀式'], ['山東周', '取得', '良好成效'], ['總投資額', '達', '864億港元260億美元'], ['濰坊市', '簽約', '重點項目'], ['昨日', '是', '全球最高峯珠穆朗瑪峯60週年'], ['各國冒險家', '創下', '輝煌成就'], ['生態環境', '面臨', '巨大威脅'], ['黑龍江省代省長陸昊', '會見', '猶太自治州州長溫尼科夫一行'], ['雙方', '進行', '專題討論'], ['溫尼科夫', '表示', '希望雙方簽署建設協議'], ['雙方', '簽署', '建設協議'], ['廣東紀檢監察網', '公佈', '副祕書長陳華一涉嫌違紀'], ['副祕書長陳華一', '涉嫌', '違紀'], ['這', '是', '人大高官'], ['值得注意的', '是', '使'], ['神舟十號', '進入', '時間窗口期'], ['，', '搭載', '神十飛船'], ['菲律賓官員', '聲稱', '集結'], ['將', '截斷', '菲律賓駐軍'], ['路透社', '引述', '菲律賓外交部'], ['29日', '引述', '菲律賓外交部'], ['菲海軍', '目前有', '十多人派駐'], ['十多人', '派駐在', '菲律賓軍艦上'], ['週二', '宣佈', '新聞網站申請牌照'], ['實施', '發', '牌'], ['，', '要求', '提供新聞資訊'], ['新聞網站', '申請', '牌照'], ['外界', '指責', '政府透過新措施'], ['政府', '透過', '新措施'], ['日前', '發生', '刺頸'], ['法國警方', '拘捕', '一名二十二歲伊斯蘭教激進主義者'], ['他', '是', '刺傷反恐任務巡邏士兵頸部兇手'], ['刀', '刺傷', '反恐任務巡邏士兵頸部'], ['Local River', '堪稱', '雪櫃水族箱'], ['設備', '爲', '一個水缸'], ['加州警方', '表示', '有垃圾桶發生小型爆炸'], ['垃圾桶', '發生', '小型爆炸'], ['一個', '裝有', '乾冰'], ['懷疑', '是', '惡作劇'], ['部分園區遊客', '並無', '傷亡報告'], [']■', '無', '重要數據'], ['GDP', '縮減', '銷售差值'], ['失業率', '爲', '德國6.9%'], ['Nasdaq指數', '跌', ' 點'], ['上海綜合指數', '上漲', ' 點'], ['香港', '大跌', '369.32點'], ['1.88美元', '報', '每桶93.11美元'], ['100.73元', '貶', '40.8分']]"
0,20130530_2278,乾景投顧盤前分析◆控盤心法：1.大盤今日關鍵受財政部長盤中再度呼籲，證所稅修正案各政黨要撇開政治立場，既然一個月後也會通過，何必再延一個月，這一個月讓股市先好!對今日協商及週五最後三讀通過，激起多頭再度發動攻勢，越過5/23中黑K實體1/2壓力8302點。接下來證所稅協商結果還是會消息面影響未來二天盤勢震盪，但是今日盤中仔細觀察中實大戶又回來進場掃貨，知道政策要拉內需的企圖非常強。2.5/22大盤回檔前我們大降持股，甚至昨天拉太陽能時我建議太陽能股都已先獲利出清。今日建議會員買低基期剛發動的個股，跟之前的標的都不一樣，這就是資金的輪動。像太陽能股沒有歐盟課陸高額反傾銷稅，六月急漲不易。市場資金包括中實大戶的想法跟我一樣，會找其他標的持續接棒輪漲，由高價股讓出空間，個股表現遠勝大盤!3.大盤能站回8302點回到強勢位階，接下來不管消息面如何震盪，成交量維持700億以上，中實大戶會持續進場吃貨，詳細內容會在30日台北講座說明歡迎會員報名參加。馬明河分析師,"[['大盤', '受', '呼籲各政黨撇開政治立場'], ['各政黨', '撇開', '政治立場'], ['消息面', '影響', '盤勢震盪'], ['我們', '降', '持股'], ['會員', '買', '發動個股'], ['這', '就是', '資金輪動'], ['太陽能股', '沒有', '反傾銷稅'], ['市場資金', '找', '其他標的'], ['個股', '表現', '勝大盤'], ['成交量', '維持', '700億以上'], ['詳細內容', '歡迎', '會員報名']]"
0,20130530_2279,永豐期貨台指選擇權盤前－台積電鴻海帶動下 指數站回8300◆期貨走勢週三上漲55點收在8312點。價差方面，、電子期、金融期與摩台期皆為逆價差，其中逆價差放大至25.9點，電子期轉為逆價差至0.84點，金融期轉為逆價差至2.61點，摩台期轉為逆價差至0.86點。三大期指均上漲收紅K表現強勢。從期指大額交易人部位變化來分析，全月份十大交易人多單加碼2551口，淨多單升至3607口，特定法人空單回補3855口，轉為淨多單至855口。三大法人於現貨市場轉為買超32.7億元，於期貨市場多單加碼3930口，淨多單升至9555口，外資期貨多單加碼4065口，淨多單升至7667口，法人轉為偏多看待。期貨走勢方面，在前日美股開高走低下，週三僅平盤開出，高價股表現平平股王前日站上千點再度跌破，中場過後經濟部長提出證所稅問題應速審速決帶動了金融類股續漲，台積電與鴻海主要權值股進場卡位，終場指數小紅作收。由籌碼面來觀察三大法人現貨轉為買超，期貨則出現近四千口的買超，整體來看偏多意味濃厚。技術面，週三指數開平走高收紅K來觀察，盤中一度站回上週四長黑起跌點，但尾盤拉回，但整體來看，多方欲取回優勢企圖心強列，操作上轉為沿五日線偏多操作為宜，並請嚴設停損。◆選擇權分析選擇權從成交量來觀察，6月份買權集中在8500點，賣權則是集中在8200點。未平倉量部份，買權OI降至500566口，最大序列8600點，水位降至57702口；而賣權OI升至568455口，最大序列7900點，水位升至54910口。全月份未平倉量put/call ratio由0.99升至1.14(+0.15%)，6月買權平均隱含波動率由10.14升至10.46%(+3.08%)， 賣權平均隱含波動率由12.45降至12.93%(+3.72%)，買賣權同步上升，在短線轉為偏多格局轉下，操作上建議於8200-8500 點建立買權多頭價差因應。,"[['永豐期貨臺', '指', '期貨走勢上漲'], ['指數站', '回', '8300'], ['指數站', '回', '8300'], ['電子期', '爲', '逆價差'], ['電子期', '轉爲', '逆價差'], ['金融期', '轉爲', '逆價差2.61點'], ['摩臺期', '轉爲', '逆價差0.86點'], ['多單', '升至', '3607口'], ['法人空單', '回補', '3855口'], ['三大法人', '轉爲', '買超'], ['法人', '轉爲', '看待'], ['高價股', '表現', '跌破'], ['應速審速決', '帶動', '續漲'], ['三大法人現貨', '轉爲', '買超'], ['期貨', '出現', '近四千口買超'], ['週三指數', '站', '開平走高收紅K'], ['多操作', '爲', '宜'], ['6月份買權', '集中在', '8500點'], ['賣權', '集中在', '8200點'], ['買權OI', '降至', '500566口'], ['水位', '降至', '57702口'], ['賣權OI', '升至', '568455口'], ['水位', '升至', '54910口'], ['平均隱含波動率', '至', '(3.08%'], ['平均隱含波動率', '降至', '+3.72%)'], ['短線', '轉爲', '偏格局'], ['短線轉爲偏格局', '偏', '多'], ['8500點', '建立', '因']]"
0,20130530_2280,"元大期貨台股期指盤前－期指意圖展強攻 怎奈缺口賣壓強◆行情分析評論：週二美股因數據利多收漲，帶動週三亞股也以多方表現為主，台股在重要權值股的積極表態下開高走高，並站回10日均線之上，成功激勵走高，在買盤積極進場卡位下，也成功站回8300點關卡，但由於午盤遇壓拉回，漲點明顯不及現貨，使得終場期現貨逆價差也擴大至23點，選擇權波動率也震盪走升，透露出期貨市場的避險情緒稍有增溫。觀察法人籌碼變化，三大法人同步買超，其中外資買超26.7億元，自營商買超5.2億元，投信買超0.8億元，三大法人合計買超32.7億元；在淨部位方面，外資加碼淨多單4,065口至7,667口，自營商減碼淨多單394口至1,426口，三大法人合計共加碼淨多單3,930口至9,555口；另外，前十大交易人也加碼淨多單2,326口至2,823口，整體來看，大額交易人的樂觀態度似乎稍有回籠的跡象。週三台股成交量擴大至802億元，呈現擴量上攻的態勢；週五MSCI雙降台股權重即將生效，且證所稅闖關也充斥變數，加上摩台期貨週四將結算，恐使得市場追價意願趨緩；上方有5/23日的跳空缺口壓力阻礙指數攻高，可能壓制多方表現空間，但由於日K線高低點連日上移且指數站穩月均線，透露出買盤持續承接意願並不低，需留意摩台結算日可能的震盪洗盤風險。","[['期指意圖展', '強攻', '賣壓強'], ['期指意圖展', '強攻', '賣壓強'], ['週二美股', '帶動', '週三亞股'], ['漲點', '不及', '現貨'], ['三大法人', '買', '超'], ['自營商買', '超', '5.2億元'], ['自營商', '減', '394口'], ['自營商', '減至', '1'], ['三大法人', '合計', '淨'], ['樂觀態度', '有', '回籠跡象'], ['週三臺股成交量', '擴大至', '802億元'], ['證所稅闖關', '充斥', '變數'], ['市場', '追', '價'], ['市場', '追', '價'], ['指數站', '穩', '月']]"
0,20130530_2281,全球競爭力 美國奪冠 香港排第3 台灣掉到第11瑞士洛桑管理學院(IMD)世界競爭力中心昨(30)日公布2013年全球競爭力評比，香港全球第3。台灣排名由去年第7滑落至第11、近4年新低，在亞洲地區排名第3。《星島日報》報導，根據評比，今年全球競爭力表現最佳的前10名是美國、瑞士、香港、瑞典、新加坡、挪威、加拿大、阿聯酋(阿拉伯聯合大公國)、德國、卡塔爾(卡達)。單以亞洲區來說，首3位依次為香港、新加坡及台灣。馬來西亞排名為亞洲第15位。中國排第21，南韓排第22，日本排第24。台灣曾於2009年從第23名驟升到2010年的第8名後，2011年為第六名，去年則為第7名，今年排名則滑落到第11。,"[['臺灣排名', '滑落至', '近4年新低'], ['前10名', '是', '聯合大公國美國'], ['首3位', '爲', '香港'], ['馬來西亞排名', '爲', '亞洲第15位'], ['南韓', '排', '第22'], ['日本', '排', '第24'], ['2011年', '爲', '第六名'], ['去年', '爲', '第7名'], ['今年排名', '滑落到', '第11']]"
0,20130530_2282,Twitter CEO科斯特洛拒討論IPO問題新浪財經訊 北京時間5月30日凌晨消息，Twitter首席執行官迪克-科斯特洛(Dick Costolo)周三稱，該公司仍舊集中致力於構建一個“全球城鎮廣場”，但不計劃開闢新的業務。他拒討論有關Twitter是否正計劃IPO的問題。科斯特洛在周三的D11大會上登台發表講話，他表示Twitter將自身視為新聞組織的“贈品”，但不會考慮進入這個業務領域。科斯特洛拒討論有關Twitter是否正計劃IPO(首次公開招股)上市的問題。他表示，這個問題讓他感覺自己就像是在一場足球賽中處於關鍵點的球員，而這時卻有一些旁觀者對他說道：“嘿，打完比賽你要去做什麼啊？”他進一步指出：“這並非我會每天花時間去重點 關注的問題。”科斯特洛在談及Twitter主要的價值主張時表示：“我們正在建設這個全球城鎮廣場，這個廣場是公開的、實時的、會話式的以及廣泛傳播的。”他還指出，由“大”來傳播新聞的價值在於，傳言和不准確的消息會被迅速澄清，例如最近波士頓遭遇炸彈襲擊的案例等。科斯特洛還表示，Twitter正致力於發展自己的廣告業務，允許公司及其他品牌所有者參與其中，從有機的對話中創造價值，而不是控制對話。他指出，Twitter服務能為收看廣播事件帶來更多的重大價值，原因是當用戶收看廣播節目時使用Twitter服務能“充實在電視上 看到的內容”。　(文武/編譯),"[['Twitter CEO科斯特洛', '拒', '週三凌晨消息稱劃開闢新業務'], ['週三', '稱', '劃開闢新業務'], ['該公司', '致力於', '構建城鎮廣場'], ['他', '拒', '討論有關計劃IPO問題'], ['他', '表示', '考慮進入業務領域'], ['Twitter', '視爲', '新聞組織贈品'], ['他', '表示', '這個問題讓'], ['自己', '處於', '球員'], ['你', '做', '什麼'], ['這', '並非', '關注問題'], ['在', '談及', '主要價值主張'], ['我們', '建設', '全球城鎮廣場'], ['這個廣場', '是', '公開的'], ['他', '指出', '傳播新聞價值在於不準確消息澄清'], ['傳播新聞價值', '在於', '不準確消息澄清'], ['波士頓', '遭遇', '等案例'], ['科斯特洛', '表示', 'Twitter致力於發展廣告業務'], ['Twitter', '致力於', '發展廣告業務'], ['公司', '參與', '其中'], ['他', '指出', 'Twitter服務帶來重大價值'], ['Twitter服務', '帶來', '重大價值'], ['原因', '是', '看到內容'], ['用戶', '收看', '廣播節目'], ['用戶', '收看', '廣播節目']]"
0,20130530_2283,富士康將聯手火狐推智能終端新京報訊 （記者劉溪若）昨日，據美國科技媒體報導，6月3日，富士康將攜手火狐運營商Mozilla推出一款火狐作業系統的智能終端。分析認為，作為蘋果公司最大的生廠商，富士康正尋求多元化轉型，用以擺脫對蘋果的依賴。據英國《金融時報》報導，蘋果已經將更多的訂單轉移至和碩。之前蘋果發布的2013年第一季度財報則顯示，該季度凈利潤為95.5億美元，同比下滑18%，為10年來首次下滑。對於富士康來說，公司不得不承擔蘋果自身業績下滑和訂單轉移帶來的損失。業內分析認為，在這種情況下，富士康也開始尋求多元化改革，擺脫對蘋果的過分依賴。有分析認為，富士康作為全球最大的代工廠商，對成本的把控和大規模生的管理擁有豐富的經驗，對於走中低端路線的火狐OS的手機品，與富士康的合作將對火狐壓低成本和價格提供幫助。對於此次富士康和Mozilla更多合作的細節並未曝光，新品到底是平板還是智能手機還需要等到下周一才能揭曉。,"[['富士康', '推出', '作業系統智能終端'], ['分析', '認爲', '富士康尋求轉型'], ['富士康', '尋求', '轉型'], ['第一季度財報', '顯示', '該季度淨利潤爲95.5億美元'], ['該季度淨利潤', '爲', '95.5億美元'], ['公司', '承擔', '下滑帶來損失'], ['分析', '認爲', '富士康開始尋求多元化改革'], ['富士康', '開始', '尋求多元化改革'], ['分析', '認爲', '富士康作爲代工廠商'], ['富士康', '作爲', '代工廠商'], ['對於', '走', '火狐OS'], ['與合作', '提供', '幫助'], ['新品', '是', '平板'], ['手機', '需要', '揭曉']]"
0,20130530_2284,台股盤前－摩台結算在即 證所稅闖關前夕 指數恐震盪台股昨(29)日在外資轉買下，上漲74.85點，以8337.9點作收，站回所有短期均線。但美股今晨重挫，又適逢摩台結算、證所稅闖關前夕，預期台股在此3大因素干擾下，指數今天恐面臨震盪。外資昨日轉賣為買加碼26億元，未平倉多單也增加逾3800口，在選擇權方面，整體未平倉空單也增加至3.45萬口，同步觀察摩台指，5月未平倉雖已降至11.2萬口，但6月增加至16.2萬口；法人表示，配合綜合評估，外資對後市應持中性立場，預期結算行情應會順勢結算。在在野黨杯葛下，證所稅明天要闖關成功困難，修法恐再拖1個月，到6月臨時會再議，雖然市場已有預期，但由於距離8500點鍋蓋愈來愈近，一旦證所稅又擱淺，台股拉回修正壓力恐將增加。今日盤面重點，經濟部能源局將整合國內製造、土木工程、金融、技術維修等各界資源，並思考籌措大型的太陽能系統整合公司，將台灣的太陽能產業推向海外市場；太陽能族群今天是否表態備受矚目。台積電在先進製程技術加緊腳步，中科Fab15廠房的28奈米新一期廠房本月投產，負責20奈米的南科Fab14第五、六期陸續裝機，第3季12吋月產能將突破40萬片，與英特爾並駕齊驅。台積電昨天收復5日線，但今天面臨月線反壓，是否能挾此消息突破壓力區值得關注。中國信託投信今天表示，台股昨日技術線型跳空收紅K線，成功攻克10日均線，KD線呈上彎態勢，若此趨勢持續，今天即可形成交叉，短期技術面將正式轉強。然而，成交量雖回到5日均量以上，但仍低於千億，短期要一次收復5月23日長黑K線的難度較高。,"[['摩臺', '結算', '闖關'], ['外資', '轉買', '外資'], ['今天恐', '面臨', '震盪'], ['未平倉空單', '增加至', '3.45萬口'], ['平倉', '降至', '11.2萬口'], ['法人', '表示', '預期'], ['外資', '持', '中性立場'], ['市場', '已有', '預期'], ['經濟部能源局', '整合', '各界資源'], ['太陽能族羣', '表態', '備受矚目'], ['製程技術', '加緊', '腳步'], ['12吋月產能', '突破', '40萬片'], ['臺積電', '收復', '5日線'], ['月線', '反', '壓'], ['挾此消息', '值得', '關注'], ['中國信託投信', '表示', '紅K線'], ['KD線', '呈', '彎態勢'], ['成交量', '回到', '5日均量以上'], ['5月23日', '長', '黑K線']]"
0,20130530_2285,"阿里巴巴集團傳第4季香港IPO 料成今年集資王新股市場再掀小高潮，港交所()今年有望重登集資王寶座。市場消息指，阿里巴巴集團準備避開美國市場，僅在香港實施上市計劃，預計阿里最早第4季上市，其估值或高達600億至700億美元(4650億至5430億港元)，很大機會成為今年港股中規模最大的IPO，助港交所再奪集資王地位。香港《文匯報》報導，在完成對雅虎股權的回購和一系列產業布局之後，阿里的IPO進程逐步加快。據英國《金融時報》網站引述與阿里接觸過的3家來自美國和亞洲的金融機構稱，阿里在美上市的可能性幾乎為零。美國嚴格的會計標準是令阿里窒步的原因之一。不過，有市場人士分析，實際上知識產權才是阿里不選擇赴美的重要原因。阿里旗下的淘寶網被指責遍布假貨，不尊重知識產權，雖然淘寶網作出了很多努力並收到了一定的成效，但是並未得到扭轉性的改變。面對美國沉重的監管壓力，勢必會影響淘寶網的未來發展。因此，在美國走不通， 大陸走不得的情況下，阿里選擇來香港上市。不過有分析員認為，雖然香港能夠規避美國和大陸的不足，但香港市場可能無法給出與大陸和美國市場相媲美的高估值。不過，阿里表示，尚未聘用投行以啟動上市進程，上市地點也沒有最終敲定。新股市場除阿里壓軸外，光銀亦有機會於今年助港交所集資王地位一臂之力。IFR引述消息人士稱，光銀已申請H股上市，集資高至20億美元。中金、中國光大融資、大摩和瑞銀任聯席全球協調人。是次H股發行所募資金將在扣除發行費用後，全部用於補充核心資本，提高資本充足率。其他新股方面，內房企業五洲國際()昨展開投資者推介，據其初步招股文件介紹，該股招股價介乎1.15元至1.5元，發行11.4074億股新股，約佔上市後股本25%。每手2,000股，入場費約3,030.24元。周五開始公開招股，6月13日掛牌。安排行為麥格理及交銀國際。五洲集資約1.95億美元(約15.2億港元)，顯示市值7.79億美元(約60.76億港元)。安排行交銀國際對五洲2013年預測資產淨值約125億元，現時招股價範圍相對公司預測2013年資產淨值129.73億元有62%-70%折讓。是此集資60%作為土地收購以及公司已簽訂備忘錄項目建造及發展，30%用作其他項目。至於鷹君()分拆的朗廷酒店投資()今日掛牌，暗盤價破底。據輝立交易場資料顯示，朗廷暗盤開市報5元，收報4.8元跌4%，每手500個單位不計手續費，一手蝕100元。另據耀才新股交易中心資料，朗廷暗盤價曾高見5.02元，後收報4.84元，跌3.2%。每手500個單位不計手續費一手蝕80元。新世界()在公布擬分拆3家酒店獨立上市後，將新世界酒店集團易名為瑰麗酒店集團。新世界酒店投資則擬籌辦一筆80億-90億元的3年期貸款，以配合其8億-10億美元的上市計劃。有市場人士估計，有關貸款主要用於提高新世界酒店投資分派的吸引力。","[['市場消息', '指', '阿里巴巴集團準備避開美國市場'], ['阿里巴巴集團', '準備', '避開美國市場'], ['其估值', '高達', '600億'], ['很大機會', '成爲', '交所再奪集資王地位'], ['接觸3家', '來自', '美國'], ['接觸3家', '來自', '美國'], ['在可能性', '爲', '零'], ['會計標準', '是', '令原因之一'], ['市場人士', '分析', '知識產權纔是重要原因'], ['知識產權', '纔是', '重要原因'], ['阿里旗下淘寶網', '指責', '遍佈假貨'], ['淘寶網', '作出', '很多努力'], ['阿里', '選擇', '來香港'], ['分析員', '認爲', '香港市場給出高估值'], ['香港', '規避', '美國不足'], ['香港市場', '給出', '高估值'], ['阿里', '表示', '上市地點敲定'], ['消息人士', '稱', '光銀申請H股上市'], ['光銀', '申請', 'H股上市'], ['中國光大融資', '聯席', '協調人'], ['募資金', '用於', '補充核心資本'], [')昨', '展開', '投資者推介'], ['招股價', '介乎', '1.15元'], ['公司', '預測', '資產淨值有讓'], ['資產淨值', '有', '讓'], ['30%', '用作', '其他項目'], ['輝立交易場資料', '顯示', '朗廷暗盤開市報'], ['500個單位', '不計', '手續費'], ['朗廷暗盤價', '見', '5.02元'], ['500個單位', '不計', '手續費'], ['市場人士', '估計', '有關貸款用於提高新世界酒店投資吸引力'], ['有關貸款', '用於', '提高新世界酒店投資吸引力']]"
0,20130530_2286,台灣主要報紙頭條要聞台灣報紙今日頭版依瑞士洛桑管理學院（IMD）今（30）日發布的年度全球競爭力報告，台灣排名落至第11名，較去年退步四名。經建會主委管中閔表示，我國競爭力實況沒這麼差，但他強調，在人才外流與金融法規鬆綁上，政府應積極處理。我「廣大興28號」漁船在台菲重疊經濟海域遭菲律賓公務船開槍案，經我調查小組赴菲合作調查三天後，真相逐漸大白。根據菲方八名海巡署官員作證，兩船並未擦撞，是菲方廣播要廣船離開未果，現場指揮官下令開火，瞬間，八名隊員的機槍、步槍齊發，朝廣船瘋狂射擊，廣船左側靠駕駛艙處被射中四十五槍，船員洪石成中彈喪命！菲承認 船未擦撞 仍瘋狂掃射世界競爭力 我重跌至11名台設計師 創華人珠寶拍賣紀錄競爭力 倒退嚕穿戴裝置 蘋果要尬Google大陸打熱錢 掃到國銀陸分行競爭力 我第7降至11廣大興案 至少7人開槍蘇貞昌：建設國家為重全球競爭力 台灣退到11名機械公會龍頭不爽 徐秀滄要找彭促貶庫克暗示 蘋果攻穿戴裝置少年控訴 3警逼吃狗屎菜脯 高麗菜乾 防腐劑超標5倍菲船8兇手 卡彈還換槍廣大興案 菲8人開槍 菲國3證人：廣大興未衝撞 戳破菲官方說法全球競爭力 台灣第7退到11小六生 連兩天早自習集體喝酒陸促談：解決政治分歧廣大興事件 菲查彈孔賣口罩記名挨轟 昆明市收回成命,"[['報紙頭條', '聞', '全球競爭力報告'], ['經建會主委管中閔', '表示', '他強調政府處理'], ['他', '強調', '政府處理'], ['廣大興28號漁船', '遭', '公務船'], ['調查小組', '赴', '菲'], ['現場指揮官', '下令', '開火'], ['駕駛艙處', '靠', '四十五槍'], ['廣船左側', '洪石成', '中彈喪命'], ['菲', '承認', '船擦撞'], ['蘋果', '尬', '倒退嚕穿戴裝置'], ['我', '降至', '7人開槍蘇貞昌'], ['7人', '開槍', '蘇貞昌'], ['臺灣', '退到', '機械公會'], ['不爽徐秀滄', '找', '3警逼喫狗屎菜脯'], ['貶庫克', '暗示', '蘋果攻穿戴裝置少年控訴'], ['貶庫克', '暗示', '蘋果攻穿戴裝置少年控訴'], ['3警', '逼喫', '狗屎菜脯'], ['卡彈', '換', '槍'], ['還', '換', '槍'], ['8人', '開槍', '3證人'], ['臺灣', '退到', '11小六生']]"
0,20130530_2287,2013年IMD全球競爭力排名 台灣第11 較去年退步4名瑞士洛桑國際管理學院 (IMD) 30日發布最新全球競爭力排名 (world competitiveness ranking)，台灣排名第 11，整體表現連 2 年下滑，近 4 年首度退居 10 名之外。排名前 3 名經濟體為美國、瑞士及香港。IMD 是歐洲著名商學院，自 1989 年以來，每年都會針對全球主要經濟體，發布競爭力評比年度報告，並根據經濟表現、政府效能、企業效率及基礎措施 4 項指標評分，並發布整體排名。台灣在 2009 年僅排名 23，不過 2011 年已經進步到最佳的第 6 名，去年為第 7 名，今年在 60 個經濟體中排名第 11，亞太地區排名第 3，在香港（第3）及新加坡（第 5 ）之後。台灣在 4 類指標都呈現退步，其中政府效能排名第 8（去年第 5）、企業效率排名第 10（去年第 4）、經濟表現排名第 16（去年第 13）、基礎建設排名第 16（去年第12）。以分項指標（Sub-Factor）來看，排名最好的是政府效能指標中的財政政策，排名第 4 (與去年相同)，最差的是經濟表現中的國際投資，列第 30 名 （去年第 43 ），基礎建設中的健康與環境同樣排名第 30（去年第 26）。報告中認為，台灣在 2013 年主要挑戰，包括經濟創新與開放、產業重建與升級、經濟成長兼顧創造就業、經濟成長兼顧收入分配均衡、綠能成長及社會包容 (social inclusion) 等。報告指出，2013 年的主要亮點，包括美國重回競爭力首位，主因是財務部門的重建、科技創新的出色表現，以及企業的成功。而中國 (第 21) 及日本 (第 24) 排名均上升，尤其日本受益於安倍經濟學帶來經濟上的動能。歐洲方面的表現落差極大，瑞士(第2)、瑞典(第4) 及德國 (第10) 是表現優異的前段班。金磚國家中，中國 (第21) 及俄羅斯 (第42) 排名上升，印度 (第40) 、巴西 (第51)  及南非(第53) 排名退步。2013年IMD全球競爭力排名,"[['IMD', '發佈', '排名'], ['排名前3名經濟體', '爲', '美國'], [' IMD', '是', '著名商學院'], ['類4指標', '呈現', '退步'], ['政府效能', '排名', '去年第 4排名'], ['最好的', '是', '財政政策'], ['最差的', '是', '國際投資'], ['基礎建設中健康', '排名', '去年第 26'], ['報告中', '認爲', '臺灣挑戰'], ['經濟成長', '兼顧', '收入分配均衡'], ['報告', '指出', '主要亮點包括重回競爭力首位'], ['主要亮點', '包括', '重回競爭力首位'], ['主因', '是', '出色表現'], ['日本', '受益於', '安倍經濟學帶來經濟上動能'], ['安倍經濟學', '帶來', '經濟上'], ['安倍經濟學', '帶來', '經濟上'], ['瑞士第2', '是', '前段班'], ['瑞士第2是前段班', '表現', '優異']]"
0,20130529_2288,第一金二度下修放款目標 只剩成長3% 海外獲利占比降至21%第一金控()今(29)日召開第1季線上法說會，今年放款目標雖然訂成長3%，但已是第2度下修；此外，受到海外逾放大幅攀升至1.09%影響，第一金海外獲利占比也降至21%以下。第一金首季稅後盈餘29.7億元，年減5%，每股稅後盈餘0.36元，年化資產及股東權益報酬率各為0.56%及8.8%，集團資本適足率126.26%，雙重槓桿比率則約104%。淨利息收入及手續費收入部分，雙雙較去年同期成長，年增率各為3.4%及2%，獲利減少主要是提存增加所致。不過，第一金表示，今年內部獲利目標仍較去年成長，但放款成長目標連2降，從去年底的3.53%、今年2月底的3.2%降至今天最新預估值3%，是因為「質重於量」，考量客戶貢獻度量，也不會因為今年經濟成長率(GDP)不如預期調降獲利目標。此外，一銀首季因提列倫敦分行杜拜世界的曝險最大損失，金額約6、7億，造成海外獲利占比驟降至21%；一銀主管表示，即使已一次提存，但目前該金融資產的市價已回升至原始金額的7成，後續回收率有機會達該水準，因而全年海外獲利比重仍維持年初41%目標。一銀第1季存放利差較上季的1.42%上升至1.47%，外幣存放利差則是從上季的1.97%降至1.74%。但全年估值部分，存放利差目標也自2月底的1.6%降至1.5%。大陸佈局部分，第一金指出，未來在中國大陸三箭頭並進，除了分行、租賃外，還有預備設立的村鎮銀行。,"[['只', '剩', '成長'], ['獲利佔比', '降至', '21%第一金控'], ['佔比', '降至', '21%以下'], ['股東權益報酬率', '爲', '0.56%'], ['集團資本', '適足', '126.26%率'], ['年增率', '爲', '3.4%'], ['減少', '是', '增加所致'], ['第一金', '表示', '成長目標降'], ['2月底3.2%', '降至', '3%'], ['海外獲利', '佔', '海外獲利'], ['一銀主管', '表示', '獲利維持年初目標'], ['金融資產市價', '回升至', '7成'], ['後續回收率', '達', '該水準'], ['獲利', '維持', '年初目標'], ['存放利差', '上升至', '1.47%'], ['外幣存放利差', '降至', '1.74%'], ['利差目標', '自', '2月底1.6%'], ['第一金', '指出', '並進']]"
0,20130529_2289,爆出毒澱粉超過5天 政院召開國際記者會 要修法重罰6月複查行政院今(29)日晚間召開國際記者會，對外再度表示要「重罰」不法；6月起也將全面複查是否有出具安全證明。而今天在立院社福衛環委員紛紛對於案情發生後才修法表達強烈不滿，並批說若修《食管法》能杜絕，早先「塑化劑案」發生後迄今又為何爆出毒澱粉等，顯見主管機關怠忽職守。衛生署4月12日發文地方政府要求清查，而毒澱粉案流傳迄今，台灣台南「上智關廟麵」等11種外銷新加坡部分因遭該國疑涉毒澱粉已下架，馬來西亞也禁止台灣11項含有順丁烯二酸酐產品進口，其中大多數為珍珠粉圓。全台肉圓業者業績也頗受影響；彰化業者表示，業績已掉了至少4成；台南業者更說，秀出檢驗報告仍有不少客戶詢問。立院社環委員紛紛對於案情發生後才修法表達不滿，立委劉建國並說若修《食管法》能杜絕，早先「塑化劑案」發生後迄今已有修法加重罰則又為何爆出毒澱粉、毒菜脯，顯見主管機關互踢皮球怠忽職守。而為挽救台灣食品安全信心，行政院今晚緊急召開國際記者會，副院長毛治國強調召開食品安全跨部會專案小組會議，將修食管法加重罰則；加強食品安全風險監測及預警機制建立；各級政府加強稽查；儘速協調跨部會合作，阻斷化工原料流入食品；鼓勵民眾檢舉，共同維護食品安全。毛治國強調，目前國內化學物質的管理分由環保署、勞委會、經濟部、衛生署等部會負責，相關部會將整合建立登錄、追溯系統等，以加強管控。外交部及經濟部國貿局會儘速向外國使節說明事件以及國內所做的措施。行政院消保處對於因相關食品所引起的消費爭端事件，將積極協助處理申訴案件，並適時加強宣導。衛生署應於2星期落實擬定之計畫，清除違規產品並嚴懲違規廠商，還給全國百姓一個乾淨安全的飲食環境。衛生署長邱文達則補充，除已要求相關業者應全面提供安全證明，6月起也將全面複查是否有出具安全證明。修法部分《食管法》為立院優先審查，擬加強重罰不法，與提高檢舉獎金。食品藥物管理局聯合各地衛生局針對順丁烯二酸酐化製澱粉事件，持續查察，黑心澱粉與受影響製品封存銷毀統計至今晚7點已達312.02公噸，較前一日增逾73公噸；官方並公告盤點涉案業者阻斷源頭非法原料繼續使用。,"[['毒澱粉', '超過', '5天'], ['政院', '召開', '國際記者會'], ['地方政府', '要求', '清查'], ['因', '遭', '涉毒澱粉下架'], ['馬來西亞', '禁止', '臺灣11項含有順丁烯二酸酐產品進口'], ['臺灣11項', '含有', '順丁烯二酸酐產品進口'], ['大多數', '爲', '珍珠粉圓'], ['肉圓業者業績', '受', '影響'], ['彰化業者', '表示', '業績掉'], ['臺南業者', '說', '有不少客戶詢問'], ['修法', '表達', '不滿'], ['立委劉建國', '說', '食管法杜絕'], ['則', '已有', '罰'], ['主管機關', '踢', '皮球'], ['行政院', '召開', '國際記者會'], ['副院長毛治國', '召開', '專案小組會議'], ['各級政府', '加強', '稽查'], ['化工原料', '流入', '食品'], ['毛治國', '強調', '負責管理分'], ['相關部會', '整合以', '加強管控'], ['外交部', '說明', '事件'], ['行政院消保處', '協助', '處理申訴案件'], ['衛生署', '落實', '擬定計劃'], ['修法部分食管法', '爲', '立院審查'], ['藥物管理局', '聯合', '各地衛生局'], ['與', '受', '影響製品'], ['受影響製品封存統計', '達', '312.02公噸'], ['涉案業者', '阻斷', '非法原料']]"
0,20130529_2290,券商公會疾呼朝野儘速通過證所稅修正案朝野雙方對於證所稅修正方案持續協商，市場相當擔心證所稅過不了關，恐怕重挫台股多頭市氣。券商公會今天發出聲明呼籲朝野凝聚共識，放下成見、共體時艱，儘快通過證所稅共識版。券商金會指出，今年一到四月，集中市場單日成交量平均只有789億元，比去年同期的1044億元大減少24.4%；第一季全體市場買賣金額達1億元以上的大戶交易金額1.48兆元，較去年同期的3.38兆元銳減56.4%，顯示大戶資金離開台股移往海外。券商公會指出，市場成交量萎縮以及籌資意願下降已形成惡性循環，導致民間不願消費、企業減少投資，去年台灣GDP成長只有1.26%、今年第一季GDP成長1.67%，景氣燈號再度亮出黃藍燈，台灣景氣未見起色。也因此，券商公會認為，雖然證所稅共識版無法一次到位，只要朝野能夠凝聚共識就是往前邁進一步，會是一個好的開始，有利證券市場逐步回歸正常軌道。,"[['所稅', '過', '關'], ['券商公會', '發出', '聲明'], ['會', '指出', '單日成交量只有789億元'], ['單日成交量', '只有', '789億元'], ['全體市場買賣金額', '達', '1.48兆元金額'], ['大戶資金', '離開', '臺股'], ['券商公會', '指出', '萎縮形成惡性循環導致民間不願消費'], ['萎縮', '形成', '惡性循環'], ['萎縮形成惡性循環', '導致', '民間不願消費'], ['民間', '不願', '消費'], ['企業', '減少', '投資'], ['臺灣GDP成長', '只有', '1.26%'], ['臺灣景氣', '未見', '起色'], ['券商公會', '認爲', '朝野凝聚是好的開始'], ['朝野凝聚', '是', '好的開始'], ['有利證券市場', '迴歸', '正常軌道']]"
0,20130529_2291,〈權證〉認購比連3增創1周新高 可成、鴻海多方買盤暴衝在總統馬英九指示證所稅修法要「速戰速決」後，市場信心再度回溫，收盤時上漲74.85點，以8337.9點作收，站回各短中長期均線之上，成交值也略增至798.41億元，權證市場上，市場同步轉趨樂觀，認購額占總市場比重連3增來到88%，創下近1周新高，其中，可成()和鴻海()多方買盤暴衝，認購爆量皆增近達1倍，堪稱是今日大盤轉強的最大亮點。台股今終於衝過8300點關卡，市場信心明顯回穩，其中以蘋果概念股可成和鴻海最受到認購方青睞，認購額皆衝破億元，認購占比分別來到85%和92%，其中可成一舉增加6個百分點，並以超過1.3億元的多方籌碼拉下聯發科，成為新科「認購王」，後市趨勢受到看好。除了蘋果概念相關廠商可望成為下一波盤面主流之一，其他電子權值股買盤並未退燒，宏達電()、聯發科()和聯電()認購額維持在5000萬元的高水位，有提供穩盤的效果。另外，電子股F-TPK()、奇美材()、力成()，以及傳產股勤美()、宏盛()皆出現多方買盤轉趨熱絡的跡象，也是可留意的方向。永豐金證券衍生商品部指出，台北國際電腦展6月初將登場，市場預期觸控筆電與新款Ultrabook將是展場亮點，軸承廠新日興()可望展現旺季效應，新日興近期股價走揚，近5日漲幅逾5%，帶動認購權證成交量大增，近2日成交量皆逾1.4萬張，投資人可觀察連結的認購權證如HH永豐(064406)或大華GI(064081)，與現股連動佳，又可收高槓桿之效。,"[['多方', '買', '盤暴'], ['修法', '速戰速決', '多方買盤暴衝'], ['總市場', '增來到', '88%'], ['爆量', '增', '近1周新高'], ['今', '衝', '8300點關卡'], ['鴻海', '受到', '認購方青睞'], ['認購額', '衝破', '億元'], ['認購', '佔比分別來到', '85%'], ['以', '超過', '1.3億元'], ['後市趨勢', '受到', '看好'], ['相關廠商', '成爲', '盤面主流之一'], ['認購額', '維持在', '高水位'], ['電子股F-TPK', '出現', '買盤轉趨熱絡跡象'], ['買盤', '轉趨', '熱絡'], ['買盤', '轉趨', '熱絡'], ['永豐金證券衍生商品部', '指出', '臺北國際電腦展登場'], ['觸控筆電', '是', '展場亮點'], ['(', '展現', '旺季效應'], ['近5日漲幅', '逾', '1.4萬張'], ['投資人', '觀察', '認購權證']]"
0,20130529_2292,港股富士康逆勢大漲7.7%＋蘋果手錶題材 助攻鴻海上月線！港股今天重挫369點，跌幅達1.6%，但富士康控股()今天卻逆勢大漲，早盤漲幅一度達10%，收盤時漲幅仍達7.7%，讓富士康股價站上近4個月來新高。鴻海()今天受到富士康大漲帶動，加上盤中傳出蘋果執行長庫克，看好「手腕商機」，市場立刻聯想蘋果是否也將推出智慧手錶，盛傳為谷歌代工眼鏡的鴻海，接單呼聲當然最高。儘管外資繼續賣超，但鴻海獲得內資力挺，今天全場都力守紅盤，漲幅達1.69%，再度收復月線！今天外資再砍鴻海達6000多張，雖然外資又一連追殺鴻海5個交易日，再賣超6.3萬張，但本周以來，已見外資對鴻海「手下留情」，賣超已有減緩跡象，今天賣超已縮至6000多張，而內資部分，除了融資一路續挺鴻海外，自營商今天也買超達1700多張。早盤港股富士康大漲，業界傳出的題材為，富士康將於下周與Mozilla結盟，推出採用Firefox OS開放平台的平板電腦與智慧手機等產品，將有助於富士康在非蘋陣營迅速擴大市占率，衝刺業績。而鴻海今天早盤的股價走勢，雖然也穩在盤上，但與富士康亮眼的漲幅相較，仍相對「淡定」，但根據蘋果通路商訊息，蘋果iPhone手機經過首季庫存去化，蘋果iPhone訂單5月起開始稍稍往上，因此法人預估，鴻海業績也可望緩步脫離谷底。另外鴻海在非蘋陣營部分的「搶單」動作，也可望為業績帶來挹注，鴻海開出的5月業績，即有機會較4月再往上。,"[['港股富士康', '大漲', '蘋果手錶題材'], ['港股', '重挫', '369點'], ['跌幅', '達', '1.6%'], ['早盤漲幅一度', '達', '10%'], ['收盤時漲幅', '達', '7.7%'], ['(鴻海', '受到', '大漲帶動'], ['聯想蘋果', '推出', '智慧手錶'], ['外資', '賣', '超'], ['鴻海', '獲得', '內資力挺'], ['漲幅', '達', '1.69%'], ['外資', '砍', '6000多張鴻海達'], ['外資', '追殺', '鴻海'], ['賣超', '見', '減緩跡象'], ['富士康', '推出', '等電腦產品'], ['富士康推出等電腦產品', '採用', 'OS開放平臺'], ['富士康', '擴大', '佔率'], ['股價走勢', '穩在', '盤上'], ['蘋果iPhone訂單', '開始', '往上'], ['法人', '預估', '鴻海業績脫離谷底'], ['鴻海業績', '脫離', '谷底'], ['搶單動作', '帶來', '挹注'], ['5月業績', '即', '有機會往上']]"
0,20130529_2293,經部找日系商喝咖啡 願推特惠經濟部國際貿易局今天（29號）二度找日系商品業者「喝咖啡」，希望業者因應貶值、適度降價。受邀的十九家業者幾乎全數出席，包括化妝品、文具、食品、3C、皮包，對經濟部的要求大多都正面回應，願意配合推出促銷特惠。（戎華儀報導）經濟部國際貿易局二十九號邀集十九家日系商品進口商、通路商和大賣場業者「喝咖啡」座談，受邀業者幾乎全員出席，包括七家化妝品業者和六家通路商，以及文具商、3C、皮包、鞋類、保健食品和酒類等業者都釋出善意，願意提供促銷優惠。國貿局副局長徐大衛：『包括降價、特惠，就是特價、禮券、折價券，還有買一送一、買大送小，或是加量不加價這些方式，甚至有些就是說從日本會進口精美的禮品做為贈品贈送給購買者。』也有業者雖然願意配合政府的降價要求，但同時大吐苦水，表示商品都以美元報價，升值時還吸收匯差、不敢漲價。與會的業者中，兩家業者表示因為進入台灣市場不到一年，成本都還沒回收，表明無法配合。國貿局目前以最近三年內平均交億金額較大的業者做為約談對象，徐大衛表示，六月份還會有第三波找日系品牌業者喝咖啡的行動，初步鎖定車商。（圖：戎華儀攝）,"[['促銷特惠', '受', '邀'], ['化妝品業者', '釋出', '善意'], ['有些', '就是說', '贈送'], ['業者', '願意', '配合降價要求'], ['兩家業者', '表示', '表明配合'], ['平均', '交', '億'], ['國貿局', '做爲', '談對象'], ['徐大衛', '表示', '有第三波找日系品牌業者喝咖啡行動'], ['第三波', '找', '日系品牌業者喝咖啡行動'], ['日系品牌業者', '喝', '咖啡'], ['日系品牌業者', '喝', '咖啡']]"
0,20130529_2294,睽違2年！中華網龍暑假推懸疑武俠鉅作「四大名捕」中華網龍在今年暑假將推出四大名捕同名3D MMO武俠大作。(圖：網龍提供)智冠()旗下中華網龍()今(29)日宣布，今年暑假將隆重推出改編自武俠小說名家「溫瑞安」經典名著《四大名捕》的懸疑武俠鉅獻《四大名捕Online》。公司說明，預定是在今年8月上市。今天形象官網已上線。此為中華網龍在2011年8月以來，暌違2年預定再度推出武俠小說改編的大型客户端3D MMORPG武俠鉅獻《四大名捕Online》備受市場關注。該作預定是在今年8月上市。中華網龍表示，2013暑假將隆重推出改編自武俠小說名家「溫瑞安」的經典名著《四大名捕》的懸疑武俠鉅獻《四大名捕Online》，形象官網今天起也揭秘上線！《四大名捕》為一部融合武俠與推理的創新之作，此次遊戲中的故事主軸將以系列作品中《會京師》系列為主，官方也首度釋出《四大名捕》故事情節裡，懲奸鋤惡「神侯府」中，「無情」、「鐵手」、「追命」和「冷血」等靈魂要角撲朔迷離的身世以及擅長的江湖絕學。依循懸疑詭祕的氣氛以及蹊蹺離奇的線索，玩家將在遊戲中化身辦案高手與名捕同行，隨著劇情任務的迭起變化，展開故事追緝查案的初端！另外《四大名捕Online》預熱活動開跑，官方推出緝捕追兇，全民「讚」出來！活動，時間自5/29至6/26期間，玩家只要前往「四大名捕粉絲團」按讚，就有機會可以獲得《四大名捕－會京師》原著小說一套；就網龍過去在中華英雄、黃易群俠傳問市引發的旋風，此次粉絲團開設以來已獲得了超過1700名粉絲。,"[['四大名捕中華網龍', '推出', 'MMO武俠大作'], ['網龍', '提供', '宣佈推出改編經典名著溫瑞安名家四大名捕》的懸疑武俠鉅獻《四大名捕Online'], ['公司', '說明', '預定'], ['此', '爲', '武俠鉅獻四大名捕Online備受關注'], ['，', '暌違', '預定'], ['武俠鉅獻四大名捕Online', '備受', '關注'], ['該作', '預定', '上市'], ['中華網龍', '表示', '推出經典名著四大名捕》的懸疑武俠鉅獻《四大名捕Online'], ['推出經典名著四大名捕》的懸疑武俠鉅獻《四大名捕Online', '改編', '溫瑞安'], ['形象官網', '揭祕', '上線'], ['四大名捕', '爲', '融合武俠創新作'], ['靈魂', '要', '角撲朔迷離身世'], ['玩家', '中化身', '辦案高手'], ['官方', '推出', '緝捕'], ['玩家', '前往', '有機會']]"
0,20130529_2295,三星推S4無線充電配件，概念股受關注精實新聞 2013-05-29 18:43:07 記者 陳祈儒 報導三星旗艦手機Samsung GALAXY S4上市不到一個月的使用者經驗。 值得留意的是，三星此次用的無線充電技術，是WPC聯盟Qi標準，據悉，國內過去在無線充電模組產品線上只有致伸（4915）一家作成品組裝，主要客戶是諾基亞（Nokia），據悉致伸沒有三星電子的訂單；法人表示，此次三星手機周邊的無線充電產品可能採自製。而在IC方面，凌通（4952）無線充電IC產品已獲得WPC聯盟的Qi認證；外界也期待凌通未來可以進一步傳出爭取到手機大廠訂單。 台灣三星針對GALAXY S4，特別推出兩款無線配件，包括原廠無線充電組以及原廠無線分享器，要讓使用者感受GALAXY S4所帶來的行動智慧生活新優勢。GALAXY S4專屬的無線充電背蓋搭配通過WPC聯盟Qi標準的無線充電器，使用者只要將手機放在充電器上即可隨時進行充電，並隨時拿起接聽電話，不再受制於充電線的干擾。而無線分享器則是利用Wi-Fi Direct技術，將使用者手機畫面流暢且清晰的分享至支援HDMI端子的電視螢幕或顯示器進行播放，讓使用者不再受限於傳輸線的限制，在客廳、房間甚至是會議室都可讓手機顯示內容傳輸至大螢幕進行瀏覽，創造無線的便利。,"[['概念股', '受', '精實新聞'], ['07記者陳祈儒', '報導', 'GALAXY'], ['S4', '上市', '使用者經驗'], ['\xa0', '值得', '留意'], ['值得留意的', '是', '只有'], ['充電技術', '是', 'WPC聯盟Qi標準'], ['主要客戶', '是', '諾基亞Nokia'], ['法人', '表示', '充電產品採自制'], ['充電產品', '採', '自制'], ['充電IC產品', '獲得', 'WPC聯盟Qi認證'], ['外界', '期待', '凌通傳出爭取到手機大廠訂單'], ['凌通', '傳出', '爭取到手機大廠訂單'], ['S4', '推出', '無線配件'], ['充電背蓋', '搭配', 'WPC聯盟Qi標準無線充電器'], ['使用者', '放在', '充電器上'], ['分享器', '利用', 'Direct技術'], ['至', '支援', 'HDMI端子']]"
0,20130529_2296,緯創2011年不繳稅？ 緯創嚴正澄清：可抵稅額攀高所致筆電代工緯創()遭周刊點名，2011年並未繳納所得稅，緯創今(29)日發布重大訊息，嚴正澄清強調，因稅務認可方式與時間點不同，造成2011年繳稅金額減少，當年因被投資公司進行減資彌補虧損，產生可扣抵已實現之投資損失達16億元，使得緯創應繳納稅額減少，僅付了1790萬元，緯創重申，2007至2010年，每年繳納之所得稅額至少在 8 億元以上，2009年當年繳稅金額更達16億元之多，並未如媒體所提之完全沒有繳稅的情況！緯創遭周刊點名，去年並無繳納所得稅；緯創今日發布重大訊息，指出2011年繳納所得稅金額約1790萬元，原因是因被投資公司進行減資彌補虧損，產生可扣抵已實現投資損失16億元，這16億元就讓當年度所需繳納的所得稅金大幅減少。再者，緯創指出，財稅繳納以認定時間為主，2011年財稅暫時性差異未實現損益仍有80億元，該年度暫不課稅，但會在之後實現年度依稅法課稅，也就是說這些金額之後仍會繳給政府；此外2011年也有國內投資收益免稅 5 億元。緯創表示，緯創2007至2011年，所繳納之所得稅分別是8.16億元、 9 億元、16億元、14億元與1790萬元，2011年繳稅金額減少，是因可抵稅額金額攀高，並非如媒體所言不繳稅。,"[[')', '遭', '週刊'], ['代工緯創', '繳納', '所得稅'], ['投資損失', '達', '16億元'], ['繳稅金額', '更達', '16億元多'], ['緯創', '遭', '週刊點名'], ['緯創', '發佈', '重大訊息'], ['這16億元', '就讓', '減少'], ['年度', '所需', '繳納'], ['年度', '所需', '繳納'], ['損益', '有', '80億元'], ['這些金額', '繳給', '政府'], ['緯創', '表示', '至'], ['繳納所得稅', '是', '8.16億元']]"
0,20130529_2297,拓凱上市案過關！首季獲利年增翻倍 今年EPS 7元起跳碳纖維複合材料廠拓凱實業()上市案通過證交所審議會，預計8月掛牌交易。拓凱今年首季獲利1.51億元，年增1.6倍，每股盈餘1.85元，隨著航太醫療相關訂單持續成長帶動下，法人估計今年每股盈餘7元起跳。拓凱旗下設有運動休閒、航太醫療及材料等三大事業群，主要產品包括碳纖維網球拍、碳纖維自行車、複材安全帽、航太複材、醫療器材、碳纖維及樹脂加工等產品。其中運動休閒應用佔營收近7成比重，航太與醫療等高端應用佔營收約2成比重，其他產品與業務則佔約1成，包括碳纖自行車架、高階網球拍架、賽車級安全帽等專業運動用品的市佔率都在25%至35%左右，擁有全球前五大網球拍品牌中的Dnlop、Wilson、Prince、與Babolat訂單，市佔率為全球前3大。拓凱總部設在台中，大陸廈門及美國西雅圖擁有三座生產基地，近幾年積極朝多角化發展，除了運動休閒、航太醫療之外，並全力跨入汽車、3C及風力發電等新產業領域，目前在日本、歐洲等地，設立新技術研發中心；此外航太醫療方面，拓凱生產的產品則有醫學影像診斷設備床板及配件、階梯斜平式無障礙平台及齒模校正器等醫療配件；航空級座椅，早已被AIRBUS集團採用，搭載於A-380廣體客機的商務艙；同時，拓凱也是美國貝爾直升機廠的零件供應商，連美國海軍陸戰隊的眼鏡蛇直升機零件。拓凱去年營收達63.13億元，年增6.15%，稅後淨利4.39億元，年減12.42%，每股盈餘5.51元；今年開始航太醫療訂單持續挹注，激勵營運回升，首季營收達13.61億元，年增2.25%，稅後淨利達1.51億元，年增1.6倍，每股盈餘1.85元，法人估計隨著汽車及航太醫療訂單持續挹注下，法人估計每股盈餘7元起跳。,"[['碳纖維複合材料廠拓凱實業上市案', '通過', '證交所審議會'], ['法人', '估計', '起跳'], ['拓凱旗下', '設有', '等休閒三大事業羣'], ['主要產品', '包括', '等網球拍產品'], ['佔營收', '近', '7成比重'], ['高端應用', '佔', '約'], ['市佔率', '在', '25%左右'], ['市佔率', '爲', '3大'], ['拓凱總部', '設在', '臺中'], ['大陸廈門', '擁有', '三座生產基地'], ['除了', '運動', '休閒'], ['，', '拓凱', '生產'], ['拓凱生產產品', '有', '醫療配件'], ['拓凱', '也是', '零件供應商'], ['年', '增', '6.15%'], ['首季營收', '達', '13.61億元'], ['年', '增', '2.25%'], ['法人', '估計', '起跳']]"
0,20130529_2298,F-眾達今年EPS衝6元！董座：全球最大！營運逐季成長F-眾達董事長陳靖仁(右二)表示公司現為全球最大10G SFP+(加強型小型可熱插拔式)光收發模組主要供應商，公司營運將會逐季成長，法人估計每股盈餘將會上看6元。圖左二為總經理莊敏男。(鉅亨網記者張旭宏攝)F-眾達()董事長陳靖仁表示，公司現為全球最大10G SFP+(加強型小型可熱插拔式)光收發模組主要供應商，供應全球超過20%市場，客戶涵蓋全球一線通信設備與網路雲端服務業者，隨著市場需求持續成長，公司今年營運將會逐季成長，獲利比去年更好，法人估計每股盈餘將會上看6元。陳靖仁指出，公司為國內少數擁有完整垂直整合能力的光收發模組業者，具備從前段TO-CAN、TOSA/ROSA光學次模組封裝，到後段光收發模組組裝、測試及產品量產的能力，累計出貨量已超過700萬顆。陳靖仁強調，在10G光收發模組中，SFP +體積最小且功耗低，符合應用市場的主流需求趨勢，也是公司目前主力產品之一。去年公司出貨10G SFP+ 光收發模組超過220萬顆，較2011年成長達13％，今年4月起10G SFP+ 光收發模組的月出貨量已達25萬顆，與去年第四季20萬顆的月均出貨量相較，成長幅度達25％，預估今年下半年起單月出貨量將突破30萬顆。陳靖仁解釋，10G光收發模組是4G/LTE及資料中心(Data Center)等儲存網路、企業網及骨幹網設備的關鍵元件之一，對於可靠度與穩定性尤其重視，因此單價遠高於應用於接取端網路的E-PON或是G-PON光收發模組；以出貨量最大的10G SFP+ 光收發模組為例，每顆單價最高達350美元以上，已經超過國內NB代工廠組裝一台平板電腦的FOB報價，因此公司毛利居高不下原因。展望下半年，陳靖仁相當樂觀，隨著行動裝置快速普及、行動上網需求爆炸性長，加上使用者對於網路速度升級需求等因素，全球電信業者積極大量地布建4G LTE基地台，且包括Google、HP與IBM等網路雲端服務業者持續擴充頻寬，為滿足雲端服務如個人雲、企業雲急遽擴張及巨量資料處理需求，都帶動Data Center建置需求的快速攀升，加上下半年起將開始出貨40G光收發模組產品，公司營運逐季成長，法人估計今年每股盈餘上看6元。,"[['F衆達', '衝', '6元'], ['右二陳靖仁', '表示', '公司爲'], ['法人', '估計', '看6元'], ['二圖', '爲', '總經理莊敏男'], [')董事長陳靖仁', '表示', '公司爲'], ['全球', '超過', '20%'], ['全球', '超過', '20%'], ['客戶', '涵蓋', '通信設備'], ['法人', '估計', '看6元'], ['陳靖仁', '指出', '公司具備光學次模組封裝'], ['少數', '擁有', '垂直整合能力'], ['公司', '具備', '光學次模組封裝'], ['出貨量', '超過', '700萬顆'], ['陳靖仁', '強調', '最小符合需求趨勢'], ['最小', '符合', '需求趨勢'], ['收發模組', '超過', '220萬顆'], ['出貨量', '達', '25萬顆'], ['成長幅度', '達', '25％'], ['單月出貨量', '突破', '30萬顆'], ['陳靖仁', '解釋', '10G光收發模組是關鍵元件之一'], ['10G光收發模組', '是', '關鍵元件之一'], ['單價高於', '應用於', '接取端網路'], ['每顆單價', '達', '350美元以上'], ['電信業者', '布建', 'LTE基地臺'], ['法人', '估計', '看6元']]"
0,20130529_2299,證所稅修法卡關 民進黨團：馬總統不道歉 一切免談！在民進黨杯葛未出席下，證所稅修法今(29)日朝野協商破裂，民進黨團幹事長潘孟安表示，這種版本的證所稅，民進黨真的修不下去，他更要求「馬總統要先道歉，如果沒有道歉，一切免談。」政府希望盡速推動證所稅修法，國民黨立院黨團也希望力拚在周五(31日)立法院本會期最後一天三讀過關，但今日立法院財委會朝野協商，因民進黨杯葛未出席，且與會的台聯與親民黨代表也拒絕放行下，宣告破局，本周五拚三讀如果未過關，須等6月第一次臨時會召開時再處理。民進黨團表示，行政院推出的經濟振興方案了無新意，其中的證所稅修法，放寬10億大戶的規定，讓民眾覺得非常不公平，該黨團更表示，「這種版本的證所稅，民進黨真的修不下去。」民進黨團幹事長潘孟安更是語氣強硬說，民進黨早就講過，要推證所稅時機不宜，執政黨先是不顧在野黨團意見，後面又執意要再度修法，同樣是國民黨同一批人提出版本，批評此根本是把國會當「橡皮圖章」的做法，民進黨不能接受。他要求『馬總統要先道歉，如果沒有道歉，一切免談。』民進黨團書記長邱議瑩更舉出證所稅不符合公平正義之處，她說，「賣掉10億1千萬的股票，只需要扣1萬塊，但是一般人如果按照『個人所得稅』算法，年收入只要是50萬元以下的單身者，大約就要繳稅約1萬元，天底下有這樣不公平的事情嗎？」,"[['民進黨團幹事長潘孟安', '表示', '他要求'], ['政府', '希望', '推動修法'], ['國民黨立院黨團', '希望', '力拚最後一天三讀過關'], ['力', '拚', '最後一天三讀過關'], ['與會臺聯', '拒絕', '下'], ['民進黨團', '表示', '讓'], ['修法', '放寬', '10億大戶規定'], ['該黨團', '表示', '民進黨修'], ['民進黨團幹事長潘孟安', '說', '民進黨講'], ['執政黨', '顧', '在野黨團意見'], ['同一批人', '提出', '版本'], ['此', '是', '國會當做法'], ['舉出證所稅', '不符合', '公平處'], ['年收入', '是', '50萬元以下單身者'], ['天底下', '有', '不公平事情']]"
