,News,All,SVO
0,20211019_1500,廣明擬斥4.8億元向廣達購置桃園廠辦 作為營運總部大樓代工大廠廣達 () 今 (19) 日公告，董事會通過以 4.8 億元將桃園龜山區文明一街 4 號土地及建物售給子公司廣明()，處分利益估 2.19 億元，但交易對象為子公司，廣達將損益列在資產，因此不影響獲利，廣明也同步公告，購買土地建物將作為未來興建營運總部辦公大樓、研發中心。廣達公告，將處分桃園龜山區不動產，土地面積達約 4219 平方公尺 (約 1276.25 坪)、建物面積則達 4887.01 平方公尺 (約 1478.32 坪)，交易總金額為 4.8 億元，對象是持股 30.22% 的子公司廣明。廣達表示，這次交易對象為合併報表子公司，依國際會計準則公報規定，處分損益將採用權益法投資科目減項認列在資產中，不影響每股純益。廣達進一步指出，該廠辦原採出租方式，但配合廣明營運總部、研發中心興建，已與現有承租人說明並在今年 7 月結束雙方合約。廣達、廣明今董事會皆通過相關議案，廣達補充說明，考量廣明未來將改建原建物，加上須先向主管機關申請核准提升容積率，因此，交易目前還沒有確切的完成時間。,"[['董事會', '給', ')'], ['處分', '估', ' 億元'], ['交易對象', '爲', '子公司'], ['廣達', '列在', '資產'], ['廣明', '公告', '購買土地建物作爲營運總部辦公大樓'], ['購買土地建物', '作爲', '營運總部辦公大樓'], ['土地面積', '達約', '平方公尺'], ['總金額', '爲', '4.8億元'], ['對象', '是', '子公司廣明'], ['廣達', '表示', '交易對象爲報表子公司'], ['交易對象', '爲', '報表子公司'], ['處分損益', '採用', '權益法'], ['廣達', '指出', '配合廣明營運總部'], ['該廠', '辦', '出租方式'], ['廣達廣明今董事會', '通過', '相關議案'], ['廣明', '改建', '原建物'], ['交易', '還沒有', '完成時間']]"
0,20211019_1501,"大盤即將挑戰萬七 電動車、ABF齊發威 專家曝Q4主流族群台股今日開高走高，收 16,900.67 點，成交量 2,653.78 億元，收復月線站上 16900 大關；三大法人合計買超 164.42 億元，其中外資買超 110.90 億元，而投信則是買超 14.92 億，自營商大買 38.58 億元；在期貨未平倉方面，外資在期貨結算日前夕，回補 796 口空單，明日期貨結算日，盤勢預計波動會較大。就技術面來看，由於成交量遲遲無法回升，因此台股短線還是得留意回檔風險。在個股方面，電動車、ABF 載板族群絕對是今日盤面上最耀眼的部分，其中車用二極體方面，五檔中有三檔強勢漲停，分別為強茂 ()、德微 ()、朋程()，而台半()、虹揚() 各自也有 6.08% 以及 3.74% 的漲幅，而在電動車最重要的部分電池方面，今日也是漲勢驚人，聚合 () 早盤強攻漲停，尾盤漲幅收斂上漲 7.96%，康普 ()、美琪瑪() 等，也都分別有 2.09%、1.63% 漲幅。而在 ABF 載板方面，受到外資研究機構 ALETHEIA 出具報告激勵，直指 ABF 需求於 2021～2025 年期間，將大增驚人的 10～15 倍，整體 ABF 產能僅能支應需求一半，並且直接指名欣興（3037-TW）未來幾年 ABF 產能將擴張為三倍、驅動獲利大增四倍，給予撼動市場的 500 元股價預期，盛讚欣興是從 PCB 轉型 ABF 的灰姑娘，激勵 ABF 三雄股價大漲，欣興 () +9.69% 漲停；景碩 () +9.95% 漲停；南電 (+9.34%)。今日除了電動車與 ABF 載板外，IC 封測今日也全面上攻，尤其是與車用 IC 封測相關的個股，在半導體產能依舊吃緊，且晶片荒逐漸緩解的情況下，目前相對低檔的封測族群，預計將會再起一波半導體族群中的比價效應。更多盤中即時資訊請點擊以下連結↓↓↓【理財大亨 YT 頻道】: 【Google 表單】: 【社群網站連結】 : 本公司所推薦分析之個別有價證券無不當之財務利益關係 以往之績效不保證未來獲利投資人應獨立判斷 審慎評估並自負投資風險","[['大盤', '挑戰', '電動車'], ['即將', '挑戰', '電動車'], ['大盤挑戰電動車專家', '曝', 'Q4'], ['外資買', '超', '110.90億元'], ['投信', '是', ' 億買超'], ['外資', '回補', '796口空單'], ['盤勢', '預計', '較大'], ['臺股短線', '留意', '回檔風險'], ['電動車載板族羣', '是', '耀眼部分'], ['五檔中', '有', '三檔漲停'], ['盛讚欣興', '是', '激勵'], ['本公司推薦分析個別有價證券', '無', '財務利益關係'], ['以往績效', '保證', '獲利投資人']]"
0,20211019_1502,新光人壽榮獲2021最佳保險FinTech創新應用獎優質獎因應金融科技浪潮，新光人壽持續升級線上保險服務，由《財訊》雜誌舉辦的「2021 財訊金融獎」於 10 月 14 日舉行頒獎典禮，新光人壽榮獲「最佳保險 FinTech 創新應用獎」優質獎肯定，近兩年已榮獲 17 項以上數位大獎，顯示新光人壽長期致力於透過保險科技來解決「顧客痛點」，提供客戶流暢便利的服務體驗，成功獲得大眾的青睞。近年新光人壽不斷運用保險科技（InsurTech）創新服務價值，結合服務及生活場景提供客戶優質的數位金融體驗。如打開新光 LINE 即可享有查詢保單、找服務人員、線上保單借還款、超商條碼繳費等「一站式創新體驗」的數位服務，更首創 SK 集點引爆用戶完成線上交易，推動數位服務的同時獲取顧客忠誠度。自 2019 年至 2021 年已獲國家品牌玉山獎、數位奇點獎、CSEA 客服卓越大獎、工商時報數位金融獎等殊榮。新光人壽結合原創專屬代言人 Lumia，在官方帳號溝通與導引數位服務，不但貼近用戶的日常，更強化了品牌識別度，是具黏著度與連結性的深度角色，並設計一系列線上數位活動、抽獎、保險商品及知識等，有效維繫顧客數位關係。根據新光人壽內部數據顯示，2021 年使用會員專區、LINE 官方帳號等線上數位交易數量，較去年同期成長 24%，官方帳號好友人數更在 2 年內快速突破 364 萬人。此外，由於民眾居家防疫期間，仍可在線上取得友善便利又快速的保險服務，因此也衝出「網路服務交易量」48% 年成長率 (YoY)、「LINE 服務使用量」373% 年成長率 (YoY)。未來，新光人壽也會因應環境趨勢，持續創新開發多元智能化的數位整合服務，實踐公平待客理念，以滿足客戶全方位保險需求。今年 9 月起，新光人壽再推出壽險業首家保險服務新功能「LINE 通知型訊息」，只要保戶於手機上同意開啟「LINE 通知型訊息」服務，並在自己的 LINE 個人檔案中設定手機號碼，未來保戶申請保險金給付、保單借款之匯款通知及契約內容變更結果，均可透過新光人壽官方帳號推送立即得知，讓顧客感到貼心安全有保障。為鼓勵保戶多使用網路保險服務，即日起，首次綁定新光人壽 LINE 官方帳號的民眾，即可拿 10 點 SK 點數，人人可集點；10 月當月完成電子單據申請、使用保單內容變更，最高可獲得 70 點 SK 點數，民眾可立即至新光人壽官方帳號 1:1 兌換 LINE Points 或 Lumia 週邊商品。,"[['新光人壽', '榮獲', '科技浪潮'], ['新光人壽', '升級', '線上保險服務'], ['2021財訊金融獎', '舉行', '頒獎典禮'], ['新光人壽', '榮獲', '數位大獎'], ['新光人壽', '致力於', '透過保險科技'], ['新光人壽', '運用', '創新服務價值'], ['、', '找', '借超商條碼繳費人員'], ['保單', '借', '超商條碼繳費'], ['SK引爆用戶', '完成', '線上交易'], ['，', '推動', '數位服務'], ['推動數位服務的', '獲取', '顧客忠誠度'], ['新光人壽', '結合', 'Lumia代言人'], ['是深度角色', '具', '黏著度'], ['官方帳號好友人數', '突破', '364萬人'], ['新光人壽', '創新', '數位整合服務'], ['新光人壽', '創新以', '滿足全方位保險需求'], ['新光人壽', '推出', '通知型訊息'], ['保戶', '同意', '開啓通知型訊息服務'], ['人人', '集', '點'], ['民衆', '至', '1']]"
0,20211019_1503,中鋼Q3稅前盈餘267億元 前3季賺619億元同創新高中鋼 () 今 (19) 日公告 9 月自結，稅前盈餘 89.36 億元，月增 3%、年增 19 倍，每股稅前盈餘 0.57 元；第三季稅前盈餘 267.32 億元，季增 21%、年增 80 倍，創單季新高，每股稅前盈餘 1.69 元；累計前三季稅前盈餘 619.33 億元，較去年由負轉正，也創同期新高，每股稅前盈餘 3.93 元。中鋼 9 月營收 419.81 億元，月增 1%、年增 61%；營業利益 82 億元，月減 3%，年增 21 倍；中鋼解釋，9 月鋼鐵銷售單價雖然增加，但單位成本漲幅略高於售價增幅，因此導致營業利益不及 8 月。不過，中鋼 9 月受惠轉投資鐵礦收益較高，貢獻業外獲利，抵銷本業略減的影響，推升單月稅前盈餘成長，並寫下單月次高。中鋼第三季營收 1255.78 億元，季增 9%、年增 64%；營業利益 248.55 億元，季增 20%，較去年同期虧轉盈；營益率 19.8%，季增 1.8 個百分點、較去年同期負轉正。累計中鋼前三季營收 33388.48 億元，年增 49%；營業利益 581.02 億元、營益率 17.1%，均較去年由負轉正。,"[['稅前盈餘267億元', '賺', '619億元'], ['中鋼', '解釋', '導致營業利益不及8月'], ['單位成本漲幅', '高於', '售價增幅'], ['營業利益', '不及', '8月']]"
0,20211019_1504,漢達多發性硬化症新藥 取得美暫時許可藥證漢達 (6620-TE) 今 (19) 日公告，治療多發性硬化症的 505(b)(2)新藥 HND-020、商品名 Tascenso ODT，0.25mg 與 0.5mg 兩種劑量完成美國 FDA 新藥查驗登記審查，並取得暫時許可(Tentative Approval)。漢達董事長劉芳宇表示，Tascenso ODT 是第一個新藥產品，是將原廠諾華製藥 (Novartis)() 旗下藥品 Gilenya 進行改良，透過漢達藥物製劑技術，把原廠的膠囊型藥品，改良成易吞嚥服用、不具苦味且具較佳安定性的口溶速崩劑型。總經理陳俊良指出，Tascenso ODT 有 0.25mg 與 0.5mg 兩種劑量，均獲美國 FDA 暫時許可，由於藥品認證無問題，但尚有相關專利或市場專屬權等爭議，因此 FDA 會先核發暫時許可，等到專利或市場專屬權爭議解決後，藥廠即可跟 FDA 申請換成最終核准 (Final Approval)。其中，漢達開發的 0.5mg 被原廠諾華製藥提出專利訴訟，後續將視訴訟結果，再進行產品上市準備；0.25mg 則沒有被原廠諾華製藥提起訴訟，該藥品專利將於 11 月中旬過期，漢達將會優先開賣 0.25mg 劑型。漢達表示，諾華製藥旗下 Gilenya 去年全球銷售額達 30.03 億美元 (約 838 億元)，其中美國市場銷售額 15.62 億美元、其他市場 14.41 億美元，未來公司將優先布局美國市場，並與相關經銷商合作，初估約可拿下 7% 市場份額。漢達指出，多發性硬化症起因於中樞神經系統發炎及髓鞘受傷，若髓鞘受傷，神經脈衝便無法有效運作，將會引起視力喪失、麻木感、步履不穩、疲倦、怕熱、癱瘓等症狀。尤其漸進型的多發性硬化症患者，症狀會以緩慢的速度逐漸惡化，病患在病程過程中，因口腔和咽喉的神經受損造成吞嚥困難。,"[['，', '治療', '多發性硬化症'], ['0.25mg', '完成', 'FDA新藥查驗審查'], ['漢達董事長劉芳宇', '表示', 'Tascenso ODT是新藥產品'], ['Tascenso ODT', '是', '新藥產品'], ['總經理陳俊良', '指出', '有'], ['藥廠', '申請', '換'], ['漢達開發0.5mg', '提出', '專利訴訟'], ['漢達', '開賣', '0.25mg劑型'], ['漢達', '表示', '全球銷售額Gilenya達838億元億美元'], ['全球銷售額', '達', '838億元億美元'], ['公司', '佈局', '美國市場'], ['漢達', '指出', '引起視力等喪失症狀'], ['病患', '造成', '困難']]"
0,20211019_1505,供給成長大於需求 明年NAND Flash價格恐轉跌據研調機構 TrendForce 調查顯示，明年在供給位元成長速度恐高於需求增幅下，NAND Flash 價格將轉跌，且總產值估僅成長約 7%，可能成為近三年成長率最低的一年。TrendForce 指出，隨著 NAND Flash 採購動能進一步收斂，第四季合約價將轉為小幅下跌 0-5%，終止僅兩季的上漲週期。以目前來看，NAND Flash 供應商對明年擴產規劃似乎有收斂態勢，預估供給位元成長率約 31.8%，需求位元年增幅為 30.8%。在需求成長收斂，且供應商針對高層數產品激烈競爭下，整體 NAND Flash 市場將進入跌價週期。從供給面來看，今年需求大幅成長，推動客戶高速轉進更高層數，供應商供給規劃也增加，年增幅近 40%，由於基期偏高及對明年需求展望較弱，預估明年整體 NAND Flash 供給位元成長僅約 31.8%。需求方面，今年智慧型手機、筆電、伺服器出貨量成長力道表現強勢，也相對墊高今年基期，使明年生產或出貨量要大幅成長難度增加，預估需求位元年增率約 30.8%，低於供給端成長速度。展望今年，因基期墊高，需求成長幅度收斂，TrendForce 認為進入下一輪跌價周期，平均位元銷售單價將下滑逾 18%，抵銷位元出貨成長，使總產值僅成長約 7%。,"[['大於', '需求', '明年NAND'], ['恐轉跌據研調機構TrendForce調查', '顯示', '成爲最低一年'], ['恐', '高於', '需求增幅'], ['恐', '高於', '需求增幅'], ['合約價', '轉爲', '下跌0'], ['NAND Flash供應商', '有', '收斂態勢'], ['NAND Flash市場', '進入', '跌價週期'], ['客戶', '轉進', '高層數'], ['明年整體NAND Flash供給位元成長', '約', '31.8%'], ['TrendForce', '認爲', '進入跌價週期'], ['銷售單價', '下滑逾', '18%']]"
0,20211019_1506,軍公教調薪方向確定 蘇揆：趕在明年元旦前明年基本工資上調 5.21%，每月薪資由 24000 元調升至 25250 元，對於軍公教調薪案何時定案？行政院長蘇貞昌今 (19) 日表示，調薪的方向已經確定，調幅要由委員會審議決定，應該會趕在明年 1 月 1 日前。閣揆蘇貞昌與主計長朱澤民、財政部長蘇建榮等人，今天赴立法院會列席報告明年度中央政府總預算案。立委問及軍公教調薪案，蘇貞昌指出，經濟成果應讓全民共享，勞工基本工資調整，軍公教也是勞苦功高，基本上調薪的方向已確定，但仍要尊重審議委員會及程序，應該會趕在明年元旦前。人事行政總處人事長施能傑進一步說明，委員會已在研議，近期會盡快討論。至於軍公教調薪幅度是否比照基本工資調漲 5%？蘇揆表示，會審酌財政負擔、物價指數等各種情況，調整幅度要尊重審議委員會的決定。若軍公教確定調薪，預算來源為何？朱澤民表示，預算經費將依法定程序，經行政院會通過後，再送到立法院審議。,"[['調薪方向', '確定', '蘇揆'], ['行政院長蘇貞昌', '表示', '確定調薪方向'], ['閣揆蘇貞昌蘇建榮等人', '赴', '會'], ['蘇貞昌', '指出', '尊重審議委員會'], ['軍公教', '也是', '高'], ['人事行政總處人事長施能傑', '說明', '委員會研議'], ['蘇揆', '表示', '審酌各種情況'], ['若軍公教', '確定', '調薪'], ['朱澤民', '表示', '預算經費再送到立法院'], ['預算經費', '再送到', '立法院']]"
0,20211019_1507,NOR Flash價格Q4恐觸頂 美系外資降評華邦電、旺宏先前偏空的美系外資，持續保守看記憶體產業，認為第四季 NOR Flash 價格恐觸頂，隨著供需趨於平衡，明年第一季價格可能轉跌，下調華邦電 ()、旺宏 ()、兆易創新評等，將華邦電與旺宏由「中立」降至「劣於大盤」，兆易創新則降至「中立」。繼先前發布報告認為 NOR Flash 第四季價格可能僅持平後，外資再指出，第四季 NOR Flash 價格僅小幅季增至持平，與先前預期相同，預估隨著供需趨於平衡，價格上漲空間有限，明年第一季價格可能持平至下跌。外資指出，消費性電子產品需求疲軟，將影響 NOR Flash 價格走勢，美國 PC 市場需求轉弱，筆電通路商庫存水位持續墊高，電視需求也更疲弱，特別是在中國市場，今年電視單位出貨量衰退幅度可能達雙位數，且近一個月來，MCU 需求也同步下滑。外資表示，兆易創新近期產能雖不會明顯增加，但其製程由 65 奈米轉進 55 奈米的速度優於預期，隨著 NOR 整體市場需求趨緩，加上兆易創新產出增加，通路端庫存目前約 4-5 周，已較一個月前的 3-4 周小幅增加。美系外資 8 月對記憶體產業開槍，以記憶體寒冬來臨為題，示警投資人 DRAM 景氣浮現反轉訊號，將因此影響價格更強勢的 NOR Flash 行情，記憶體業者相繼高分貝反駁。華邦電董事長焦佑鈞當時第一個出面喊話，除強調產能持續滿載、供不應求，第四季表現也不差。旺宏董事長吳敏求更直言該外資報告完全沒有知識，對其談 DRAM 有不同看法沒意見，但打臉外資 NOR 與 NAND Flash 應用跟 DRAM 完全不同。,"[['降', '評', '華邦電'], ['等)電', '降至', '劣於大盤'], ['兆易創新', '降至', '中立'], ['繼先前發佈報告', '認爲', '外資指出第四季NOR Flash價格增至'], ['外資', '指出', '第四季NOR Flash價格增至'], ['供需', '趨於', '平衡'], ['明年第一季價格', '持平至', '下跌'], ['外資', '指出', '疲軟'], ['衰退幅度', '達', '雙位數'], ['外資', '表示', '轉進 奈米速度優於預期'], ['65奈米', '轉進', ' 奈米'], ['轉進 奈米速度', '優於', '預期'], ['警投資人DRAM景氣', '浮現', '反轉訊號'], ['因此', '影響', '強勢'], ['旺宏董事長吳敏', '求', '直言該外資報告沒有知識'], ['該外資報告', '沒有', '知識'], ['談DRAM', '有', '不同看法']]"
0,20211019_1508,中鼎集團報捷 拿下台泥DAKA再生資源利用中心工程案統包工程承攬商 CTCI 中鼎 () 指出，集團旗下萬鼎公司，以綠色工程力行全球永續，承攬台泥 ()「DAKA 再生資源利用中心新建工程」。中鼎指出，此工程案為全台首例利用水泥窯平均 1300 度高溫協同處理廢棄物，有別於傳統焚化爐，不但無灰渣產生，燃燒轉化的餘熱還能供水泥窯運用減煤減碳，達循環經濟、環保、低碳三贏，是目前最先進的處理技術之一。此一工程案全部完工後，除可有效解決花蓮垃圾問題，更將化身科技廠館，成為結合廢棄物資源循環、環境教育、觀光與文化功能的指標示範場域，促進地方共存共榮。台泥「DAKA 再生資源利用中心新建工程」位於台泥花蓮和平廠，為台泥以獨創跨產業資源利用、零廢棄物、低碳循環經濟示範基地，也為亞洲首座「港電廠三合一」循環經濟園區；本再生資源利用中心案，為台泥在該園區打造「開放生態循環工廠」的計畫項目之一，萬鼎工作範圍包括主建築的土建、鋼結構、帷幕、電機工程等項目。中鼎集團為國內最大自規劃、興建、操作到營運一條龍服務的統包工程承攬廠商，並持續擴大綠色工程技術應用及推動循環經濟，服務範疇涵括：廢棄物處理、水資源再利用、太陽光電、離岸風電等領域。,"[['集團旗下萬鼎公司', '力行', '全球永續'], ['中鼎', '指出', '此工程案利用'], ['高溫', '處理', '廢棄物'], ['一工程案', '化身', '科技廠館'], ['臺泥DAKA 再生資源利用中心新建工程', '位於', '臺泥花蓮和平廠'], ['該園區', '打造', '循環工廠'], ['工作範圍', '包括', '等土建項目'], ['中鼎集團', '承攬', '廠商']]"
0,20211019_1509,基本生活費明年調高1萬元 4口之家至少省稅2000元財政部今 (19) 日公告，今 (110) 年每人基本生活費金額調高 1 萬元至 19.2 萬元，估有 229 萬戶受惠，減稅利益約 146.4 億元，以 4 口之家、5% 稅率計算，明年 5 月申報綜所稅約至少可少繳 2000 元的稅。財政部表示，110 年度每人基本生活所需費用金額，根據納保法第 4 條規定，參照行政院主計總處公布最近一年 (109 年) 每人可支配所得中位數 320265 元，按該中位數之 60% 訂定 110 年度每人基本生活所需的費用金額為 19.2 萬元，較 109 年度之 18.2 萬元，增加 10000 元，是歷年來最大調幅。財政部表示，以 4 口之家為例，相同所得、免稅額、扣除額結構下，110 年度課稅所得將較 109 年度減少 4 萬元，預估受益戶數為 229 萬戶，較 109 年度增加 21 萬戶，減稅利益為 146.44 億元，較 109 年度增加 44.10 億元，民眾可在明年 5 月申報 110 年度綜合所得稅時適用。,"[['至少', '省稅', '2000元'], ['財政部', '表示', '規定'], ['主計總處', '公佈', '中位數320265元'], ['費用金額', '爲', '19.2 萬元'], ['財政部', '表示', '課稅所得減少4萬元'], ['課稅所得', '減少', '4萬元'], ['減稅利益', '爲', '146.44億元'], [' 月', '申報', '綜合所得稅']]"
0,20211019_1510,台股站回16900點 三大法人聯手買超164.42億元 外資連4買台股今 (19) 日由晶圓雙雄、聯發科等電子權值股領軍上攻，一度勁揚逾 200 點，一舉突破月線反壓，ABF、車電、二極體、LED 等題材成為盤面多頭焦點，但金融、傳產普遍翻黑，終場指數上漲 195 點，收在 16900 點，三大法人同站買方，聯手買超 164.42 億元，外資連 4 買。成交值縮至 2653 億元。觀察法人籌碼變動，外資今天加碼買超 110.94 億元，為連 4 買；投信轉為買超 14.92 億元；自營商買超 38.58 億元，三大法人合計買超 164.42 億元。權王台積電股價回神反彈 1.7%，終場站回 600 元關卡；聯電同步上漲逾 2%，終場收 59.6 元；聯發科一度重返 900 元，終場收 898 元，漲幅約 3.6%；大立光、日月光投控、瑞昱、國巨等分別上漲 2-4%。外資看好 ABF 載板需求，紛紛上調三雄目標價，其中，欣興喊出 500 元的股價預期，震撼市場，今天在大量買盤湧入下，欣興股價直奔漲停，站回季線，景碩同步亮燈漲停，改寫歷史新高價，南電放量大漲逾 9%。其他 PCB 方面，定穎、燿華、敬鵬、嘉聯益、高技等也有 2-4% 的漲幅。鴻海科技日一口氣釋出 3 款原型電動車款，主要由鴻華先進開發底盤平台，並整合 MIH 聯盟成員的關鍵零配件及系統解決方案，使得相關概念股成為市場焦點，二極體廠強茂、德微、朋程強勢衝上漲停，台半勁揚逾 6%，其他汽車供應鏈也獲激勵，智伸科、健和興、英利 - KY、凌陽、東陽等，漲勢都相當強勁。新普轉投資的 AES-KY 近來股價漲不停，法人看好下半年電動自行車電池和資料中心備援電池 (BBU) 需求仍強勁，營收可望優於上半年，今天在買盤追捧下，一度大漲逾 6%，衝上 1105 元新天價，終場漲幅略收斂，收 1085 元，仍寫歷史新高。傳產族群普遍回檔，中國第四季水泥價格恐旺季不旺，使得水泥族群今天湧現賣壓，台泥領跌 1.4%，亞泥、環泥等也震盪走弱；塑膠股方面，台塑、台化連袂下挫，亞聚、台聚下挫 1-2%；運輸股漲跌互見，貨櫃三雄表現委靡不振，萬海、陽明下跌逾 1%，遠雄港、長榮航、台船、中櫃則逆勢上漲。,"[['臺股站', '回', '16900點164.42億元'], ['等ABF題材', '反', '多頭焦點'], ['金融', '翻', '16900\xa0點'], ['成交', '縮至', '2653\xa0億元'], ['投信', '轉爲', '買超 14.92\xa0億元'], ['終場', '收', '59.6元'], ['聯發科', '重返', '900元'], ['外資', '看好', '載板需求'], ['欣興', '喊', '股價預期'], ['等定穎', '也有', '2漲幅'], ['鴻海科技日', '釋出', '原型電動車款'], ['臺半勁', '揚逾', '6%'], ['汽車供應鏈', '獲', '激勵'], ['電動自行車電池', '備援', 'BBU電池'], ['資料中心', '備援', 'BBU電池'], ['營收', '可望優於', '上半年'], ['終場漲幅', '收', '元'], ['萬海', '下跌逾', '1%']]"
0,20211019_1511,"00881調整成分股 新增台達電、景碩素有「國民 ETF」美譽的國泰台灣 5G+() 今 (19) 日配合追蹤標的指數─臺灣指數公司特選臺灣上市上櫃 factset 5G + 通訊指數進行成分股調整，跟進新增台達電、景碩，刪除信邦、佳世達，並於 2021 年 10 月 19 日收盤後生效。00881 去年 12 月成立，雖然還未滿一週年，但規模已為台股科技型 ETF 中最大，投資人數亦為台股 ETF 中的第三大，根據臺灣集中保管結算所資料顯示，截至 10/15，受益人數已達 329,916 人，從成立以來成長 545.63%。根據投信投顧公會資料，截至 9 月底，00881 規模也超過 362 億元，顯示 5G、電動車、半導體產業加速發酵的趨勢，廣獲價值型投資人肯定。5G、電動車、半導體不僅是 2021 年投資的主旋律，也是未來十年的產業變革大趨勢，握有關鍵技術的台灣相關概念股無疑受惠最大，而 00881 同時涵蓋半導體國家隊、台灣電動車與次世代通訊技術升級三大面向，而且每半年配息一次，有機會股息價差兩頭賺。而 30 檔成分股涵蓋全球半導體產業的台灣科技龍頭股如：台積電、聯發科、聯電等「護國神山群」之外，還納入鴻海、台達電等「電動車產業鏈」概念股，與配息穩定的電信股如：台灣大、遠傳等，持股多為市值名列前茅的公司，是國內科技市值型 ETF 的代表。國泰台灣 5G + 基金經理人蘇鼎宇表示，新興應用發展將驅動半導體元件的長期需求，半導體晶片缺貨成為全球產業新常態，台灣科技股長期展望仍佳。目前中國的雙限利空多已反映在股價上，後續仍需持續觀望與追蹤中國政策影響。美國在貨幣政策正常化前股市通常波動較劇烈，而實體經濟前景仍穩固，且全球景氣持續復甦下，台灣 9 月出口續創單月新高，年增率達 29%、連 15 紅，在獲利基本面支撐下台股長多趨勢不變，且過往第 4 季漲幅可望勝出其他季，建議可定期定額長期佈局，或在近期短線回檔時，逢低加碼，參與科技業未來漲升契機。","[['國泰成分股', '進行', '成分股調整'], ['投資人數', '爲', 'ETF中第三大'], ['臺灣', '保管', '結算所資料'], ['受益人數', '達', '人'], [' 規模', '超過', '億元'], ['5G', '是', '投資主旋律'], ['00881', '涵蓋', '半導體國家隊'], ['成分股', '涵蓋', '臺灣科技龍頭股'], ['成分股', '涵蓋', '臺灣科技龍頭股'], ['持股', '爲', '名列前茅公司'], ['國泰臺灣 5G + 基金經理人蘇鼎宇', '表示', '新興應用發展驅動長期需求'], ['新興應用發展', '驅動', '長期需求'], ['半導體晶片缺貨', '成爲', '新常態'], ['雙限利空', '反映在', '股價上'], ['年增率', '達', '15紅'], ['第 4季漲幅', '勝出', '其他季']]"
0,20211019_1512,〈台股盤後〉電子股人氣回籠大漲近200點 重回16900點台股今 (19) 日電子三雄重掌多頭大旗，帶領電子股人氣回籠，成交比重攀升至 6 成，指數開高走高，一度漲超過 200 點，最高來到 16916 點，終場上漲 195.21 點或 1.17%，以 16900.67 點作收，攻克月線，成交量 2653 億元。電子權值股方面，台積電尾盤站回 600 元關卡，上漲 1.69%；聯發科最高登至 900 元，終場收在 898 元，上漲 3.57%；聯電開低走高，也有逾 2% 漲幅；台達電、日月光投控、矽力 - KY、環球晶、大立光均收紅，助攻大盤上攻。鴻海科技日推出 3 款原型電動車，不過股價開高震盪走低，終場小跌 0.46%，以 107 元作收；不過電動車概念股走強，二極體廠強茂、德微、朋程衝上漲停；麗清、車王電、元創精密也亮燈；胡連、錩新、廣華 - KY、東陽、健策、同致也拉出逾半根漲停。鴻家軍表現也不俗，光鋐、中揚光、榮創收漲逾 3%，天鈺、臻鼎 - KY、榮炭、鈺緯也有超過 2% 漲幅。美系外資認為，在載板層數、技術持續升級趨勢支持下，價格趨勢可望優於預期，加上 ABF 與 BT 載板需求佳，預期載板三雄獲利可期，激勵欣興、景碩攻上漲停，南電也大漲逾 9%。蘋果舉辦秋季第二次新品發表會，首度推出搭載 Mini LED 面板的 MacBook Pro 筆電，富采為 Mini LED 晶片主要供應商，今日股價也上漲逾 3%，其他供應鏈包括瑞儀、雙鴻、GIS-KY、譜瑞 - KY 等均收漲 1-3%。傳產方面，原物料股持續受到資金青睞，其中，紡織族群受惠抗凍劑原料 EG(乙二醇) 報價勁揚，利差提振放大，東聯大漲近 7%，南紡也有 4.5% 漲幅，中纖上漲逾 2%。法人表示，台股今日股匯齊揚，電子股成交比重回到 6 成以上，推升指數站回月線，不過量能並未明顯擴增，市場追價力道弱，加上全球股市雜音多，能否維繫多頭氣勢，仍待觀望。,"[['電子股人氣回籠大漲', '近', '200點'], ['指數', '開', '195.21點'], ['電尾盤站', '回', '元關卡'], ['聯電', '開低走', '高'], ['聯電開低走高', '也有', '逾漲幅'], ['臺達電', '收', '紅'], ['鴻海科技日', '推出', '原型電動車'], ['股價', '開', '震盪'], ['胡連', '拉出', '漲停'], ['美系外資', '認爲', '可望優於預期'], ['可望', '優於', '預期'], ['蘋果', '舉辦', '第二次新品發表會'], ['股價', '逾', '3%'], ['其他供應鏈', '包括', '等瑞儀收漲'], ['原物料股', '受到', '資金青睞'], ['南紡', '也有', '4.5%漲幅'], ['法人', '表示', '維繫多頭氣勢']]"
0,20211019_1513,電子重掌多頭大旗 台股漲195點收16900點攻克月線美國科技股走高，帶動電子族群回神強彈，台股今 (19) 日在台積電、聯發科等權值股帶動下，一度勁揚逾 200 點，一舉突破月線反壓，ABF、車電、二極體、LED、太陽能等題材成為盤面多頭焦點，終場指數上漲 195.21 點或 1.17%，收在 16900.67 點，成交值 2653.78 億元。觀察主要權值股表現，台積電股價回神反彈 1.7%，終場站回 600 元關卡；聯電同步上漲逾 2%，終場收 59.6 元；聯發科一度重返 900 元，終場收 898 元，漲幅約 3.6%；大立光、日月光投控、瑞昱、矽力 - KY、國巨、友達等分別上漲 2-4%。外資看好 ABF 載板需求，紛紛上調三雄目標價，其中，欣興喊出 500 元的股價預期，震撼市場，今天在大量買盤湧入下，欣興股價直奔漲停，站回季線，景碩同步亮燈漲停，改寫歷史新高價，南電放量大漲逾 9%。其他 PCB 方面，定穎、燿華、敬鵬、嘉聯益、高技等也有 2-4% 的漲幅。鴻海科技日一口氣釋出 3 款原型電動車款，主要由鴻華先進開發底盤平台，並整合 MIH 聯盟成員的關鍵零配件及系統解決方案，使得相關概念股成為市場焦點，二極體廠強茂、德微、朋程 3 檔強勢衝上漲停，台半也勁揚逾 6%，其他汽車供應鏈也獲激勵，智伸科、健和興、英利 - KY、凌陽、東陽等，漲勢都相當強勁。蘋果首度推出搭載 Mini LED 面板的 MacBook Pro 筆電，主要供應商富采在新品出貨升溫帶動下，營運可望大進補，富采今天股價勁揚近 4%，最高來到 73 元，LED 相關族群同步吸引資金進駐，光鼎亮燈漲停，佰鴻、宏齊、鼎元、億光等也在盤上表現。太陽能案場第四季趕工加速建置，加上美國二度制裁中國、中國能耗雙控等影響，太陽能上下游報價持續向上，今天也成為多頭焦點，聯合再生股價大漲逾半根停板，最高來到 25 元，元晶、太極、達能、國碩、中美晶等也表現不俗。,"[['收', '在', '16900.67點'], ['主要權值股', '表現', '臺積電股價回神反彈'], ['終場', '收', '59.6元'], ['聯發科', '重返', '900元'], ['外資', '看好', '載板需求'], ['欣興', '喊', '股價預期'], ['等定穎', '也有', '2漲幅'], ['鴻海科技日', '釋出', '原型電動車款'], ['也', '勁揚逾', '6%'], ['汽車供應鏈', '獲', '激勵'], ['蘋果', '推出', 'Mini面板MacBook筆電'], ['營運', '望', '大進補'], ['LED', '來到', '73元'], ['太陽能案場第四季趕工建置', '加上', '等中國影響']]"
0,20211019_1514,〈盛群新品發表會〉明年晶圓產能將再增5% 接單正向已達70-80%MCU 廠盛群 () 今 (19) 日舉辦 2021 年新品發表會，總經理高國棟表示，客戶需求仍相當強勁，明年整體接單已達 70-80%，晶圓產能也較今年增加 5%，可滿多更多客戶需求。高國棟指出，今年前三季儘管受疫情影響，但整體 IC 產業表現良好，營收 52.55 億元，年增 32.72%，為過去 10 幾年來增長幅度最大的一次，前三季 MCU 出貨量高達 6.73 億顆，年增 13%。展望後市，高國棟認為，今年晶圓價格已經上漲滿多，也陸續反映至客戶端，預期後續晶圓價格將趨穩，盛群自身明年晶圓產能也較今年增加，會再持續爭取。盛群對明年訂單掌握度已達 70-80%，預期外在環境變化不大下，營運仍可符合預期，看好 32 位元、BLDC(直流無刷馬達)、RF(射頻)、安防、健康量測等領域將持續成長。針對現今供應鏈現況，高國棟補充，晶圓產能仍供不應求，盛群庫存也持續見底，若產業發生反轉，也能藉機回補晶圓庫存，將持續觀察通膨、產業結構、中國限電等相關影響。市場方面，盛群明年將持續向海外推廣，重點將著墨在韓國、東南亞、印度及中南亞，也會在歐洲加強據點設置。,"[['總經理高國棟', '表示', '強勁'], ['晶圓產能', '增加', '5%'], ['高國棟', '指出', '良好'], ['MCU三季出貨量', '高達', '6.73億顆'], ['高國棟', '認爲', '晶圓價格上漲'], ['對掌握度', '達', '70-80%'], ['營運', '符合', '預期'], ['高國棟', '補充', '晶圓產能供不應求'], ['產業', '發生', '反轉']]"
0,20211019_1515,工研院助基米建GMP核酸合成廠 明年Q3產能上看千萬劑生技廠基米 (4195-TE) 今 (19) 日與工研院簽訂建構核酸合成 GMP 工廠輔導合約，工研院將協助基米打造 GMP 核酸合成廠，新廠預計明年第三季投產，初期產能約可達 1280 萬劑，未來可擴充至 5000 萬劑。工研院指出，進入後疫情階段，疫苗成為防疫重要物資，從疫苗生產過程中，GMP 核酸製造廠是製程重要一環，此次與基米合作，可望協助業者將廠區提高至 GMP 等級，並開發國產佐劑。基米與工研院合作建置的 GMP 核酸製造廠，預計今年底完工並開始檢驗製程確效，拚明年第三季投產，初期年產能至少 1280 萬劑，可滿足國內疫苗廠的需求。基米總經理江浚錡表示，國內共有 200 多家通過 PIC/S GMP 評鑑的藥廠，不過仍缺乏 GMP 認可的核酸合成廠。新冠肺炎帶動全球疫苗需求大增，國產疫苗以蛋白質次單元類型疫苗為主，現階段尚無業者可自行生產 GMP 等級的核酸佐劑原料，完全仰賴進口以滿足需求，成本負擔重。江浚錡進一步提到，各國紛紛強化疫苗製造能力，其中佐劑為疫苗國產化的關鍵之一，對於次單位疫苗、去活化疫苗等兩種疫苗來說，佐劑不僅可讓疫苗打入人體後更有效果，且需要的劑量更少。江浚錡指出，透過工研院輔導、升級現有技術，發展 GMP 核酸合成產品，是現階段最重要的前進方向，後續還會打造 GMP 多肽合成廠、建構多肽庫，最終發展成 CDMO(委託製造與生產) 工廠。據市場研究公司指出，2020 年全球疫苗佐劑市場規模約 6.6 億美元 (約 180 億元)，預計 2026 年將衝上 14.7 億美元 (約 400 億元)，年複合成長率 (CAGR) 達 13.37%。,"[['上', '看', '千萬劑'], ['初期產能', '可達', '1280萬劑'], ['工研院', '指出', '疫苗成爲重要物資'], ['疫苗', '成爲', '重要物資'], ['核酸製造廠', '是', '一環'], ['基米總經理江浚錡', '表示', '國內共有'], ['PIC/S評鑑藥廠', '缺乏', '合成廠'], ['新冠肺炎', '帶動', '全球疫苗'], ['新冠肺炎', '帶動', '全球疫苗'], ['尚無業者', '生產', '核酸佐劑原料'], ['各國', '強化', '疫苗製造能力'], ['佐劑', '爲', '疫苗國產化關鍵之一'], ['佐劑', '讓', '更有效果'], ['江浚錡', '指出', '輔導現有技術'], ['CDMO', '委託', '製造'], ['(', '委託', '製造']]"
0,20211019_1516,電池原料燙金 美琪瑪、康普獲全球三大單位敲門赴海外設廠電動車電池需求大爆發，各國政府、電池前驅體廠為鞏固供應鏈料源，主動找上上游原料廠，據悉，台廠美琪瑪 ()、康普() 已獲歐美政府、日韓客戶、國際礦商共三大單位上門談合作，盼前往海外設廠，凸顯兩家廠商技術獲認可，並藉此掌握電池關鍵材料，業者透露，海外設廠決定的時程不會太晚。美琪瑪、康普對市場傳言均不評論，僅回應不排除任何合作機會，仍在評估中。根據供應鏈消息指出，美琪瑪、康普均接獲客戶邀約，並分別獲得歐美政府、全球礦商邀請。美琪瑪、康普為台廠少數切入國際大廠的電池材料業者，主要供應硫酸鎳、硫酸鈷等材料給前軀體廠，由於生產配方、技術、品質、成本獲肯定，兩家先前已間接打入特斯拉 ()，未來隨著其他車廠搶進電動車，可望切入更多客戶，等同掌握未來關鍵原料，也吸引各國政府、車廠上門。業界指出，現今不僅是美、中、歐政府與車廠積極搶進動力電池產業，連富有礦產資源的澳洲、東南亞等國家政府，都將自家礦產開發視為戰略資源，期望吸引海外業者前往設廠投資，提升產業附加價值，並在當地建立完整供應鏈、拉抬就業率。不僅公家機關如火如荼布局，民營業者如各大車廠更是加足馬力，積極與日、韓系電池廠建立供應鏈關係、簽訂供貨協議，並向上尋找合作夥伴，如前軀體、電池材料等供應商，目的即是要藉由打群架方式，打造垂直分工的產業鏈，確保在未來電動車市場大開時，可以掌握先機。據悉，正極材料建廠到完工時程約 1 年，加上前置期實地考察、人力規劃等，以及建廠後的人力培養與技術移轉，海外建廠總時程至少耗時 2 年，因此供應鏈業者透露，海外設廠這件事「不會太晚決定」，今、明年歐美政府、車廠等大型客戶就會拍板。高端磷酸系鋰電材料廠立凱 - KY () 日前也證實，今年底前確定策略投資人，屆時隨著資金到位，可望進一步拓展業務，顯現電池供應鏈雛形正逐步成形。由於電池材料是將進口貴金屬，加工成正極材料，最終出貨產品重量會大於進口原料，因此為節省運輸費用，客戶多希望能接近市場直接生產出貨，隨著各大電池廠陸續宣示在美、歐設廠，正極材料業者也可望成為繼台積電 () 後，成為現今赴歐美設廠的台灣產業。,"[[' 康普', '獲', '三大單位'], ['兩家廠商技術', '獲', '認可'], ['業者', '透露', '晚'], ['美琪瑪', '接獲', '客戶邀約'], ['美琪瑪', '爲', '電池材料業者'], ['臺廠少數', '切入', '國際大廠'], ['兩家', '打入', ')(特斯拉'], ['業界', '指出', '等澳洲國家政府視爲戰略資源'], ['美歐政府', '搶進', '電池產業'], ['連', '富有', '礦產資源'], ['等澳洲國家政府', '視爲', '戰略資源'], ['各大車廠', '加', '足馬力'], ['韓系電池廠', '建立', '供應鏈關係'], ['目的', '是', '借打羣架方式'], ['正極材料', '建廠到', '完工'], ['供應鏈業者', '透露', '決定設廠這件事'], ['海外', '設', '廠'], ['電池材料', '是', '進口'], ['出貨產品重量', '大於', '進口原料'], ['客戶', '希望', '接近市場生產'], ['現今', '赴', '設廠']]"
0,20211019_1517,〈焦點股〉外資按讚ABF載板三雄 景碩噴漲停改寫天價外資看好 ABF 載板需求，紛紛上調三雄目標價，其中，欣興喊出 500 元的股價預期，震撼市場，今 (19) 日在大量買盤湧入下，欣興 () 股價直奔漲停，站回季線，景碩 () 同步亮燈漲停，改寫歷史新高價，南電 () 盤中也放量大漲逾 9%。美系外資看好，在英特爾及超微的新 PC、伺服器 CPU 平台需求的驅動下，ABF 及 BT 載板需求將更加強勁，定價可望持續上升至明年上半年，不僅重申對三雄的買入評級，更將南電、景碩目標價分別上調至 666 元、310 元。另一家外資機構看好欣興未來幾年 ABF 產能擴張 3 倍、驅動獲利大增 4 倍，給予超出 3 倍的 500 元股價預期，引發市場熱議，欣興今天獲得資金追捧，股價噴出漲停，達 141.5 元，攀上近 1 個月來高點，盤中逾 6600 張委買高掛。景碩今天同步衝上漲停板，達 237.5 元，改寫新天價，盤中也有逾 6300 張排隊委買；南電也漲逾 9%，最高來到 452 元，午盤成交量能超過 1 萬張。欣興 9 月營收 94.6 億元，月減 1.2%，年增 19.3%，創單月歷史次高；第三季營收 281.45 億元，季增 17.12%，年增 22.16%，改寫單季新高；累計前三季營收達 740 億元，年增 13.3%，續創歷年同期新高。景碩 9 月營收 33.52 億元，改寫新高，月增 1.65%，年增 47.19%；第三季營收 97.68 億元，同寫單季新高，季增 11.95%，年增 42.14%；累計前三季營收達 257.19 億元，年增 31.55%，續創歷年同期新高。南電 9 月合併營收 45.08 億元，月減 4.59%，年增 29.1%，創同期新高；第三季營收 141.13 億元，季增 13%，年增 34.34%，寫單季新高；累計前三季營收 374.54 億元，年增 36.07%。,"[['漲停', '改寫', '漲停'], ['欣興', '喊', '市場'], ['外資機構', '看好', '欣興'], ['驅動獲利', '大增', '4倍'], ['股價', '噴出', '漲停'], ['景碩', '衝', '漲停板'], ['盤中', '也有', '買排隊委'], ['午盤成交量', '超過', '1萬張'], ['年', '增', '31.55%']]"
0,20211019_1518,SEMI估今年矽晶圓出貨量年增13.9% 將一路創高至2024年SEMI(國際半導體產業協會) 今 (19) 日發布年度半導體產業矽晶圓出貨預測報告，預估今年矽晶圓出貨量成長幅度將達 13.9%，逼近 140 億平方英吋，締新猷，且將一路創高至 2024 年。SEMI 看好全球矽晶圓產業前景，預估出貨量一路走強至 2024 年，預期明年出貨量將成長 6.4%、達 148.96 億平方英吋，2023 年、2024 年出貨量將分別成長 4.6%、2.9%，年年改寫新高。SEMI 全球行銷長暨台灣區總裁曹世綸指出，在終端市場推動下，半導體強勁的長期成長需求，帶動矽晶圓出貨量顯著攀升，漲幅又以邏輯、代工與記憶體部門為最大宗，這波成長態勢可望延續好幾年。不過，曹世綸也認為，總體經濟復甦步伐放緩，及晶圓製造產能何時增加以因應不斷成長的需求，都可能為產業市況帶來一定的影響。矽晶圓大廠也相繼對產業後市釋出樂觀展望，環球晶持續與客戶簽長約，長約期間最長已達 8 年，且價格上漲趨勢顯著，若以目前預付貨款來計算，相當於在手訂單金額已超過千億元。除環球晶外，近來包括日本信越 (Shin-Etsu)、日本勝高 (SUMCO) 等矽晶圓大廠，同聲看好產業供不應求情況將延續至 2023 年；勝高也與客戶簽訂 5 年長約，並將斥資約 580 億元在日本蓋新廠擴產。,"[['SEMI', '估', '量年增'], ['成長幅度', '達', '13.9%'], ['140逼近', '締', '新猷'], ['年出貨量', '成長', '4.6%'], ['全球行銷長曹世綸', '指出', '漲幅帶動爲最大宗'], ['漲幅', '帶動', '爲最大宗'], ['曹世綸', '認爲', '總體經濟復甦步伐放緩帶來一定影響'], ['晶圓製造產能', '增加', '需求'], ['晶圓製造產能', '增加因', '成長'], ['總體經濟復甦步伐放緩', '帶來', '一定影響'], ['大廠晶圓', '釋出', '樂觀展望'], ['約期間', '達', '8年'], ['手訂單金額', '超過', '千億元'], ['供不應求情況', '延續至', '2023年'], ['勝高', '簽訂', '5年長約']]"
0,20211019_1519,華南金控入選《富比士》2021全球最佳雇主《富比士》日前公佈 2021 年度全球最佳企業雇主榜單，今年的最佳企業雇主由韓國三星電子奪得榜首，微軟、蘋果、亞馬遜等全球知名企業亦名列前茅，臺灣 9 家公司上榜，華南金控 () 是台灣唯一擠身全球最佳雇主之列的金融行業。《富比士》與市場研究公司 Statista 合作，訪問全球 58 個國家與 15 萬員工，以員工認同、職涯發展、企業形象、內部性別平等及公司競爭力等面向進行評比，挑選出全球 750 間公司。特別在新冠肺炎疫情肆虐下，針對疫情的因應與照顧員工的政策，對最佳雇主的排名更形重要。作為華南金控最主要子公司的華南銀行，在防疫期間為帶領員工面對疫情，除提撥每位員工 3000 元的津貼採購防疫物資，更為所有國內員工投保防疫險及疫苗險。近年來亦大幅提高結婚、生育補助及子女奬助金等多項福利，並定期舉行全行員工健康檢查、親子家庭日與社團活動，全力提供員工完善的工作環境及福利；在薪資與職涯發展部份，員工年薪平均可達 18 個月以上，具備專業能力且金融證照齊備的員工，不分年資皆有升等及調薪的機會，表現出色的員工更有機會「五年升任主管」。華南銀行為吸引人才，留住人才，揭櫫以提供具市場競爭力的薪資福利條件，對具發展潛力之員工實施計劃性培育，及為員工擘劃職涯願景等面向，鼓勵主動、積極的年輕人加入華南銀行共同奮鬥發展。受疫情影響，許多公司暫緩徵才措施，惟華南銀行並未放慢腳步，在遵循防疫規範的前提下，今 (110) 年至今已辦理多場招募甄試，除即將於本月 20 日報名截止的儲備菁英人才甄選外，12 月即將展開大型徵才活動，請密切注意台灣金融研訓院的招募訊息。華南金控除入選全球最佳雇主，也連續多年經台灣指數股份有限公司納入「台灣高薪 100 指數」及「台灣就業 99 指數」之成分股，子公司華南銀行也曾榮獲勞動部「國家職業安全衛生獎」、國家品質獎「永續發展典範獎」及台灣企業永續獎「企業卓越案例－性別平等獎」等殊榮，未來華南金融集團仍將持續提供良好的職涯發展環境，營造更全面的幸福職場。,"[['華南金控', '入選', '企業僱主榜單'], ['知名企業', '奪得', '榜首'], ['富比士合作', '訪問', '個國家'], ['，', '針對', '疫情'], ['除', '提撥', ' 元員工'], ['員工年薪', '可達', '個月以上'], ['，', '具備', '專業能力'], ['具備專業能力員工', '分', '年資'], ['以', '提供具', '市場競爭力'], ['對', '具', '發展潛力'], ['揭櫫', '實施', '計劃性培育'], ['許多公司', '暫緩', '徵才措施'], ['華南銀行', '放慢', '腳步'], ['在', '遵循', '防疫規範'], ['的', '儲備', '菁英人才甄選'], ['除', '入選', '全球'], ['華南金控', '納入', '100指數成分股'], ['子公司華南銀行', '榮獲', '殊榮'], ['華南金融集團', '提供', '發展環境']]"
0,20211019_1520,美最大客戶衝市占 松瑞藥急擴1.5倍產能 成最大供應商原料藥廠松瑞藥 () 旗下抗生素厄他培南 (Ertapenem) 客戶，為衝刺提升美國市占率，今年擴增 2 倍產能仍供不應求，加上美國醫院集體採購機構 (GPO) 明年訂單陸續開出，松瑞藥預計，總產能將提升至 5 噸，增幅達 1.5 倍，將成該客戶的全球最大供應商。松瑞藥主要產品線為厄他培南 (Ertapenem) 與美洛培南 (Meropenem)，兩項針劑產品在美國市占率皆達雙位數，總經理陳勇發表示，由於厄他培南屬於凍晶乾粉針劑，技術門檻高、競爭對手相對較少。松瑞藥厄他培南針劑出貨給美國客戶，該客戶在美國的市占率至少 30% ，且持續攀升，陳勇發說，美國客戶拉貨動能非常強勁，儘管今年已擴增近 2 倍產能，年產能 2 噸仍無法滿足客戶需求。美國口服藥物以藥局為主要銷售通路，不過針劑產品則必須取得下游醫院集體採購機構 (GPO) 訂單，針劑產品才有機會被醫院大量採購。由於 GPO 體系定期會釋出一次性大批訂單，後續依照客戶需求分批出貨，松瑞藥自今年打入 GPO 體系後，可取得長期穩定供貨訂單。陳勇發指出，明年 GPO 訂單已陸續開出，美國客戶為拿下最大訂單量，要求再擴大產能，加上加拿大、歐洲等國家藥證進入審查階段，明年產品營收貢獻將優於今年。松瑞藥厄他培南針劑今年營收比重超過 6 成，預計明年厄他培南針劑年產能以倍數跳增至 4-5 噸，除推升明年全年營收、獲利至少年增 1 成外，可滿足全球 40% 需求，並躍升最大供應商、市占第一。松瑞藥 9 月營收 1.35 億元，月增 10.17%、年減 15.24%；第三季營收 3.79 億元，季減 27.6%、年減 11.6%；前三季營收 14.09 億元，年增 11.77%。,"[['最大客戶', '衝市佔', '松瑞藥1.5倍擴產能'], ['總產能', '提升至', '5噸'], ['增幅', '達', '1.5倍'], ['主要產品線', '爲', ' (Ertapenem'], ['在佔率', '達', '雙位數'], ['厄他培南', '屬於', '凍晶乾粉針劑'], ['厄他培南針劑', '出貨給', '美國客戶'], ['美國客戶', '拉', '貨'], ['口服藥物', '銷售', '通路'], ['針劑產品', '取得', '有機會'], ['GPO體系', '釋出', '大批訂單'], ['松瑞藥', '打入', 'GPO體系'], ['陳勇發', '指出', 'GPO訂單開出'], ['美國客戶', '爲', '拿下訂單量'], ['產品營收貢獻', '優於', '今年'], ['今年營收比重', '超過', '成'], ['市', '佔', '第一']]"
0,20211019_1521,〈台股盤中〉電子股人氣回籠大漲200點 盤勢可望持續反彈台股今 (19) 日受惠電子股人氣回籠、航運股走勢趨穩， 由 CCL、ABF 族群領軍上攻，加權股價指數早盤一度大漲超過 200 點，市場專家認為，以技術指標來看，台股反彈尚未結束，可望進一步挑戰季線及半年線。台股今天開高走高，早盤以 16791.12 點開出，最高攻抵 16912.24 點，最低 16772.15 點，預估市場全場成交值為 2677 億元。國泰證期顧問處協理簡伯儀說，台股今天反彈站上月線，可望持續挑戰季線及半年線，今日人氣指標在車用電子及 ABF 相關個股，包含南電 ()、欣興 () 及景碩 () 等走勢皆強勢 。至於貨櫃航運三雄長榮 ()、陽明 () 及萬海 () ，中場過後也展開急拉向上的格局，讓大盤穩定攻堅。今天 大盤電子股成交比重達 63.26%，證券分析師張陳浩指出，台積電 () 第三季獲利狀況佳、第四季展望良好帶動下，股價技術線型完成了第二隻腳，股價走穩後，為大盤帶來漲升信心， 此外，包括蘋果發表新產品及鴻海 () 發表新電動車，都有助投資人信心增強。 證券分析師黃漢成說，雖然大盤目前仍以反彈視之，但是從技術指標而言，台股可望持續有向上反彈的空間。,"[['盤勢可望反彈臺股', '回籠大漲', '受惠電子股人氣回籠'], ['盤勢', '可望', '反彈'], ['盤勢', '可望', '反彈'], ['攻', '抵', '16912.24點'], ['成交值', '爲', '2677億元'], ['協理簡伯儀', '說', '可望挑戰季線'], ['人氣指標', '相關', '個股'], ['成交比重', '達', '63.26%'], ['股價技術', '完成', '第二隻腳'], ['蘋果', '發表', '新產品'], ['鴻海)', '發表', '新電動車'], ['包括蘋果發表新產品', '有助', '投資人信心增強'], ['\xa0證券分析師黃漢成', '說', '臺股有反彈空間'], ['臺股', '有', '反彈空間']]"
0,20211019_1522,蘋果推兩款搭載Mini LED面板筆電 富采大啖蘋單營運吃補蘋果周一凌晨舉行的秋季發表會，首度推出搭載 Mini LED 面板的 MacBook Pro 筆電，也是繼 iPad Pro 後，今年第二個導入 Mini LED 面板的產品線；富采 () 為 Mini LED 晶片主要供應商，隨著新品出貨升溫，營運也將大進補。蘋果此次發表會，如預期推出搭載 Liquid Retina XDR 顯示器與 Mini LED 技術的 MacBook Pro 筆電，包括 14 吋與 16 吋版本，除邊框收窄，厚度也薄 24%，全螢幕持續亮度最高達 1000 尼特，並搭載最新的 M1 Pro 與 M1 Max 晶片，處理器效能與速度大幅提升。美系外資認為，新款 MacBook Pro 大部分新功能與規格均符合預期，但推出搭載更高效能的晶片、價格也更具吸引力，若消費者反應良好，有助推升相關供應鏈出貨動能。蘋果第五代 12.9 吋 iPad Pro 首度導入 Mini LED 面板，每台採用超過 1 萬顆 Mini LED，隨著 iPad 拉貨動能升溫，富采第二季以來營收逐月創高，單季營運轉盈，上半年也同步轉正，EPS 為 0.65 元。在蘋單挹注下，富采第三季營收首度衝破百億元大關，隨著新品 MacBook Pro 放量出貨，採用的 Mini LED 顆粒數也將較 iPad Pro 產品大幅增加，產品毛利也大幅優於傳統 LED 晶粒，將顯著推升富采獲利動能。富采表示，目前大客戶拉貨進度均維持先前預期。因應客戶需求，富采計畫第四季到明年首季，擴充 2 成 Mini LED 產能，明年透過移轉中國 LED 產能，全年目標擴產幅度上看 5 成。,"[['蘋單營運', '喫', '蘋果舉行秋季發表會'], ['第二個', '導入', 'Mini面板'], ['富採 ', '爲', '主要供應商'], ['預期', '推出', 'Liquid RetinaXDR顯示器'], ['推出Liquid RetinaXDR顯示器筆電', '包括', '14吋'], ['美系外資', '認爲', '搭載更高效能晶片更具吸引力'], ['大部分新功能', '符合', '預期'], ['推出', '搭載', '更高效能'], ['搭載更高效能晶片', '更具', '吸引力'], ['每臺', '採用', '超過 1 萬顆 Mini LED'], ['EPS ', '爲', '0.65元'], ['採第三季營收', '衝破', '百億元大關'], ['產品毛利', '優於', '傳統LED晶粒'], ['富採', '表示', '大客戶拉貨進度維持先前預期'], ['大客戶', '拉', '貨'], ['大客戶', '拉', '貨'], ['大客戶拉貨進度', '維持', '先前預期']]"
0,20211019_1523,【龍哥講股教室】載板引領風騷 電池股電力強勁昨天台股遇到月線反壓震盪整理，市場投資朋友又變得很恐慌，但是龍哥還是跟大家強調，台股站上 16771 點完成底部型態，簡單計算等幅空間為 17214 點，只要台股沒有跌破第二隻腳 16328 點，都能夠維持多方趨勢。之前台股震盪，龍哥請大家要關注半導體產業供應鏈，因為半導體的營收和獲利都還是會非常好，關注晶圓代工，第三代半導體，載板和 IC 設計，第三代半導體就不用說了，漢磊 () 就是指標股帶動特用化學持續強勢，半導體指標看台積電 ()，聯電 ()，還有載板的景碩 ()，今天景碩創高，一路驗證，簡單講就是在產業趨勢向上的產業中尋找投資機會，電動車也是未來的產業趨勢，大家要多做功課。盤勢震盪，股票真的不好操作，這時候可以利用期貨和選擇權增加績效，台股回測，期貨空單簡單獲利 + 13 萬多，然後開始波段多單的旅程，又是簡單的獲利，完全不需要自己判斷，現在是大數據的時代，讓電腦來執行策略，去除人性更能穩定獲利，歡迎大家一起來追求長期穩定獲利。塑化和化學材料：塑化族群內資金輪動，從 EVA 和 PVC 轉到 EG 和油價概念股，但是操作塑化一定不能追高，都以拉回佈局為主，塑化報價和油價還是看漲，所以台塑 ()，台聚 () 和亞聚 () 以及華夏 () 都能受惠。 第三代半導體是未來趨勢，化學材料資金追捧，還是強勢股，持續看永光 ()，中華化 ()，光洋科 ()，不過化學材料屬於題材性，實質上的獲利沒那麼快，操作上要偏短線一點，簡單講就是拉回急跌買，有獲利要分批賣出放口袋。航運：航運基本面沒有問題，現在問題在於技術面與籌碼面，貨櫃三雄長榮 ()，萬海 ()，陽明 ()，破低點，技術面持續為空方趨勢，要重新等待止跌，想要了解更詳細的操作，建議看龍哥節目會更了解 ()。電子：新唐 ()，MCU 產業面還是供不應求，股價過頸線壓力 139 元的話，才會有波段空間，最近外資有趁機撿便宜，大家每天可以鎖定龍哥的節目 ()。，會有詳細的分析。龍哥 5 次操作新唐，領先市場提早佈局，簡單享受獲利，累積獲利 + 200%，這是賺兩倍的概念，100 萬就變成 300 萬，夠漂亮吧。龍哥一直說，下半年看半導體概念，從先進製程中找到載板，從成熟製程中找到驅動 IC 和二極體。ABF 載板，今年的需求甚至到明年的訂單都沒什麼問題，指標股景碩創高之後，帶動南電 () 和欣興 () 也強勢攻擊，持續留意。驅動 IC 和二極體的股價經歷兩三個月的回測整理，籌碼乾淨，從營收和獲利來看，今年到明年的訂單狀況以及獲利都還是會很好，觀察天鈺 () 和敦泰 ()；車用二極體隨著電動車的銷量成長，產業需求非常強勁，供不應求，強茂 () 和台半 () 都已經打底完成，投信開始佈局。晶圓代工訂單滿，誰下單給晶圓代工？答案就是 IC 設計，基本上到年底的需求還是很滿，主流股地位不變，很多 IC 設計股都被錯殺，注意高速傳輸 IC 和矽智財 IP。晶焱 ()，龍哥從 160 元左右開始推薦，直接大公開要搶錢，後面大漲到 220 元以上，跟著操作簡單就可以大獲利；晶焱 9 月營收年增 17%，第三季營收歷史新高，結果利多被出貨，反而提供了再次佈局的機會，投信籌碼穩定，跟著龍哥走，避開風險，簡單獲利。接下來多注意高速傳輸 IC 和矽智財 IP，未來什麼東西都要高速，像手機網路速度從 3G 到 4G 再到 5G，傳輸速度要從 USB2.0 到 USB3.0 再到 USB4.0，今年就是高速元年，一定要關注，像創惟 ()，威鋒電子 ()，譜瑞 ()。矽智財 IP 的部分，後面很多公司的授權金都會越收越多，毛利率又高，獲利成長空間大，看看龍哥的矽智財之王－世芯 ()，大盤在整理，但是世芯股價創高，股價從 550 元漲到 958 元，大漲 74%，跟著龍哥領先市場佈局，就可以簡單享受獲利；其餘像創意 ()，力旺 ()，M31()，智原 () 連續漲停，愛普 ()，都可以持續關注。車用：電動車是未來的趨勢，商機非常大，所以車用相關都要長期關注，例如，電動車的心臟－電池，電動車沒有電池還叫電動車嗎？電動車銷量成長，趨勢向上的話，電池的銷量一定往上走，獲利就會很好。電池就是未來的主流，正極材料美琪瑪 () 的 9 月營收年增 162%，說明電池真的供不應求，股價站回月線，還可以注意正極材料康普 () 和電解液大廠聚和 ()。其餘像導線架，連接線，CIS 感測相關都可以關注，例如，順德 ()，健和興 ()，同欣電 ()。搶錢計畫持續搶錢，錯過前面的世芯，智原，晶焱就算了，龍哥開始佈局沈默的羔羊，股價已經腰斬，但是第三季營收獲利會跟台積電一樣讓市場嚇死，股價就不會再沈默，不要再錯過搶錢的機會。《獲得更多「獨家」盤中資訊》【FB 粉專】【Line ID：@lung1688】【Telegram】【Instagram】留言跟龍哥互動：TG：LINE：FB：【龍哥 Youtube】本公司所推薦分析之個別有價證券無不當之財務利益關係 以往之績效不保證未來獲利投資人應獨立判斷 審慎評估並自負投資風險,"[['龍哥', '講', '載板引領風騷'], ['投資朋友', '變得', '恐慌'], ['龍哥', '強調', '臺股站上16771點完成底部型態'], ['臺股站上16771點', '完成', '底部型態'], ['幅空間', '爲', '17214點'], ['臺股', '跌破', '第二隻腳16328點'], ['漢磊', '用說', '強勢'], ['電動車', '也是', '產業趨勢'], ['大家', '做', '功課'], ['大家', '追求', '獲利'], ['第三代半導體', '是', '未來趨勢'], ['化學材料', '屬於', '題材性'], ['現在問題', '在於', '技術面'], ['技術面', '爲', '空方趨勢'], ['最近外資', '有', '撿便宜'], ['大家', '鎖定', '龍哥節目'], ['這', '是', '兩倍概念'], [' 萬', '變成', '300 萬'], ['龍哥', '說', '找到載板'], ['今年需求', '沒', '什麼問題'], ['投信', '開始', '佈局'], ['答案', '就是', 'IC設計'], ['龍哥', '開始', '推薦'], ['傳輸速度', '到', '4.0USB'], ['今年', '就是', '高速元年'], ['其餘', '像', '創意'], ['電動車', '是', '未來趨勢'], ['電動車心臟', '叫', '電動車'], ['電池', '就是', '未來主流'], ['營收年增', '說明', '電池供不應求'], ['龍哥', '開始', '沉默羔羊'], ['本公司推薦分析個別有價證券', '無', '財務利益關係'], ['以往績效', '保證', '獲利投資人']]"
0,20211019_1524,鼎固6.6億美元聯貸案簽約 創今年地產業之最由星展集團及台北富邦銀行統籌主辦鼎固 - KY() 旗下富樂國際有限公司（以下簡稱富樂國際）6.6 億美元聯貸案，於 10 月 18 日完成簽約，本案由北富銀擔任額度及擔保品管理銀行。鼎固此一聯貸案資金，將用於支應富樂國際償還既有金融借款及充實營運週轉金，獲得 20 家銀行踴躍參貸，超額認購率達 1.75 倍，為 2021 年不動產開發商在台募集規模最大美元聯貸案。 鼎固在 2001 年即赴大陸投資成立北京鼎固房地產開發，隨後陸續於上海、重慶等地深耕發展，營運穩健，並於 2012 年 12 月成功回台上市，目前為台灣營建業中資本額最大的公司，也是台灣第一家主營大陸房地產回台上市公司。鼎固擁有穩健的財務結構，2020 年剔除預收款後的資產負債率 53 %、淨負債率 77% 及現金短債比 1.89 倍，並嚴守專注本業的經營策略，持續創造穩定成長，帶動本次銀行團踴躍參與聯貸的熱潮，也顯示市場看好鼎固發展前景。北富銀執行副總經理莊慧玫表示，北富銀長期深耕聯貸市場，從債權結構、預設利率到資金回流節點設置，為企業及參貸銀行規劃創新完善的融資方案。 星展銀行（台灣）總經理林鑫川表示，鼎固是星展集團長期合作的重要夥伴，具有豐沛產業資源、卓越經營團隊及穩健之財務結構，能適時應對外在環境變化，充分掌握市場脈動。期待鼎固未來能開展更多不動產市場相關計畫，再創營運佳績。 富樂國際則為鼎固於香港設立的轉投資公司，旗下開發項目包括黃浦日月光中心與上海嘉定造鎮項目，前者是由大型高檔餐飲及購物中心的「日月光中心廣場」與結合甲級辦公樓及服務式公寓所組成的綜合體商業地標；後者為鼎固在上海的第二個旗艦項目，嘉定造鎮計畫圍繞上海地鐵「嘉定北站」為中心，採軌道式經濟地產開發，打造結合商辦大樓、商場、住宅、酒店等為一體的複合式建案，建設完成後，可望帶動周遭商業活動與地產價值。 除此之外，鼎固今 (2021) 年宣布首次回台進行住宅開發案，並與宏璟建設 () 共同取得台中 14 期市地重劃區土地，面積約 5000 坪，藉由產業大廠於大台中的群聚效益，激發就業增多的住宅需求。鼎固未來也將透過在台灣不動產項目，加深在台灣的投資佈局，與星展集團、北富銀等優質銀行攜手開創共好新猷。,"[['由星展集團', '統籌', '6.6 億美元聯貸案'], ['以下', '簡稱', '富樂國際'], ['本案', '擔任', '擔保品管理銀行'], ['鼎固此一聯貸案資金', '用於', '支應富樂國際'], [' 年', '剔除', '預收款'], ['市場', '看好', '發展前景'], ['執行副總經理莊慧玫', '表示', '設置'], ['鼎固', '是', '重要夥伴'], ['\xa0富樂國際', '爲', '鼎固'], ['開發項目', '包括', '黃浦日月光中心'], ['前者', '是', '商業地標'], ['後者', '爲', '旗艦項目'], ['嘉定造鎮計劃', '圍繞', '上海地鐵嘉定北站'], ['等大樓', '爲', '一體'], ['等', '爲', '一體'], [')', '取得', '14中期市地重劃區土地']]"
0,20211019_1525,遭駭客攻擊 宏碁：不影響財務業務外媒報導，品牌大廠宏碁 () 近一周內印度、台灣伺服器分別遭到駭客攻擊，對此，宏碁今 (19) 日證實相關消息，也已通報當地執法機關、有關政府單位，並強調此事件沒有造成營運中斷，也對財務業務無重大影響。宏碁表示，近期偵測到一起針對印度售後服務系統的攻擊，該組織後續更針對台灣系統發動攻擊，公司在偵測到異常後已立即啟動資安應變程序，該事件所攻擊的台灣系統並未涉及客戶資訊。由於宏碁今年 3 月才遭 REvil 病毒團體勒索攻擊，並要求支付高達 5000 萬美元 (約 14.2 億元) 贖金，這次再傳遭駭客攻擊，再度引發各界關注。面對近年駭客事件頻傳，宏碁日前表示，公司偵測到病毒攻擊後，會立刻斷開系統、網路，將受災影響程度降至最低，也強調駭客入侵事件並非 0 跟 1，而是 1 到 10，有不同程度的差別，將持續有白駭客資安演練，認為企業無法完全避免資安威脅。,"[[' 近一週內印度', '遭到', '駭客攻擊'], [' 日證', '通報', '執法機關'], ['此事件', '造成', '營運中斷'], ['宏碁', '表示', '偵測針對攻擊'], ['公司', '發動', '啓動資安應變程序'], ['臺灣系統', '涉及', '客戶資訊'], ['宏碁', '遭', 'REvil 病毒團體勒索攻擊'], ['宏碁', '表示', '有不同程度差別'], ['公司', '斷開', '系統'], ['駭客', '入侵', '事件'], ['企業', '避免', '資安威脅']]"
0,20211019_1526,國產攜手加拿大商導入碳礦化技術混凝土大廠國產 () 今 (19) 日宣布與 CarbonCure Technologies Inc. 戰略合作，導入全台首創碳礦化的混凝土創新技術，初期將在汐止廠與台南廠推動，預計 2 年內將擴大至 21 座廠區。國產表示，CarbonCure 以化學方式，將從工業排放物捕獲的二氧化碳，轉化為奈米礦物質，並永久嵌入混凝土中，不僅提高混凝土的抗壓強度，使混凝土生產商能夠提高製造效率，也減少混凝土的碳足跡，共同倡議綠色混凝土科技。目前國產全台有 28 座廠區，預計 2 年內會將 CarbonCure 碳礦化技術，推動到全台 28 座廠區中的 21 座，屆時每年將可回收可觀的二氧化碳，而透過這項合作國產也成為 CarbonCure 進入東亞市場的重要合作伙伴。國產表示，預估與 CarbonCure Technologies Inc. 的合作，每一立方米的混凝土可望減碳達 17 公斤。不僅解決全球日益嚴重的碳足跡課題，也可為混凝土生產商和建築業帶來可持續性的獲利、以及建築項目中的開發商帶來如建構綠建築所獲得的獎勵等效益。此外，國產所研發的綠混凝土成為全台第一家獲得內政部認證的廠商，研發的透水等 9 大高端混凝土，也不斷的應用在象徵海綿城市的透水混凝土步道；大溯源管理建構的國產安心建材履歷，也獲得整個營建產業響應，建築新案已經快突破 2000 案，在整體新建案中占比達 20%。,"[['攜手加拿大商', '導入', '國產大廠'], ['國產', '表示', 'CarbonCure轉化'], ['國產全臺', '有', '座廠區'], ['透過合作國產', '成爲', '合作伙伴'], ['國產', '表示', '預估'], ['建築業', '帶來', '可持續性'], ['綠混凝土', '成爲', '獲得內政部認證廠商'], ['第一家', '獲得', '內政部認證'], ['在', '象徵', '海綿城市'], ['國產安心建材履歷', '獲得', '營建產業響應'], ['建築新案', '突破', '2000案']]"
0,20211019_1527,"權證投資人一定要了解的外資投信買超個股標的TOP510/18（一）台股早盤一度來到 16,862.03 點，然而受到航運股下挫拖累，接近尾盤時跌至 16,695.89 點，指數高低震盪超過 160 點，終場則以 16,705.46 點作收。合併觀察 18 日的外資及投信買超個股，長榮 ()、中鋼 ()、創惟 ()、聯發科 ()、開發金 () 等標的皆受到資金青睞。其中，蘋果在台灣時間 19 日凌晨舉行第二次秋季發表會，高速傳輸 IC 大廠－創惟一直以 USB 控制 IC 獲得蘋果供應鏈的大筆訂單，投資人若看好創惟有望因這次發布的新款 Macbook Pro 受惠，可選擇剩餘天期長且價內 5%~ 價外 20% 的認購權證－創惟群益 11 購 01(722522) 提前進行布局。了解更多權證資訊","[['股早盤', '來到', '16862.03點'], ['高低震盪', '超過', '160點'], ['標的', '受到', '資金青睞'], ['蘋果', '舉行', '秋季發表會'], ['IC大廠', '創惟', '大筆訂單'], ['認購權證', '進行', '佈局']]"
0,20211019_1528,"工研院攜手基龍米克斯 打造疫苗核酸佐劑GMP廠 建立疫苗原料自主供應鏈 帶動新藥研發產值提升工研院與基龍米克斯生物科技公司（4195-TW）於今（19）日共同宣布，簽訂建構核酸合成 GMP 工廠輔導合約，由工研院協助基龍米克斯打造 GMP 核酸合成廠，預計明年第三季可望正式生產，初期產量可滿足國內 1280 萬劑疫苗（如：新冠肺炎等）製造所需，未來最大產量估計可供應超過五千萬劑，在工研院的輔導下，基龍米克斯可望成為國內首家有能力自行生產 GMP 等級「疫苗核酸佐劑」的生技公司，協助國產疫苗廠商將原料採購在地化，未來還可擴大其應用性，供應全球核酸類藥物的原料，有助於帶動國內新藥研發產業產值提升。工研院生醫與醫材研究所所長林啟萬表示，在經濟部技術處科技專案支持下，工研院在大 / 小分子藥、天然物、醫材、甚至化妝品等領域，累積了豐富的 GMP 工廠輔導經驗。2020 年新冠肺炎疫情崛起時，經濟部技術處超前部署，支持工研院以科技開發核酸檢測試劑與系統、正壓採檢亭、呼吸器等多項防疫科技，護衛臺灣最前線。現今進入後疫情的階段，疫苗是防疫重要物資，就目前疫苗生產來看，GMP 核酸製造廠的建立是疫苗生產相當重要步驟，透過這次合作，可望協助業者的生產提高至 GMP 藥廠等級，開發國產佐劑，預計未來每年可提供 1,280 萬劑以上數量，滿足國內疫苗廠的需求，同時，也可以讓合作業者基龍米克斯切入核酸藥物委託研究開發暨生產服務（Contract Development and Manufacturing Organization, CDMO），帶動生技產業國產化。基龍米克斯總經理江浚錡指出，臺灣通過 PIC/S GMP 評鑑之藥廠約 200 餘家，其中尚缺乏 GMP 認可之核酸合成廠。且近年面臨新冠肺炎疫情，全球疫苗需求大增，國產疫苗以生產蛋白質次單元類型疫苗為主力，所需之核酸佐劑現階段臺灣尚無業者有能力自行生產 GMP 等級原料供貨，完全仰賴進口以滿足需求。協同工研院的輔導，升級公司現有技術，發展 GMP 核酸合成產品，是公司發展現階段最重要的前進方向。接著更要打造 GMP 多肽合成廠、建構多肽庫，讓公司發展成具有研發能量的 CDMO 工廠。在新冠肺炎疫情下，各國紛紛強化疫苗製造能力，而疫苗製造國產化的關鍵之一正是「佐劑」。對於「次單位疫苗、去活化疫苗」這兩種疫苗來說，佐劑不僅可讓疫苗打入人體後更有效果，而且需要的劑量更少，以目前國產的新冠肺炎疫苗來說，就是使用蛋白質次單元疫苗技術，因此需添加佐劑作為輔助。根據市場研究公司 Mordor Intelligence 指出，2020 年全球疫苗佐劑市場價值約 6.6 億美元（逾 180 億元），預計 2026 年可衝上 14.7 億美元（逾 400 億元），期間的複合年增長率（CAGR）達 13.37%。然而，目前臺灣國產疫苗廠多是跨海向歐美訂購佐劑，成本負擔重。在佐劑市場中，核酸藥物的前景看俏，工研院與基龍米克斯合作導入 GMP 核酸合成廠，藉由擴增產能與設備升級，除可以更立即供應國產疫苗核酸佐劑，加速國產疫苗研發生產外，未來也能與國內外藥廠合作進行核酸藥物之研發與生產；預計今年底完成建廠並開始檢驗製程確效，有望於 2022 年第三季正式投產。","[['打造疫苗核酸佐劑GMP廠', '建立', '自主供應鏈'], ['初期產量', '滿足', '國內1280萬劑疫苗'], ['最大產量', '估計', '供應'], ['基龍米克斯', '成爲', '全球核酸類藥物原料'], ['首家', '有', '能力'], ['工研院生醫與醫材研究所所長林啓萬', '表示', '工研院累積輔導經驗'], ['工研院', '累積', '輔導經驗'], ['現今', '進入', '後疫情'], ['疫苗', '是', '重要物資'], ['核酸製造廠建立', '是', '重要步驟'], ['Contract Development and Manufacturing OrganizationCDMO', '帶動', '生技產業國產化'], ['基龍米克斯總經理江浚錡', '指出', '200餘家'], ['尚', '缺乏', '合成廠'], ['尚無業者', '有', '能力'], ['發展CDMO工廠', '成具', '有研發能量'], ['各國', '強化', '疫苗製造能力'], ['疫苗', '製造', '疫苗'], ['國產化關鍵之一', '正是', '佐劑'], ['6.6 億美元', '逾', '180億元'], ['上14.7 億美元', '逾', '億元400'], ['期間複合年增長率', '達', '13.37%'], ['疫苗廠', '訂購', '佐劑'], ['立即', '供應', '核酸佐劑']]"
0,20211019_1529,大盤弱勢反彈 Q4如何布局？大盤從 16162 反彈到十日線 16800 後上不去屬於弱勢反彈，在盤跌之下不排除回測 16162，最差狀況是失守萬六大關，就不排除回測 5 月低點 15159，屆時 3000 點跌幅將有機會醞釀新一波大反攻行情，時間點估落在今年底至明年初。油價上漲導致通膨壓力增加，QE 在 11 月開始退場機率大，FED 敢將 QE 退場代表對於經濟復甦有信心，因此 QE 退場不見得對股市完全是壞事，熱錢撤出轉強，走貶有利出口，美國是台灣是第一大出口市場，距上一次 QE 退場時間是 2014 年元月，當時經過 10 個月時間才完全退場，儘管熱錢撤出但最終仍反映經濟基本面，當年漲 8%，電子指數大漲 20%，傳產指數則下跌 5%，尤其鋼價、運價已見反轉，美元走強更不利以美元計價的原物料股。對於 QE 退場後的選股策略仍是以中小電子優先，倘若美元走強外資要調節仍優先選大型權值電子如台積電、聯電。行情回穩時，可鎖定業績成長，且法人買進的中小型股布局，近期中國多地實施限電措施，對於 PCB 產業影像較大，估計中國缺電問題短時間仍未解，泰鼎 () 生產基地位於泰國將有望受惠轉單，9 月營收 11.3 億，月增 9.45%，年增 26.39%，加上三廠已在第三季完工開始量產，目前規劃安裝五條生產線，總產能增加三到四成，主要出貨 mini LED 電視背光源板、汽車板，估計 Q4 營收將開始逐季成長，今年上半年獲利 2.34 元，全年估 7 元，投信自 9 月默默吃貨，9 月至今已買進 6289 張，目前本益比僅 10 倍，加上今年都還沒漲到基期相對低，進可攻退可守。【本文未完，全文詳情及圖表 請見完整內容萬寶週刊 1459 期】更多精彩文章延伸閱讀：◎社長論劍：全球通膨炒翻天◎封面故事：全球發展新能源 誰長線有機會？◎投資總舖師：台積電投片車用，誰受惠？◎台股照明燈：走貶 誰將受惠？◎五福臨門：能耗雙控下的航運股,"[['最差狀況', '是', '失守萬六大關'], ['3000點跌幅', '不排除', ' 月低點15159'], ['油價上漲', '導致', '通膨壓力增加'], ['QE退場', '是', '壞事'], ['臺灣', '是', '出口市場'], ['QE退場時間', '是', '2014年元月'], ['美元走', '不利', '美元計價'], ['更', '不利', '美元計價'], [')泰鼎生產基地', '估計', '未解缺電問題'], ['中國', '缺', '電'], ['全文詳情', '延伸', '閱讀']]"
0,20211019_1530,〈台股盤前〉蘋果新品登場、台指期夜盤翻紅 力拚收復月線台股昨 (18) 日受晶圓雙雄、航運族群走弱拖累，指數開高走低，終場下跌 75 點，月線關卡得而復失，美股四大指數則在指標科技股財報公布前夕、蘋果新品發表會帶動下，僅收跌，電子盤也翻紅上漲 86 點，台股今日短線可望力拚站穩月線關卡。美股四大指數 18 日漲多跌少，僅下漲 36.15 點或 0.1%，收在 35258.61 點，上漲 15.09 點或 0.34%，收 4486.46 點，上漲 124.47 點或 0.84%，收 15021.81 點，指數也上漲 24.37 點或 0.74%，收在 3338.78 點。盤面關注焦點，蘋果第二場秋季新品發表會登場，推出搭載 MiniLED 的 14 吋、16 吋 MacBook Pro 筆電，也可選配蘋果新一代自研晶片 M1 Pro 或 M1 Max，同時蘋果也推出 AirPod 3、HomePod mini 新品，可望帶旺台積電、鴻海、廣達、富采等供應鏈營運。鴻海昨舉行科技日，共展出 Model C、Model E、Model T 等三款車，展現鴻海在電動車硬體成果，預計明後年將接力秀出電動車軟體和半導體實力，其中，Model C 預計 2023 年在台上市，售價將在百萬元以內，鴻海也宣布將成立軟體研發中心，規劃 3 年內再招募千名以上的軟體研發工程師。台灣東洋去年爭取德國 BNT 新冠疫苗台灣代理權破局後，總經理施俊良、重症醫療事業群副總經理屈志源等 26 人遭爆內線交易，昨日東洋也召開董事會解任施俊良，並由董事長林全接任總座一職。國內疫情趨緩、旅運需求復甦，指揮中心再放緩防疫指引，台灣高鐵也宣布將自 11 月 8 日起再增班，每周共將提供 1016 班次旅運服務，並同步回復自由座，正式恢復本土疫情爆發前的班次水準，第四季營運動能可期。,"[['夜盤', '翻', '月線'], ['18昨', '受', '晶圓雙雄'], ['月線關卡', '下跌', '75點'], ['收', '在', '35258.61點'], ['指數', '上漲', '24.37點'], ['收', '在', '3338.78點'], ['蘋果', '推出', '3AirPod新品'], ['科技日', '展現', '硬體成果'], ['Model', '預計', '臺上市'], ['售價', '在', '百萬元以內'], ['鴻海', '宣佈', '招募軟體研發工程師'], ['臺灣東洋', '爭取', '德國BNT代理權破局'], ['26人', '遭爆', '內線交易'], ['昨日東洋', '召開', '董事會'], ['指揮中心', '放緩', '防疫指引'], ['臺灣高鐵', '宣佈', '增班']]"
0,20211019_1531,〈台股盤前要聞〉鴻海科技日大秀電動車、劉揚偉談中國限電 今日必看財經新聞關注盤前要聞重點，鴻海科技日登場，現場展示 3 款新型電動車，董事長劉揚偉表示，除了硬體外，明後年將秀出電動車軟體及半導體實力；談及中國限電影響，劉揚偉指出，並不影響電動車發展，反倒可望帶來正面效益，預期明年電動車就會有營收，2023 年將更加顯著。以下是今 (19) 日必看重要財經新聞。2021 鴻海 () 科技日 (HHTD21) 昨 (18) 日登場，董事長劉揚偉開幕致詞時表示，在電動車發展上，鴻海已經準備好，本次展出三款車展現鴻海在電動車硬體的成果，預計明後年，將接力秀出電動車軟體和半導體實力。鴻海 () 董事長劉揚偉昨 (18) 日表示，資通訊產業發展電動車，會比傳統車企有優勢，現在鴻海正在證明這一點，預期明年就有營收，2023 年則有明顯貢獻，5 年後估將達兆元規模；至於限電並不影響電動車發展，反倒可望帶來正面效益。台灣央行昨 (18) 日公布 9 月銀行辦理業務概況，截至 9 月底，全體國銀存款餘額 (含 NCD) 共 2375.05 億元 (以下金額均為)，較上月略下滑 3.32 億元，減幅 0.14%，呈現連 2 減，央行指出，金額變化不大。經濟部加工出口區管理處昨 (18) 日表示，代工大廠緯創 () 通過取得前鎮科技園區約 1.04 公頃建廠用地，預期初期將投入逾百億元自建地下 2 層、地上 9 層廠房，作為集團全球車載及工控面板製造燈塔工廠，也預期未來五年內年產值將達 550 億元，創造 7000 個就業機會。東洋 () 去年爭取德國 BNT 新冠疫苗台灣代理權破局後，總經理施俊良、重症醫療事業群副總經理屈志源等 26 人爆內線交易，東洋昨 (18) 日隨即召開董事會解任施俊良，並由董事長林全接任總座一職。台灣高鐵 () 昨 (18) 日宣布，隨著國內疫情趨緩、旅運需求復甦，自 11 月 8 日起再增班，每周共將提供 1016 班次旅運服務，並同步回復自由座，正式恢復本土疫情爆發前的班次水準，後續也將視旅運需求增開臨時加班，第四季營運動能可期。109 年度綜所稅第二批退稅將在 10 月 29 日發放，根據財政部統計，第二批退稅共約 18 萬 8000 件，退稅金額約 26 億 5685 萬元。光寶科 () 昨 (18) 日召開法說，總經理邱森彬看好，第四季營收可望季增 1 成，毛利率也將成長，明年雖挑戰多但仍樂觀看；他並認為，中國限電將成常態，若情況趨嚴重，會加速海外擴充計畫。,"[['鴻海科技日大秀電動車劉揚偉', '談', '要聞'], ['董事長劉揚偉', '表示', '秀電動車軟體'], ['劉揚偉', '指出', '影響電動車發展'], ['電動車', '有', '營收'], ['以下', '是', '必看財經新聞'], [' 董事長劉揚偉', '表示', '通訊產業發展電動車有優勢'], ['通訊產業', '發展', '電動車'], ['通訊產業發展電動車', '有', '優勢'], ['鴻海', '證明', '這一點'], ['臺灣央行', '公佈', '辦理銀行業務概況'], ['銀行', '辦理', '銀行'], ['(', '含', 'NCD'], ['央行', '指出', '不大'], ['出口區管理處', '表示', '投入廠房'], ['年產值', '達', '億元'], ['後續', '增開', '加班'], ['他', '認爲', '限電成常態'], ['限電', '成', '常態']]"
0,20211018_1532,英特爾放話奪回蘋果訂單 三面向來看台積電仍居上風英特爾 () 執行長 Pat Gelsinger 近日公開表達要贏回大客戶蘋果訂單，甚至不排除為其代工，等同向晶圓代工龍頭台積電 () 宣示要爭搶大客戶訂單，步步進逼台積電意味濃厚；但從先進製程發展、自研晶片趨勢及與客戶利益衝突等面向來看，英特爾要重奪蘋果芳心恐怕沒那麼容易。英特爾近兩年積極轉型，盼能奪回半導體產業霸主地位，據外媒報導，Pat Gelsinger 表示，不責怪蘋果放棄英特爾，選擇自行打造專屬晶片，要做出比蘋果更好的晶片與生態系統，贏回這部份業務，甚至是未來更多的業務，並說與蘋果重啟合作可能需要數年時間，另一個選項是取得蘋果晶片代工訂單。英特爾 2005 年開始為蘋果 MacBook 打造晶片，但蘋果去年起推出的 3 款 Mac 電腦新機種開始，改採自行研發晶片，除將自研晶片從 iPad、iPhone 一路擴至 Mac 電腦產品線外，也等同宣告與英特爾 15 年的合作關係終結。反觀台積電，身為晶圓代工廠，與客戶沒有利益衝突，讓蘋果更放心將晶片技術交給其生產製造。2016 年起，台積電便獨拿蘋果 iPhone 手機 A 系列處理器代工訂單，並持續推進先進製程技術發展，蘋果自研處理器性能與效率也因此傲視群雄；在英特爾與蘋果分手後，Mac 電腦系列晶片也全由台積電 5 奈米製程代工。外界認為，蘋果之所以與英特爾分道揚鑣，是因其近年在製程推進上遭遇嚴重瓶頸，且英特爾雖宣布將重返晶圓代工與先進製程推進行列，同時也擴大與台積電在先進製程上的合作，在台積電投片的訂單將遍及 7 奈米、6 奈米與 5 奈米。而從英特爾 7 月時揭露的先進製程技術藍圖來看，2023 年下半年將量產 3 奈米製程，2024 年跨入 Intel 20A(即台積電的 2 奈米)、並逐步量產；台積電則是 2022 年下半年量產 3 奈米製程，總裁魏哲家並在日前法說會上信心十足表示，2025 年台積電 2 奈米製程將是最領先技術。英特爾若要重新贏得蘋果芳心，讓蘋果選擇採用其晶片、或為蘋果代工生產，在先進製程技術發展、量產良率上，恐怕得先超越台積電立下的高規格水準。除晶片性能與效能外，從另一個角度來看，蘋果從 2008 年起收購晶片設計公司 PA Semi 開始，就已朝著產品技術整合的方向邁進，蘋果執行長 Tim Cook 就時常強調，掌握產品背後的關鍵技術是蘋果長期戰略，也因此蘋果一步步加強對晶片技術的掌握度，也更易控制開發時程與製造成本，進而提升毛利率。若蘋果選擇採用英特爾研發的晶片，等於走回頭路，對始終追求向上突破的蘋果來說，可能不是最佳選項之一；且近來包括 Google、Facebook 等科技巨擘，都開始自行研發晶片交由晶圓代工廠生產，自研晶片已成趨勢。此外，若半導體產業供不應求情況持續上演，在客戶代工訂單與自家處理器間的產能如何分配，或許也會讓蘋果對此存有疑慮。,"[['英特爾', '放', '話'], ['公開表達', '贏回', '訂單'], ['英特爾', '重奪', '芳心'], ['Gelsinger', '表示', '責怪蘋果放棄英特爾'], ['蘋果', '放棄', '英特爾'], ['重啓合作', '需要', '數年時間'], ['另一個選項', '是', '取得代工訂單'], ['英特爾', '開始', '打造晶片'], ['研處理器性能', '傲視', '羣雄'], ['外界', '認爲', '蘋果分道揚鑣是因'], ['蘋果分道揚鑣', '是', '因'], ['其', '遭遇', '嚴重瓶頸'], ['英特爾', '宣佈', '重返晶圓代工'], ['在訂單', '擴大', '在合作'], ['Intel20A', '即', '2奈米'], ['臺積電', '是', '奈米制程'], ['在信心', '表示', '奈米制程是領先技術'], ['奈米制程', '是', '領先技術'], ['英特爾', '贏得', '蘋果芳心'], ['蘋果執行長Tim Cook', '強調', '關鍵技術是長期戰略'], ['，', '掌握', '產品'], ['關鍵技術', '是', '長期戰略'], ['蘋果', '加強', '對掌握度'], ['蘋果', '選擇', '採用英特爾研發晶片']]"
0,20211018_1533,豐泰越南廠復工優預期 擴充產能計畫不停歇越南胡志明市及南越六省的疫情趨緩，台商產線也分階段復工中，製鞋廠豐泰 () 今 (18) 日指出，越南產線超越預期，在越南的擴充產能規劃將持續進行。豐泰主要客戶 Nike 需求仍維持強勁，遞延訂單將有利第四季至明年上半年營運動能轉強。豐泰越南產能占總產能比重 52%，第三季以來，因越疫情影響，包括在越南同奈省的 DV、DP、DO、DVM、DS 等廠皆暫停營運至 9 月 30 日，不過，豐泰越南頭頓省的 TO 廠、同奈省的 DS 廠已逐步復工。志強 - KY() 今日也公布，志中廠及志雄廠人員復工率拉升到 50%，豐泰未揭露在越南的生產線復工比率，但指出，復工進度超越預期。豐泰對在越南生產線能擴張的計畫不變，2022 年仍將新增 7-10% 的新產能。豐泰 8 月及 9 月因越南疫情停工失去產能，出現連續虧損，第三季稅前虧損 4.4 億元，2021 年 1-9 月稅前盈餘 47.12 億元，稅後純益 29.29 億元，每股純益 3.32 元,"[['臺商產線', '分', '階段'], ['產線', '超越', '預期'], ['主要客戶需求', '維持', '強勁'], ['營運動能', '轉', '遞延訂單'], ['等DV廠', '暫停', '營運'], ['等DV廠', '暫停至', ' 日'], ['豐泰', '揭露', '生產線復工比率'], ['復工進度', '超越', '預期'], ['第三季', '虧損', '4.4億元']]"
0,20211018_1534,東洋解任總座 林全：對同仁失望 將徵新人選東洋 () 捲入內線交易案後，董事會今 (18) 日解任總經理施俊良與副總經理屈志源，董事長林全晚間發出聲明表示，對於同仁未能嚴守法遵，感到失望與痛心，即日起將徵選新總座人選。東洋去年爭取德國 BNT 新冠疫苗台灣代理權破局後，施俊良、屈志源等 26 人爆內線交易，施俊良與屈志源因違反證交法事項，接受士林地檢署調查中，董事會今日決議，同意兩人提出辭職並解除職務，轉任專案顧問以完成任內尚未完成的專案業務。東洋指出，有鑒於公司正值轉型國際化發展的前進時刻，總經理遺缺將依此發展目標，同步啟動徵詢，擬延攬業界正派經營、正直誠信理念相符的適合人士擔任。東洋在徵詢新人選期間，總經理職務由董事長林全擔任，另外重症醫療事業群主管一職改由資深總監賴其相擔任。林全今日特別出席內部訓練課程並對同仁表示，去年接洽 BNT 疫苗時，就對內提醒要嚴守法遵。對於部分同仁未能禁得起檢驗感到失望與痛心，希望犯錯的同仁要有承認錯誤以及修正道德思維的勇氣與決心。林全也勉勵同仁要引以為鑑，記取教訓，避免再發生類似事件，並共同建立新的企業文化，為公司走向國際市場，成為受人尊敬的國際級公司而努力。,"[['東洋', '解任', '總座林全'], ['東洋', '爭取', '疫苗臺灣代理權破局'], ['施俊良', '接受', '決議'], ['兩人', '提出', '辭職'], ['東洋', '指出', '發展'], ['有前進時刻', '鑑於', '正值轉型國際化發展'], ['總經理遺缺', '發展', '目標'], ['在', '徵詢', '新人選'], ['一職改', '賴', '其'], ['林全', '出席', '訓練課程'], ['去年', '接洽', 'BNT疫苗'], ['犯錯同仁', '有', '承認錯誤'], ['以及', '修正', '道德思維'], ['成爲國際級公司', '受', '人尊敬']]"
0,20211018_1535,境外資金6665萬元匯回買保單 遭補稅罰款共1770萬元民眾繳納保費前得先搞清楚資金來源，南區國稅局日前查核某案件，發現有民眾在 106 年到 109 年期間所繳納 217 萬美元保費 (約 6665 萬元)，全是由境外銀行所匯出，但這些海外所得因未申報納稅，因此連同補稅與罰款共 1770 萬元。南區國稅局表示，日前查核案件時，發現納稅義務人甲君在 106 至 109 年間陸續投保某保險公司利率變動型美元終身保險計 10 張，躉繳保費共計 217 萬美元，換算約 6665 萬餘元。但南區國稅局進一步調查，甲君所繳納的美元保費，全都來自海外某銀行所匯出，對此甲君則說，該筆資金來源是投資香港某公司獲配股利所得，但因長年未匯回國內，因此透過購買外幣保單，以美元繳納後將資金匯入保險公司帳戶。南區國稅局查證後，核定甲君 106 年度至 109 年度海外營利所得計 6665 萬餘元，補徵所得基本稅額計 885 萬元並裁罰。南區國稅局提醒，個人海外所得，每一申報戶全年海外所得達 100 萬元者應全數計入基本所得額，依規定申報繳納基本稅額，以免因漏報遭補稅及處罰鍰。,"[['6665萬元匯', '買', '保單'], ['南區國稅局', '查覈', '某案件'], ['有民衆繳納', '是', '匯出'], ['海外所得', '申報', '納稅'], ['南區國稅局', '表示', '發現納稅義務人甲君投保 10張'], ['日前', '查覈', '案件'], ['納稅義務人甲君', '投保', ' 10張'], ['保費', '共計', '萬美元'], ['南區國稅局', '調查', '美元保費來自某銀行'], ['美元保費', '來自', '某銀行'], ['甲君', '說', '匯入保險公司帳戶'], ['筆資金來源', '是', '投資'], ['某公司', '獲', '配股利所得'], ['南區國稅局', '提醒', '所得'], ['每一申報戶', '所得達', '100'], ['海外', '所得達', '100'], ['每一申報戶所得達100萬元者', '計入', '基本所得額']]"
0,20211018_1536,我申請加入CPTPP 學者點出兩大挑戰待解台灣申請加入 CPTPP，但學者認為，加入 CPTPP 雖有助於台灣加入國際舞台，但仍有兩大難關需要克服，包括中國因素以及福島核食禁令都將成為我加入 CPTPP 的變數。CPTPP 成員占我國國際貿易總額超過 24%，加入後雖有新的機會但也有不少挑戰，對台灣來說加入 CPTPP 可說是進入國際舞台最重要的敲門磚，台灣應藉此機會升級自我，為新的未來做準備。台灣經濟學會今 (18) 日攜手台灣金融研訓院、台灣公共議題研究協會、台灣大學公共經濟研究中心、政治大學台灣研究中心共同舉辦「台灣加入 CPTPP 的效益與挑戰」研討會。中華經濟研究院 WTO 及 RTA 中心資深副執行長李淳表示，台灣申請加入 CPTPP 是對外經貿戰略的重要一步，而相較於亞太競爭對手，台灣缺乏經濟整合協定加持對競爭力的衝擊，已經困擾產業多年，若能藉此有所突破其利益顯而易見，但加入後農業及部分製造業的影響也難以避免，因此如何擴大利益降低衝擊，需要政府及產業協力解決。但李淳也說，隨著中國也申請加入，這將使台灣入會案程序出現許多變數，加上我目前對於日本福島等五縣市的農產品禁令尚未解除，這也將影響日本對台灣的支持力道。李淳直言，台灣如果想加入 CPTPP 但又持續禁止福島等縣市食品進口，可說是不合情、不合理也不合法，李淳表示，台灣的經濟發展動能高度仰賴貿易，更精確地說，台灣在貿易上可說是不折不扣的「進攻國」，而透過 CPTPP 改善貿易條件，對於台灣及各種產業毫無疑問的絕對有顯著的利益。李淳進一步指出，台灣參與雙邊及其他經貿協定的數量及機會一直低於競爭對手，加入 CPTPP 具有一次補足缺口的效果，不用數學推估都能想像其效益。另外，隨著近年全球供應鏈變遷，台商積極調整海外佈局之際，CPTPP 也可以降低投資障礙，提高順暢度，以及與其他 CPTPP 成員強化供應鏈關係。,"[['我', '申請', '加入CPTPP'], ['學者', '點', '臺灣'], ['學者', '認爲', '有兩大難關需要克服'], ['加入CPTPP', '有助於', '臺灣加入國際舞臺'], ['臺灣', '加入', '國際舞臺'], ['兩大難關', '需要', '克服'], ['中國因素', '成爲', '我加入CPTPP變數'], ['我', '加入', 'CPTPP'], ['我', '加入', 'CPTPP'], [' 成員', '佔', '我國國際貿易'], ['總額', '超過', '24%'], ['臺灣', '是', '重要敲門磚'], ['臺灣是重要敲門磚', '進入', '國際舞臺'], ['臺灣經濟學會', '攜手', '臺灣金融研訓院'], ['臺灣', '加入', '效益'], ['臺灣', '加入', '效益'], ['資深副執行長李淳', '表示', '臺灣申請加入是重要一步'], ['臺灣', '申請', '加入'], ['臺灣申請加入', '是', '重要一步'], ['臺灣', '缺乏', '經濟整合協定'], ['擴大利益', '需要', '政府解決'], ['李淳', '說', '申請加入'], ['這', '影響', '支持力道'], ['李淳', '直言', '禁止等福島縣市食品進口'], ['臺灣', '想', '加入'], ['李淳', '表示', '經濟發展動能仰賴貿易'], ['經濟發展動能', '仰賴', '貿易'], ['臺灣', '可說', '改善貿易條件是不折不扣進攻'], ['改善貿易條件', '是', '不折不扣進攻'], ['毫無疑問的', '有', '顯著利益'], ['李淳', '指出', '協定數量低於競爭對手'], ['臺灣', '參與', '雙邊'], ['臺灣', '參與', '雙邊'], ['協定數量', '低於', '競爭對手'], ['一次', '補足', '缺口'], ['臺商', '調整', '海外佈局'], ['積極', '調整', '海外佈局'], ['CPTPP', '降低', '投資障礙']]"
0,20211018_1537,"蔡明彰觀點：全球大通膨不炒黃金  改炒比特幣、基本金屬今天報告的主題是「全球大通膨不炒  改炒、基本金屬」。萬寶投顧蔡明彰強調，台股的多空關鍵字都是通膨，全球性通膨的力道及持續時間都將超越原先預期，目前最新研判通膨維持高檔的情況還會維持一年，美國 CPI 維持在 4～5％水準，台灣 CPI 將站上 3％，各種工業及民生物品將短缺，台股已連漲三年，2019 年漲 23％、2020 年漲 22％、2021 年迄今漲 13％。台股 2022 年即使再漲，也會漲幅縮小，然而影響股市的因素不僅通膨，還有其他複雜變數。上週美國發布的企業財報，銀行、工業股第三季的獲利優於預期，帶動重返 3 萬 5 千點，目前距離歷史天價僅 1％幅度，這顯示身為全球股市龍頭的美股並無修正或走空風險，台股也不需要過度擔憂，本週季線反壓 17,100 點有待克服，只要美國科技股財報也優於預期，連動台股仍有反彈空間。美國新冠疫情以來已印鈔逾 10 兆美元，債台高築，負債 28 兆美元已遠超過 GDP 的 21 兆美元，美鈔不值錢，貨幣貶值說穿了就是通膨作祟。舊時代對抗美元貶值要買，但這二年沒漲到，目前每盎司 1,767 美元，較年初高點 2,072 美元下跌 15％，但新時代的目前 6.2 萬美元，較去年初的 3,200 美元大漲 18 倍，宛如打不死的怪物，上半年高點 6.5 萬美元後，中國全面打壓，宣布為非法金融資產，並禁止挖礦，致使跌到 2.8 萬美元，腰斬有餘。中國為何打壓？表面挖礦耗電，實際上，中國民間大量資金外流的管道正是，在川普時代美國也對不友善，主因共和黨金主是華爾街銀行業，如果合法，將吃掉傳統金融業版圖，於是銀行業積極遊說政府，不可核准 ETF，但近來美國 SEC 將核准第一支 ETF 上市，10 月 19 日在紐約交易所上市，並不直接持有，而是投資與業務有關的公司，例如電動車特斯拉持有大量，及挖礦區塊鏈有關的公司。萬寶投顧蔡明彰強調，為何在這個時點核准 ETF？恐怕美國政府考量通膨惡化，使聯準會很快縮減 QE。核准 ETF，使持續作為中國資金外流的地下管道，可以接收熱錢。以往模式是美國印鈔換取中國生產的廉價商品，最後減債升息回收美元，把通膨爛攤子留給中國承擔，現在有新武器，中美之間金融戰爭升級了，若核准第一支 ETF，將來就有第二支、第三支 ETF，表示傳統的基金及保守的養老基金都可投資，後續的反應恐推升漲到 8 至 10 萬美元。特斯拉年初創天價 900 美元陷入整理，但近來漲回 843 美元，離天價只有 7％一步之遙，很多人認為是電動車題材，更可能是概念，2 月特斯拉公布持有 15 億美元，成本 2.8 萬美元，財報未顯示特斯拉減持，因此最近漲到 6 萬美元，特斯拉潛在獲利已達 400 億元。沒想到美國取代中國成全球最大挖礦國，今年 5 至 8 月挖礦活動量翻了一倍多，佔全球挖礦的 35.4％。挖礦需要顯卡，台廠顯卡居世界龍頭，因而近來板卡族群藉著題材股價大漲，從技嘉 ()、微星()、華擎() 到投機的撼訊 ()、麗臺()、青雲() 等。的確，相關板卡的營收有恢復成長現象，以技嘉為例，中國 6 月禁止挖礦，7 月營收滑落至 82 億元，年增僅 1％，但 9 月回到 127 億元，創歷史新高，年增 60％，說明少了中國的挖礦，馬上美國補上來，因而整體顯卡銷售谷底回升。股性投機的撼訊，月營收從 7 月 4.49 億元，回升到 9 月 8.41 億元，麗臺從 6 月 6.74 億元回升到 9 月 7.58 億元，全球大通膨在未來引爆大投機。挖礦區塊量炒熱 NFT(非同質化代幣)，元宇宙商機爆發，首先帶動的是 VR，宏達電 () 是 VR 領域台廠的先驅，因而股價週一攻上漲停，宏達電上半年 EPS 虧損 1.93 元，顯示通膨大投機才是主因。萬寶投顧蔡明彰強調，通膨投資人不炒貴金屬的，但這次會炒基本金屬，由於歐洲的天然氣、中國的煤炭大漲而缺電，許多基本金屬生產商因缺電而減產，倫敦金屬交易所基本金屬指數刷新天價，錫創歷史新高，鋁、鉛分別 13 年及 14 年新高，今年來銅現貨漲 35％，鋁更漲 60％，鋅漲 40％，這部分的投機行情方興未艾，台股尚未具體反映，只有漲銅相關的第一銅 ()、華新()、華榮()，但副業生產銅箔的金居() 也受惠。美國最大鋁生產商美國鋁業 AA 公布上季財報，上週五大漲 15％，今年來狂漲 118％，並預告未來鋁產量不足。大成鋼 () 在美國有鋁捲板工廠，同樣概念但股價都沒動，但自家集團大國鋼 () 自 10 月來大買大成鋼，並決定未來一年斥資 50 億元買進大成鋼 10 萬張股票，顯然有隱藏的長線利多。鋅價大漲但副業生產鍍鋅鋼捲的燁輝 ()、盛餘() 分別佔營收 41％跟 56％，本益比低於 10 倍，遭嚴重低估，鋅價大漲但中鋼()11 月盤價持平，燁輝、盛餘的鍍鋅鋼捲利差將擴大。立即免費加入蔡明彰粉絲團，可獲得更多資訊分享蔡總選黑馬蔡明彰 LINE 粉絲團蔡總選黑馬蔡明彰 免費 YOUTUBE 影音頻道https://www.youtube.com/channel/UCHjkjx50-BTduhjwiwFA3nw蔡總選黑馬蔡明彰 FB 社團https://www.facebook.com/groups/marbo666/蔡總選黑馬蔡明彰 telegram 粉絲團https://t.me/marbo666本公司所推薦分析之個別有價證券無不當之財務利益關係 以往之績效不保證未來獲利投資人應獨立判斷 審慎評估並自負投資風險","[['不', '炒', '黃金'], ['今天報告主題', '是', '改炒'], ['萬寶', '投顧', '蔡明彰'], ['臺股多空關鍵字', '都是', '通膨'], ['通膨力道', '超越', '原先預期'], ['最新研判', '維持', '高檔'], ['通膨', '維持', '高檔'], ['然而', '影響', '股市'], ['銀行第三季獲利', '優於', '預期'], ['臺股', '顯示', '並無修正'], ['點', '有待', '克服'], ['科技股財報', '優於', '預期'], ['連動臺股', '有', '反彈空間'], ['28負債兆美元', '超過', '21兆美元'], ['大量資金外流管道', '正是', '友善'], ['主因共和黨金主', '是', '華爾街銀行業'], ['電動車特斯拉', '持有', '有關公司'], ['萬寶', '投顧', '蔡明彰'], ['美國政府', '考量通', '膨惡化'], ['以往模式', '是', '廉價商品'], ['美國印鈔', '換取', '中國'], ['美國印鈔', '換取', '中國'], ['ETF', '有', '第二支'], ['後續反應', '升', '傳統基金投資'], ['後續反應', '升到', '810 萬美元'], ['年初創天價900美元', '陷入', '整理'], ['很多人', '認爲', '是電動車題材'], ['財報', '顯示', '特斯拉減持'], ['潛在獲利', '達', '400億元'], ['美國', '取代', '挖礦國'], ['中國', '成', '全球'], ['中國', '成', '全球'], ['挖礦', '需要', '居世界龍頭'], ['相關板卡營收', '有', '恢復成長現象'], ['中國', '禁止', '挖礦'], ['營收', '落至', ' 億元'], ['全球大通膨', '在', '未來'], ['帶動的', '是', 'VR'], [')', '是', 'VR領域臺廠先驅'], ['顯示膨大投機', '纔是', '主因'], ['萬寶', '投顧', '蔡明彰'], ['AA美國鋁業', '公佈', '上季財報'], [')', '有', '鋁卷板工廠'], ['本益比', '低於', ' 倍'], ['加入蔡明彰團', '蔡明彰', '粉絲'], ['//t.me/marbo666本公司推薦分析個別有價證券', '無', '財務利益關係'], ['以往績效', '保證', '獲利投資人']]"
0,20211018_1538,"BDI指數下滑 航運鋼鐵疲軟VS太陽能、半導體等黑馬股呼之欲出？萬寶投顧陳子榕指出，台積電 () 法說讓市場按讚叫好，優異財報表現和卓越的技術領先，讓股價漂亮地站上所有均線，原本大舉賣超台積電的外資立刻認錯回補，上週五 (10/15) 外資一口氣買超 3.3 萬張，金額高達 200.5 億元，幾乎佔了當日外資買超金額的 7 成。有趣的是，外資普遍在法說之後調高台積電的目標價，最高到 1,028 元，唯獨摩根史丹利維持 580 元目標價不變，但週五買超台積電最多的也是摩根史丹利達 1.3 萬張。 關於半導體的前景市場有不少雜音，特別劍指終端需求的減緩，但台積電點出其中的盲點，那就是即便智慧手機需求下降，但是電子產品搭載晶片的含量 (silicon content) 卻在大幅上升，尤其 5G 和 HPC 帶動先進製程和特殊製程需求大增，而這正是推升台積電獲利成長的關鍵，就像總裁魏哲家所說的，台積電正在進入一個更高結構性成長區間。 預料在台積電這艘航艦帶領下，相關的供應鏈都將水漲船高，像是 EUV 光罩盒龍頭家登 ()、獨家提供台積電晶圓級點膠機台、點膠後檢查機的萬潤 ()、無塵室設備廠漢唐 ()、帆宣 ()、濕製程設備商弘塑 ()、辛耘 ()、IC 設計廠創意 ()、IC 封測測試載板廠雍智科技 ()、精策 ()。 目前全球仍圍繞著通膨議題，美國 CPI 居高不下，大陸 CPI 與 PPI 的剪刀差也進一步擴大，目前預估美國聯準會在明年底前會啟動升息，而今年 11 月就會開始縮減購債，一直到明年中 QE 正式退場。對於市場資金動向，大家不必過於恐慌，因為台灣今年 GDP 預估 5.88％，基本面相當強勁，而且台股目前本益比為全球最低，高殖利率表現則僅次於英國，因此只要注意做好資金控管，布局前景明朗的績優股，就握有進可攻、退可守的優勢。 像是科技應用帶動 PCB 發展，上游銅箔材料廠金居 () 因 HPC 需求大增，RG 系列銅箔產品獲得英特爾 Whitley 平台指定供貨，產能持續滿載，加上國際銅價上漲及加工費調漲，已經連續六個月營收改寫新高紀錄。10/7 為大家推薦金居後，漲幅 8％，股價近日以一根長紅棒突破所有短期均線，隨著伺服器明年新一波轉換，營運動能強勁。 另外，能源危機尚未解除，大陸和印度陸續傳出缺電危機，相關的太陽能、風電族群仍有表現機會。像是 10/15 推薦的太陽能廠安集 ()，股價當日奔漲停，現有 10％，近期股價帶量強勢，法人同步買超，第四季預期將受惠併網遞延效應，單月營收有望回到 2 億元以上水準，後續股價仍有表現。 萬寶投顧陳子榕指出，此外，最新上海出口集裝箱運價指數 (SCFI) 下跌 1.28％，全球主要航線運價也下滑，因此還是要提醒大家短線操作上宜先避開航運族群，等待風平浪靜。 光罩 () 受惠晶圓代工訂單強勁，以及業外投資獲利，光罩 9 月營收創單月新高、累計前三季營收也創同期新高，第四季產品仍有上漲空間，下半年營運將優於上半年；光罩近年積極發展 90、65 奈米高階製程，並打入台積電、美、韓大廠供應鏈，由於晶圓代工持續擴大委外，光罩產線滿載至年底，為因應強烈需求，光罩啟動 28 奈米晶圓光罩開發，預定 2023 年上半量產貢獻營收。辛耘 () 受惠半導體大廠積極投資，及晶圓再生新產能逐步開出，辛耘第三季營收 12.89 億元，季增 28.7％，創單季新高；辛耘旗下自製設備、晶圓再生、設備代理三大產品線同步走強，為滿足客戶需求，辛耘擴大兩岸投資，台灣 12 吋再生晶圓年底前增加 2 萬片 / 月，大陸新廠年底前約 5～6 萬片產能開出，預估全年營收、獲利皆可達雙位數成長。旺矽 () 為探針卡及 LED 設備廠，受惠需求強勁，旺矽以 1,020 萬美元現金收購美國高性能工程測試探針卡廠 Celadon Systems，下半年配合垂直探針卡 (VPC) 及 LED 挑揀相關設備需求走升，營收獲利將節節攀高，全年毛利率有望優於去年；旺矽和雍智科技聯手開發微機電 (MEMS) 探針卡，成功打入聯發科 5G 手機晶片供應鏈，目前持續驗證中，預估明年開始貢獻營收。當然，還有一些好股在指數高檔震盪下，極短線籌碼仍具優勢的好股，包含車電股、第三代半導體 、新蘋概等相關個股，但在篇幅有限之下，請直接進入粉絲團看看了，希望對讀者大眾，有其幫助。立即免費加入陳子榕粉絲團，可獲得更多資訊分享戰情中心陳子榕 LINE 粉絲團戰情中心陳子榕 FB 社團戰情中心陳子榕 telegram 粉絲團本公司所推薦分析之個別有價證券無不當之財務利益關係 以往之績效不保證未來獲利投資人應獨立判斷 審慎評估並自負投資風險","[['陳子榕', '指出', '法說讓'], ['大舉', '賣', '積電'], ['金額', '高達', '200.5億元'], ['有趣的', '是', '買電的也是1.3萬張'], ['外資', '調', '高臺積電'], ['之後', '調', '高臺積電'], ['外資調高臺積電目標價', '到', '元'], ['摩根史丹利', '維持', '580元目標價不變'], ['週五', '買', '電'], ['買電的', '也是', '1.3萬張'], ['前景市場', '有', '不少雜音'], ['點', '出', '其中盲點'], ['電子產品', '搭載', '晶片'], ['電子產品', '搭載', '晶片'], ['5G', '帶動', '先進製程'], ['這', '正是', '推積電獲利關鍵'], ['臺積電', '進入', '結構性成長區間'], ['、', '點', '後'], ['全球', '圍繞', '通膨議題'], ['臺股', '爲', '最低'], ['高殖利率表現', '僅次於', '英國'], ['科技應用', '帶動', 'PCB發展'], ['銅箔產品', '獲得', '指定供貨'], ['股價', '突破', '短期均線'], ['大陸', '傳出', '缺電危機'], ['太陽能風電族羣', '有', '表現機會'], ['單月營收', '回到', '億元以上水準'], ['後續股價', '有', '表現'], ['\xa0萬寶', '投顧', '陳子榕指出最新上海出口集裝箱運價指數SCFI下跌'], ['陳子榕', '指出', '最新上海出口集裝箱運價指數SCFI下跌'], ['第四季產品', '有', '上漲空間'], ['營運', '優於', '上半年'], ['光罩', '發展', '高階製程'], ['產線', '滿載至', '年底'], [')', '爲', '探針卡'], ['全年毛利率', '優於', '去年'], ['探針卡', '打入', '手機晶片供應鏈'], ['籌碼', '仍具', '優勢'], ['籌碼', '仍具', '優勢'], ['大衆', '有', '其幫助'], ['個別有價證券', '無', '財務利益關係']]"
0,20211018_1539,電動車系列5：電池雙雄的黃金時代第四季一開始全球股市在通膨及中國能耗雙控下踉蹌出場，歷經殺盤後開始止穩，台股在台積電 () 帶動下守住年線，蘋果新機發表會沒引起太大漣漪，在市場處於疲乏狀態下，還有什麼題材值得我們期待？萬寶投顧楊惠宇分析師表示，俗話春江水暖鴨先知，看景氣除了看就業數字，經濟長成率，景氣對策訊號外，車市也是一觀察重點。從歷史經驗來看，網路泡沬、911 恐攻、金融海嘯及美中貿易戰後，全球車市都受挫，最明顯例子為 2020 新冠肺炎爆發，全球車市重摔了 13.8%，可見車市和景氣息息相關。疫情比想像的更頑強，而人類也漸漸的習慣與之相處，各處工廠開始復工，加上中國為刺激景氣推出的 (汽車下鄉) 帶領車市反彈，此次不只是量的提升，同時也產生質的變化，去年電動車銷售量為 3223 萬輛，對比衰退的車市，不但逆勢成長，且幅度高達 46%，成為疫情下的閃亮之新。電動車的構造，顛覆了傳統汽車產業，接下來至 2025 年，電力傳動系統，燃料電池及先進輔助駕駛系統和感測器市場等，都分別有 2~3 倍的高成長，而傳統燃油車的零組件則停滯不前甚至部份會出現大幅衰退，台廠擁有半導體及資通訊技術優勢，龐大的商機讓許多廠商紛紛積極切入，此趨勢也道出未來選股方向，萬寶投顧楊惠宇分析師指出，電動車和燃油車有著極大的不同，前者比起後者除了更環保外，更多增加了智慧以及人性化，以比喻來說，車用晶片就像是電動車的「大腦」，運算能力賦予電動車判斷能力，而另一個關鍵，就是汽車的「心臟」，也就是電池。鴻海宣佈集合旗下碩禾 ()、榮炭() 與中鋼 () 集團旗下中鋼碳素，簽署材料開發合作備忘錄，要搶攻電池商機，畢竟電池占成本 40%，為電動車中之關鍵，而電池成本若能有效下降，將使電動車滲透率加速提升，鴻海科技日的三款電動車，將電動車前景更具體化！電動車顧名思義，是將驅動能源從汽油轉換成電池，電池種類有多種，鋰離子電池是目前的主流技術。鋰電池具有能量密度高、循環壽命長、無記憶效應等優點，早期應用在各大手提消費電子產品中 (包括手機、筆記型電腦、還有後來的平板電腦等)，但消費性電子區域基本上已經飽和、穩定，不會對營運有太大的助長能力，直到近年鋰電池開始被投入工業用具、工作站等等，最後是因節能減碳而興起的電動車產業時，真正的商機才因此爆發。鋰電池中又分為三元系鋰電池 (本田、鈴木等日系車廠採用)、錳系鋰離子電池 (BMW、三菱等)、磷酸鋰鐵之鋰離子電池 (中國比亞迪等)、而每一種電池再拆分後，又包含正極材料、負極材料、隔離膜與電解液四大類材料，其中正極材料占電池成本 50% 以上，會占有如此大之比重，在於正極材料是鋰離子主要來源，也為影響鋰電池性能表現之最大關鍵。依據工研院數據，一輛油電混合車，對電池數量要求約為一台筆電的 20 倍，而純電動車的需求量則是筆電的 1000 倍左右，潛藏商機驚人，今年上半年全球電動車銷量較去年同期提升 160%，未來這個數字還會逐年增加，具有長期趨勢。萬寶投顧楊惠宇分析師強調，由於很少有廠商能夠直接一條龍生產，故目前多半還是以不同材料、不同廠商分工為主。台廠中生產「正極材料」為美琪瑪 () 及康普()，分別生產正極材料中的原料：硫酸鈷與硫酸鎳。康普的硫酸鎳屬於「三元系鋰電池」，該電池在電動車產業中應用率高達六成，其主要客戶 Panosonic 是特斯拉電池供應商，順勢切入供應鏈，至於美琪瑪也同樣供貨給 Panosonic、同為特斯拉供應鏈，不過美瑞瑪有一套循環回收系統，能回收產量小、報價高的鈷礦，達到減少成本的效用，從兩者毛利率來觀察，美琪瑪 17% 比起康普 13.6% 高，此為其成本優勢。雖然美琪瑪毛利率較高，但康普在 2 年前佈局旗下子公司天弘，進行鈷系化學品擴廠，故在產業規模上較大，電池材料雙雄兩者各擁優勢。除康普及美琪瑪外，磷酸鋰鐵電池材料廠立凱 - KY() 近期也積極切入電動車領域，雖然三元系鋰電池仍然是電動車大宗，但磷酸鋰鐵電池擁有成本較低的優勢，在特斯拉宣布有計畫將磷酸鋰鐵電池納入考量後，也將有展露頭角的機會。受限篇幅關係，還有更多個股分析，會在 LINE 粉絲團與讀者分享。立即免費加入楊惠宇粉絲團，立即享有更多個股資訊。五福臨門楊惠宇 LINE 粉絲團︰五福臨門楊惠宇 Youtube 頻道︰五福臨門楊惠宇 FB 粉絲團︰本公司與所推介分析之個別有價證券無不當之財務利益關係 以往之績效不保證未來獲利投資人應獨立判斷  審慎評估並自負投資風險,"[['通膨', '及', '中國'], ['臺股', '帶動', '年線'], ['蘋果新機發表會', '引起', '大漣漪'], ['市場', '處於', '疲乏狀態下'], ['還有什麼題材', '值得', '我們期待'], ['楊惠宇分析師', '表示', '車市也是觀察重點'], ['除了', '看', '就業數字'], ['車市', '也是', '觀察重點'], ['明顯例子', '爲', '新冠肺炎爆發'], ['人類', '習慣', '相處'], ['各處工廠', '開始', '復工'], ['幅度', '高達', '車市'], ['電動車構造', '顛覆', '汽車產業'], ['等傳動系統', '有', '23倍高成長'], ['臺廠', '擁有', '半導體優勢'], ['電動車', '有著', '極大不同'], ['另一個關鍵', '就是', '汽車心臟'], ['鴻海', '宣佈', '()'], ['電池', '佔', '成本'], ['電動車顧名思義', '是', '轉換成電池'], ['電池種類', '有', '多種'], ['鋰離子電池', '是', '主流技術'], ['鋰電池', '具有', '等高優點'], ['最後', '是', '電動車產業'], ['日系車廠採用', '包含', '四大類材料'], ['正極材料', '佔', '50% 以上'], ['正極材料', '是', '主要來源'], ['爲', '影響', '鋰電池性能表現'], ['對要求', '爲', '倍20'], ['純電動車需求量', '是', ' 倍左右'], ['楊惠宇分析師', '強調', '目前多半爲主'], ['正極材料', '爲', ' )美琪瑪'], ['康普硫酸鎳', '屬於', '三元系鋰電池'], ['在應用率', '高達', '六成'], ['Panosonic客戶', '是', '特斯拉電池供應商'], ['美瑞瑪', '有', '循環回收系統'], ['美琪瑪', '回收', '成本優勢'], ['鈷系化學品', '擴', '廠'], ['電池材料雙雄兩者', '擁', '優勢'], ['三元系鋰電池', '是', '電動車大宗'], ['磷酸鋰鐵電池', '擁有', '有展露頭角機會'], ['特斯拉', '宣佈', '有計劃'], ['將', '有展', '露頭角'], [' LINE 粉絲團︰五福臨門楊惠宇 Youtube 頻道︰五福臨門楊惠宇 FB 粉絲團︰本公司個別有價證券', '無', '財務利益關係'], ['以往績效', '保證', '獲利投資人']]"
0,20211018_1540,國發會通過彰化鐵路高架化可行性計畫 前9月經建達成率57.26%國發會今 (18) 日召開第 91 次委員會議，會中通過公共建設計畫執行情形，累計前三季公共建設計畫經費達成率為 57.26%，總金額則較去年同期增加 410 億元，此外，國發會也通過彰化鐵路高架化可行性研究、高雄捷運小港林園線可行性研究議案。國發會表示，彰化市鐵路高架化工程規劃將從現行 2 軌改建為原線高架 4 軌佈設，並新建金馬、中央等兩座通勤車站，同時將原有彰化站改建為高架站，工程全長約 9.5 公里，總經費 399.5 億元，由中央、地方各分擔 296.73 億元、102.77 億元。國發會指出，預期彰化鐵路高架化計畫完成後，將可緩解鐵路軌道兩側都市發展交通瓶頸，同時改善空間阻隔、新舊市鎮發展差異化等問題。高雄捷運小港林園線則規劃向北銜接高雄捷運紅線小港站，並向南延伸至林園工業區，國發會表示，此方案軌道長度約 12 公里，全線共將設置 7 座車站，預估建設總經費達 533 億元、2030 年完工，通車後將整合既有高雄捷運紅線，並與施工中的岡山路竹延伸線共同營運，提升南高雄軌道運輸服務。另一方面，國發會也統計前瞻基礎建設計畫第 3 期公共建設特別預算，截至 9 月底經費執行率已達 107.55%，顯示今年度經費多可依配置期程加速執行。,"[['國發會', '召開', '第 91次委員會議'], ['經費達成率', '爲', '410億元'], ['國發會', '表示', '高架化工程規劃改建'], ['國發會', '指出', '緩解鐵路軌道兩側都市發展交通瓶頸'], ['高雄捷運小港林園線', '規劃向', '北銜接高雄捷運紅線小港站'], ['國發會', '表示', '12公里'], ['全線', '設置', '座車站'], ['國發會', '統計', '特別預算'], ['經費執行率', '達', '107.55%']]"
0,20211018_1541,志強-KY越南兩廠區階段性復工達50%製鞋廠志強 - KY() 今 (18) 日發布重大訊息指出，位於越南境內的志雄廠廠區，預計 10 月 20 復工到 3100 人，約等於先前員工人數的 50%，而先前志強 - KY 的志中廠，已獲准恢復產能 50%。。志強 - KY 主管指出，在越南的志雄廠、大華廠、大河廠、志中廠及志寧廠，原配合越南當地防疫規定停工到 10 月初才陸續申請，這段停工期間估影響產能 66%。 志強 - KY 越南志雄廠將在 10 月 20 日起恢復生產，先前已先恢復 4% 約 300 名人力生產。志強 - KY 主管說，手中掌握訂單狀況仍維持，志強 - KY 也在審慎分階段復工，以趕上客戶的需求。越南台商指出，目前胡志明市疫苗覆蓋率最高，對生產線管制鬆綁速度也最快，但是台商在胡志明市以外地區生產線復工狀況，復工速度仍緩慢。志強 - KY 主管指出，越南廠生產線因疫情封鎖而停工期間，部分員工已返回鄉間避疫，儘管目前管制放鬆，但部分地區爲控制疫情，仍不准人員跨區移動，造成人員返回工廠的交通障礙；此外，疫情反覆，部分員工也恐怕回生產線後遭到封鎖，遲遲不願返回工作崗位。,"[['強', '發佈', '重大訊息'], ['，', '位於', '越南境內'], ['預計\xa010 月 20 復工', '等於', '員工人數50%'], ['KY志中廠', '獲准', '50%產能'], ['KY志強主管', '指出', '申請'], ['\xa0志強 - KY 越南志雄廠', '恢復', '生產'], ['KY志強主管', '說', '志強KY復工'], ['志強KY', '復工以', '趕上客戶需求'], ['越南臺商', '指出', '緩慢'], ['臺商', '在', '外地區生產線復工狀況'], ['KY強主管', '指出', '部分員工返回避疫'], ['部分員工', '返回', '避疫'], ['部分地區', '不準', '人員移動']]"
0,20211018_1542,關務署三階段取消快遞通關併袋 12月起件數不得超過20件為防堵非洲豬瘟，關務署祭出三階段逐步取消空運快遞貨物併袋通關簡便措施，其中第一階段將自 11 月起取消越南等 10 國併袋通關，第二階段則是逐次降低併袋件數，12 月起併袋件數不得超過 20 件。至於第三階段則是全面取消併袋，但關務署表示，第三階段何時啟動要看前兩個階段的實施情形後進行滾動式調整。根據關務署規劃，第一階段針對來自越南等東南亞 10 國疫區的空運快遞貨物，除文件類外，其餘皆不得併袋通關，將自 11 月 1 日起實施；第二階段則規劃自 12 月 1 日起，併袋件數不得超過 20 件，明 (111) 年 2 月 1 日起併袋件數將限縮為不得超過 10 件。根據關務署統計分析，12 月 1 日起空運快遞併袋件數不得逾 20 件者，預估受影響的整體空運快遞貨物占比約 13%，單就電商快遞貨物而論約占 40%。另外，明年 2 月 1 日起，併袋件數不得逾 10 件者，預估受影響的空運快遞貨物占比約 26%，其中電商快遞貨物約占 60%。關務署表示，為降低新制對通關秩序的衝擊，將給予業者合理調整因應期間，採逐步降低併袋件數措施，台北關並已配合訂定取消併袋通關作業程序，以利業者事先因應準備。關務署重申，空運進口快遞貨物數量龐大，數件分號貨物併成一袋通關，易造成 X 光影像重疊雜亂，判讀不易，以第一階段公告 10 國進口空運快遞貨物為例，108 年到 110 年 9 月期間就查獲 60 件夾藏毒品案件，占東南亞全部國家約 8 成。,"[['關務署', '取消', '快遞通關並袋'], ['起件數', '超過', '20件'], ['關務署', '祭出', '簡便措施'], ['第二階段', '降低', '袋件數'], ['袋件數', '超過', '20件'], ['關務署', '表示', '啓動第三階段後進行滾動式調整'], ['啓動第三階段', '後進行', '滾動式調整'], ['第一階段針對', '來自', '空運快遞貨物'], ['第二階段', '規劃', '袋件數超過20件'], ['袋件數', '超過', '20件'], ['袋件數', '不得逾', '20件者'], ['預估', '受', '影響'], ['袋件數', '不得逾', '10件者'], ['預估', '受', '影響'], ['比', '佔', '26%'], ['電商快遞貨物', '佔', '60%'], ['關務署', '表示', '給予'], ['訂定作業程序', '取消', '並袋通關'], ['數件分號貨物', '成', '一袋通關']]"
0,20211018_1543,亞太電斥22.32億元 取得遠傳5G 3.5GHz頻段使用權亞太電 () 今 (18) 日公告，為支援 5G 頻寬、加速網路涵蓋及多元應用等，將以 22.32 億元向遠傳 () 取得 3.5GHz 頻段共頻共網的網路容量使用權。亞太電指出，為了支援公司 5G 頻寬、降低 5G 網路建置成本、加速網路涵蓋及聚焦多元應用及內容服務，因此向遠傳取得 3.5GHz 頻段，將帶給用戶更優質的 5G 服務和網路體驗。亞太電與遠傳的 5G 三共合作，今年 8 月獲國家通訊傳播委員會 (NCC) 通過，遠傳將持股 11.58%，成亞太電僅次鴻海的第二大股東，並取得一席董事；亞太電則分擔遠傳 5G 3.5GHz 頻段共頻共網 9 分之 2 成本。亞太電以較低的成本使用完整的 5G 網路，且網速可達 1Gbps，看好有網路奧援及 5G 新機加持下，目標年底 5G 用戶滲透率可達 20%，以目前 200 萬用戶估算，上看 40 萬戶。資費比重方面，亞太電認為，短期內 5G 資費未有大幅波動，且 799 元資費已來到甜蜜點，目標今年 799 元資費比重拉升至 3 成，999 元以上比重則有 7 成。亞太電受惠 5G 推出後，加上高資費帶動下，今年 9 月營收攀升至 11.5 億元，月增 9.9%，年增 9.7%，年增幅也是今年來首次轉正；累計前 9 月營收 93.69 億元，年減 6.9%。,"[['亞太', '電斥', ' 日公告'], ['爲', '支援', '5G'], ['亞太電', '指出', '取得3.5GHz頻段帶給'], ['三共合作', '獲', '國家通訊傳播委員會NCC通過'], ['亞太電', '分擔', '2分成本'], ['亞太電', '使用', '5G網路'], ['1Gbps', '看好', '有網路奧援'], ['5G用戶滲透率', '可達', '20%'], ['亞太電', '認爲', '未有'], ['5G資費', '未有', '大幅波動'], ['799元資費', '來到', '甜蜜點'], ['799元資費', '至', '3成'], ['則', '有', '7成'], ['年增幅', '也是', '轉正'], ['營收', '93.69', '億元']]"
0,20211018_1544,泰昇本月底可望恢復越南廠全數產能 Q4營收逐月回升東協紙尿褲品牌廠泰昇 - KY() 越南生產及產品銷售，受疫情影響趨緩，隨著當地政府放寬，泰昇越南廠生產稼動率已提高到 8 -9 成，公司指出，預估在本月底越南生產線將恢復 100% 產能，預估第四季營收將逐月走高。隨著第四季越南疫情緩解，在旺季帶動下，泰昇營運將有重返成長機會，泰昇 - KY 主管認為，7 月營收 1.12 億元應爲今年全年最低點，8、9 月營收已逐月回升。泰昇主管表示，越南胡志明市因疫苗覆率高，因此放寬封城管制速度及幅度較大，泰昇胡志明生產線產能利用率已提高到 8-9 成，近期越南政府釋出逐步解封訊息，將恢復正常經濟活動，因通路庫存極低，可能會有大量拉貨動能。目前台商在越南其他地區，雖然政府解除「三就地」管制原則，但仍不准人員跨區移動，造成台商復工速度緩慢，泰昇 - KY 廠區位於胡志明市，聘用主要以胡志明當地員工爲主，並沒有人員跨區移動問題，因此加速復工速度，預估本月底產線將恢復 100% 產能。泰昇今年 9 月營收爲 1.35 億元，連績 3 個月回升，前 9 月營收則達 12.41 億元，年減 10.73%，目前泰昇產品已順利漲價適當反映成本，並積極嚴控費用支出，第四季恢復生產線正常稼動率、營收提高，可望有助獲利表現。,"[['泰升越南廠生產稼動率', '提高到', ' 8 -9成'], ['公司', '指出', '預估'], ['越南生產線', '恢復', '100%產能'], ['泰升營運', '有', '成長機會'], [' 億元，泰升 - KY 主管認爲，7 月營收\xa01.12', '爲', '全年低點'], ['泰升主管', '表示', '較大'], ['泰升胡志明生產線產能利用率', '提高到', '8-9成'], ['越南政府', '釋出', '解封訊息'], ['大量', '拉', '貨'], ['臺商', '在', '越南其他地區'], ['政府', '解除', '管制原則'], ['泰升', '區位於', '胡志明市'], ['本月底產線', '恢復', '100%產能'], ['前9月營收', '達', '12.41億元']]"
0,20211018_1545,全運會首納電子競技項目 華碩、宏碁大搶電競商機110 年全國運動會首次將電子競技納入正式運動項目中，品牌大廠華碩 ()、宏碁 () 也搭上電競熱潮，贊助推動並建立電競生態圈，華碩旗下 ROG 玩家共和國就是本屆全運會官方唯一指定硬體品牌，宏碁電競品牌 Predator 掠奪者則贊助台北市城市電競代表隊。華碩表示，今年全國運動會電子競技項目，將由新北市政府教育局、臺北城市科技大學電腦與通訊工程系共同舉辦，旗下 ROG 玩家共和國是本屆賽事唯一指定硬體品牌，提供賽事電競主機 Powered by ASUS、電競螢幕 TUF Gaming VG279Q1R，以及周邊電競耳麥、電競滑鼠、電競滑鼠墊、機械式電競鍵盤等。華碩開放平台業務處總經理鐘偉剛表示，ROG 玩家共和國深耕各類活動與賽事，很榮幸可以成為本次官方賽事唯一指定硬體使用電競品牌，未來將持續支持電競產業長期發展。此外，宏碁也宣布旗下電競品牌 Predator 掠奪者贊助臺北市城市電競代表隊—臺北熊讚電競戰隊，為首度與城市電競代表隊合作，宏碁指出，近年積極投入電競相關產業，旗下電競品牌 Predator 掠奪者更長年贊助校園電競賽事及活動，希望藉此培育更多電競潛力新秀。營運方面，華碩、宏碁受惠終端零售通路商庫存水位偏低，加上電競、商務需求強勁，筆電出貨維持高檔，華碩 9 月品牌營收更首度突破 500 億元大關，達 532.47 億元，第三季營收也衝上 1300.92 億元，單月、單季雙寫新猷，宏碁第三季營收也達 811.34 億元、年增 1.4%，創下近 7 年同期新高。,"[['全國運動會', '納入', '運動項目中'], [' )', '搭上', '電競熱潮'], ['玩家共和國', '就是', '硬體品牌'], ['Predator品牌掠奪者', '贊助', '電競代表隊'], ['華碩', '表示', '舉辦電子競技項目'], ['玩家共和國', '是', '硬體品牌'], ['開放平臺業務處總經理鍾偉剛', '表示', '各類活動'], ['宏碁', '宣佈', '電競品牌Predator掠奪者贊助臺北熊贊電競戰隊'], ['電競品牌Predator掠奪者', '贊助', '臺北熊贊電競戰隊'], ['宏碁', '指出', '投入相關產業'], ['Predator掠奪者', '贊助', '校園電競賽事'], ['筆電出貨', '維持', '高檔'], ['更首度', '突破', '500億元大關']]"
0,20211018_1546,台灣高鐵甩陰霾 11/8起增班至疫情前水準台灣高鐵 () 今 (18) 日宣布，隨著國內疫情趨緩、旅運需求復甦，自 11 月 8 日起再增班，每周共將提供 1016 班次旅運服務，並同步回復自由座，正式恢復本土疫情爆發前的班次水準，後續也將視旅運需求增開臨時加班，第四季營運動能可期。高鐵表示，為避免自由座車廂過度擁擠，通勤尖峰車次的自由座車廂數將視需要調整為 4 至 8 節，並將視旅運需求增開臨時加班車，必要時或開放對號座車廂玄關供自由座旅客站立。同時，考量疫情穩定，高鐵也決定 11 月起恢復提供列車上的 TLife 雜誌，並自明日起重新開放民眾參觀台灣高鐵探索館。不過，高鐵強調，高鐵各車站內目前雖開放旅客於維持社交距離狀況下，可暫時取下口罩飲食，但飲食完畢後仍須佩戴口罩，而列車上仍維持禁止飲食規定。高鐵前三季合併營收年減 25.52% 至 205.77 億元，在 6 月營收創低後，自 7 月起回復月增態勢，9 月合併營收回到 5 個月來高點，法人認為，隨著高鐵班次已回復過去正常水準，營運逐月升溫可期。,"[['臺灣高鐵', '甩', '增班'], ['高鐵', '表示', '自由座車廂數調整'], ['高鐵', '決定', '恢復'], ['高鐵', '強調', '取下飲食'], ['雖', '開放', '旅客'], ['月合併營', '收回到', '來'], ['法人', '認爲', '回覆正常水準']]"
0,20211018_1547,東洋總座施俊良爆內線交易遭解任 由林全兼任東洋 () 去年爭取德國 BNT 新冠疫苗台灣代理權破局後，總經理施俊良、重症醫療事業群副總經理屈志源等 26 人爆內線交易，東洋今 (18) 日隨即召開董事會解任施俊良，並由董事長林全接任總座一職。施俊良在東洋任職近 20 年，去年 7 月 1 日接下總經理後，目標搶攻疫苗和外銷市場商機，據了解，東洋去年洽談代理 BNT 疫苗時，就由施俊良主導。當時，施俊良強調，東洋具備三大優勢，包括公費流感疫苗政府標案經驗、提出完整冷鏈物流配送計畫，及過去代理藥品安全性檢測 (PV) 經驗，只花半年時間完成授權案。不過最終 BNT 與台灣衛福部疾管署，在新冠疫苗的數量與價格未達成共識，因此東洋將無法如期代理疫苗來台。由於東洋代理 BNT 疫苗消息曝光前，股票交易狀況異常，加上接獲民眾告發違反證券交易法，施俊良、屈志源等 14 名公司員工以及 12 名親友遭到檢調約談，總計不法獲利約 500 萬元。,"[['林全', '兼任', '東洋'], ['東洋洽談', '代理', 'BNT疫苗'], ['施俊良', '強調', '東洋具備三大優勢'], ['東洋', '具備', '三大優勢'], ['在數量', '達成', '共識'], ['東洋', '代理', '疫苗']]"
0,20211018_1548,外資低點布局長榮2.9萬張 大賣群創、聯電各超過2萬張台股今 (18) 日受到貨櫃三雄持續破底，加上電子雙雄開高走低，獲利了結賣壓出籠，下跌 75.73 點，收 16705.46 點。外資現貨大買金融股，並逢低承接長榮 2.9 萬張，但大舉調節群創超過 2.4 萬張、聯電 2.3 萬張。觀察法人籌碼，外資今日持續加碼 32.84 億元，連三買；投信持續賣超 6.34 億元；自營商買超 2.55 億元，三大法人共買超 29.01 億元。期貨方面，外資增持空單 1343 口，空單未平倉口數增至 19002 口；投信回補空單 141 口，空單未平倉口數降至 3665 口；自營商增持多單 168 口，多單未平倉口數增至 13283 口。外資今日買超集中在金融股，大買新光金 6.6 萬張，開發金 2.5 萬張，中信金、台新金、元大金分別逾 1.1 萬張，兆豐金 9665 張，國泰金、合庫金、第一金也獲敲進逾 4000 張。貨櫃三雄近來股價頻破底，外資逢低承接，大買長榮 2.9 萬張、萬海 4190 張，也買超新興 5716 張、慧洋 - KY 4397 張，同步買超傳產股中纖 1.4 萬張、華新 6629 張，和桐、中鋼各逾 3000 張；電子股宏碁 6140 張，昇貿、佳世達、英業達、鴻海、廣達各超過 2500 張。外資賣超方面，大舉調節群創 2.4 萬張、聯電 2.3 萬張、大同 1.9 萬張。各賣超塑化族群華夏、亞聚、永光，電子股廣宇、日月光投控，運輸族群陽明、華航逾 4000 張，鴻準、彩晶、欣銓等電子股逾 3000 張。法人指出，若美股科技股釋出優異財報，股價轉強後，台股電子股有機會帶動大盤走高；近期大盤估維持震盪整理，反彈不追高，後續若震盪拉回都可逢低布局。,"[['各', '超過', '2萬張臺股'], ['超過2萬張臺股今', '受', '到貨櫃三雄破底'], ['到貨櫃三雄', '破', '底'], ['電子雙雄', '開', '高'], ['調節羣創', '超過', '2.4萬張'], ['未平倉口數', '增至', '19002口'], ['未平倉口數', '降至', '3665口'], ['自營商', '增持', '多單口'], ['未平倉口數', '增至', '13283口'], ['外資', '買', '超'], ['今日', '買', '超'], ['中信金', '逾', '1.1萬張'], ['獲敲', '逾', '4000張'], ['近來股價頻', '破', '底'], ['桐', '各逾', '3000張'], ['等鴻準電子股', '逾', '3000張'], ['法人', '指出', '若美股科技股釋出優異財報'], ['若美股科技股', '釋出', '優異財報'], ['股價', '轉', '臺股電子股有機會'], ['大盤', '走', '高'], ['大盤估', '維持', '震盪整理']]"
0,20211018_1549,小確幸來了！綜所稅第二批退稅10/29入帳109 年度綜所稅第二批退稅將在 10 月 29 日發放，根據財政部統計，第二批退稅共約 18 萬 8000 件，退稅金額約 26 億 5685 萬元。南區國稅局表示，第二批退稅主要是 5 月 10 日前向非戶籍所在地國稅局申報者，以及 5 月 11 日後採人工申報、二維條碼與稅額試算紙本回復者，以及受疫情影響而遞延申報的醫事人員案件。南區國稅局表示，符合退稅條件者，如果選擇直撥退稅，退稅款將在 10 月 29 日當天撥入指定帳戶，至於未採用直撥退稅者，國稅局會在 29 日寄發退稅憑單，民眾接獲退稅憑單後可向指定金額機構提出交換，但若退稅金額不滿 5000 元，可就近向退稅憑單上所載之指定付款銀行兌領現金。國稅局提醒，如果逾期仍尚未兌領者，屆時可攜帶該憑單、國民身分證向原填發退稅憑單的稽徵機關申請展延兌領期限，再儘速持已展期的退稅憑單向金融機構或郵局提出兌領退稅款。,"[['南區國稅局', '表示', '第二批退稅是向所在地國稅局申報者'], ['第二批退稅', '是', '向所在地國稅局申報者'], ['日後', '採', '人工申報'], ['以及', '受', '疫情'], ['南區國稅局', '表示', '退稅款撥入指定帳戶'], ['退稅款', '撥入', '指定帳戶'], ['國稅局', '寄', '憑單'], ['民衆', '接獲', '單'], ['退稅金額', '不滿', '5000元'], ['國稅局', '提醒', '攜帶該憑單']]"
0,20211018_1550,國銀9月人民幣存款連2減 央行：金額微小變化不大台灣央行今 (18) 日公布 9 月銀行辦理業務概況，截至 9 月底，全體國銀存款餘額 (含 NCD) 共 2375.05 億元 (以下金額均為)，較上月略下滑 3.32 億元，減幅 0.14%，呈現連 2 減，央行指出，金額變化不大。央行說明，9 月指定銀行 (DBU) 存款中，法人戶和個人戶均減少，又以法人戶定存減少相對多，主要是因公司行號以支付貨款，不過，國際金融業務分行 (OBU) 略較上月增加，則是因銀行有 OBU 客戶對外借款，整體金額其實變化不大。央行統計，9 月 DBU 存款餘額月減 6.21 億元至 2073.3 億元，減幅 0.3%，而國際金融業務分行 (OBU) 則增加 2.89 億元至 301.75 億元，月增 0.97%。匯款方面，9 月 DBU 匯款總額較上月增加 170 億元至 1282.44 億元，月增 15.97%，而 OBU 匯款總額也較上月增加 208.94 億元至 697.11 億元，月增 42.8%，主要是因三角貿易貨款的匯出入增加，加上國際資金調度所致。央行同步公布最新各天期最高牌告利率，分別是 1 個月期永豐銀的 3.05%、3 個月為彰銀 2%，6 個月為土銀 2.3%、9 個月為日盛銀 1.8%，而 1 年期是土銀的 2.4%，除了 6 個月期略降 0.05 個百分點，其他利率均與上月相同。央行也提供中銀台北最新牌告利率，1 個月為 2.01%、3 個月期 2.1%、6 個月期 2.12%、9 個月期 2.35%、1 年期 2.45%；其中，1 個月、3 個月和 1 年期利率略上調 0.01-0.03 個百分點不等，僅 6 個月期略下調 0.04 個百分點，而 9 個月期持平。另外，台灣存款餘額在主要離岸市場仍穩居第二，僅次香港 8427 億元 (8 月底)，高於新加坡 1610 億元 (第二季底) 和南韓。,"[['不大臺灣央行', '公佈', '銀行辦理業務概況'], ['2375.05億元', '含', 'NCD'], ['央行', '指出', '不大'], ['央行', '說明', '法人戶減少'], ['公司行號', '支付', '貨款'], ['銀行', '有', 'OBU客戶借款'], ['央行', '統計', 'DBU 存款餘額月減6.21億元'], ['DBU 存款餘額', '月減', '6.21億元'], ['DBU匯款總額', '增加', ' 億元億元'], ['OBU匯款總額', '增加', '208.94億元'], ['月', '增', ' 42.8%'], ['個月', '爲', '彰銀'], ['個月', '爲', '土銀'], ['央行', '提供', '最新牌告利率'], ['個月', '爲', '2.1%月期'], ['臺灣存款餘額', '穩居', '第二']]"
0,20211018_1551,中華電5G AR+AIoT應用導入長照系統 目標三年內供應8000床中華電 () 今 (18) 日宣布，集團子公司中華系統整合與佐臻等公司，透過國發會 5G 高雄榮家智慧長照計畫，將 5G AR+AIoT 首次導入長照系統，預計明年底前建置完成，中華電董事長謝繼茂表示，預計三年內擴大至 16 所榮家、提供 8000 床智慧長照服務。中華系統整合公司攜手佐臻、品臻、雲達、雲鼎、毅邦等研發團隊，以 5G 高雄榮家智慧長照計畫，爭取到國發會亞洲 • 矽谷 5G 計畫資源，提供全台首個利用 5G AIoT 智慧眼鏡及 AR 擴增實境的第一視角進行長照服務。中華電表示，該計畫將協助岡山榮家導入 5G AIoT，並與高雄榮總進行 5G 遠距會診，提升榮家診療效率，讓高齡病患在不出門情況下，即可有醫療照護。此外，中華電將建置 5G 企業專網、雲達 5G O-RAN 與 5G 智慧照護系統，並將應用於榮家數位轉型訊息整合平台、AR 智慧照護 / 緊急送院 / 遠距探病、智慧排班、AIoT 生命體徵自動上傳、AIoT 毫米波安全感測、3D 可視化病房監看等，預計明年第四季前完成系統驗證。中華電進駐高雄亞洲新灣區 5G AIoT 創新園區，積極投入資通訊基礎設施、雲端機房、5G 網路建設、投入研發產品以及提供解決方案，並與雲端平台商、SI 系統整合商、終端設備商及垂直應用服務商等對接，將應用落地高雄。謝繼茂表示，中華電自去年 5G 率先開台後，致力加速 5G 建設、發展 5G 企業專網及相關智慧應用。同時，身為高雄亞洲新灣區 5G AIoT 國際大聯盟創始成員之一，自今年 4 月進駐後，並於今日宣布 5G AIoT 智慧醫療正式落地。謝繼茂指出，中華電信與中華系統整合公司，預計將 5G 智慧應用服務結合數位榮家轉型策略，提供高雄榮家 5G 行動化養護機構解決方案與數位轉型服務，並規劃三年內擴大至全台 16 所榮家，提供 8000 床智慧長照服務。,"[['內', '供應', '8000牀中華電'], ['集團子公司中華系統整合', '透過', '智慧長照計劃'], ['中華電董事長謝繼茂', '表示', '預計智慧長照服務'], ['中華系統整合公司', '攜手', '研發團隊'], ['首個', '利用', '擴增實境'], ['中華電錶', '示', '該計劃協助'], ['電將', '建置', '5G企業專網'], ['中華電', '進駐', '投入資通訊基礎設施'], ['謝繼茂', '表示', '致力加速5G建設'], ['謝繼茂', '指出', '中華電信中華系統整合公司預計結合數位榮家轉型策略'], ['中華電信中華系統整合公司', '預計', '結合數位榮家轉型策略']]"
0,20211018_1552,日月光攜張媽媽慈善基金會、佛光山 啟動急難救助城中城受災戶高雄市鹽埕區「城中城」大樓發生火災重大事故，日月光投控 () 與財團法人張姚宏影社會福利慈善事業基金會 (張媽媽慈善基金會) 展現慈悲愛心，先行捐贈 500 萬元，與佛光山共同啟動急難救助關懷服務，讓突遭變故致生活陷困的受災民眾暫時紓緩困境，期能協助災民們度過難關。為協助緊急安置受災戶，日月光與張媽媽慈善基金會結合佛光山的慈善力量，啟動急難救助關懷服務。佛光山已於 10 月 15 日起連續三天，送餐百份至事故現場，提供警消人員、鄰里幹部與受災居民外，16 日配合高雄市政府民政局聯合豎靈，於高雄市立殯儀館進行首場超薦佛事，並將協助辦理頭七超薦佛事，使受難亡靈安息，生者得到撫慰。提供急難救助部分，日月光將結合佛光山志工實施各項救助方案，針對受災戶及受災戶家屬現正面臨的困難，進行救助，除延續上述關懷服務，如發送慰問金給罹難家屬與傷者，關懷無居所者的緊急安置與獨居、老病長者照護關懷。後續長期扶助的部分，張媽媽慈善基金會亦將輔導遭逢升學困難的學生並提供獎助金，如有工作需求者，經過訓練後，日月光將提供適當的就業機會。,"[['共同', '啓動', '救助'], ['受災民衆', '紓緩', '困境'], ['日月光與張媽媽慈善基金會', '結合', '慈善力量'], ['佛光山', '送餐至', '事故現場'], ['生者', '得到', '撫慰'], ['日月光', '結合', '佛光山志工'], ['受災戶家屬', '現', '正面臨困難'], ['張媽媽慈善基金會', '輔導', '遭逢升學學生'], ['日月光', '提供', '就業機會']]"
0,20211018_1553,〈鴻海科技日〉宣布成立軟體研發中心 3年內徵千名工程師鴻海 () 今 (18) 日在科技日上宣布，將成立軟體研發中心，規劃集結鴻海科技集團內部 1500 名以上的軟體應用人才外，計畫 3 年內再招募千名以上的軟體研發工程師。鴻海董事長劉揚偉表示，鴻海蛻變的開始，就是以軟體定義企業 (Software Defined Enterprise) 為核心，將針對電動車載所需要的軟體推出開放平台、演算軟體等項目，硬體平台造車已經到位後，下一步將是軟體平台的完善。劉揚偉指出，電動化是大勢所趨，智能化則是決勝關鍵，未來汽車競爭還是在軟體跟半導體，對鴻海來說，硬體、軟體、半導體都是競爭優勢，也有全球化布局。鴻海接續上午發表三台電動車實車後，下午也舉辦車載軟體論壇，除了探討座艙智能化與乘坐體驗應用、智能車載軟體 AutoCore OS，以及一代 EV Zonal 電子電氣架構，並展示安全的自動駕駛車輛如何在真實環境中工作，不只揭櫫鴻海打造智能化電動車的下一重點區塊，也代表明年科技日將由軟體接棒。,"[['鴻海科技日', '宣佈', '成立軟體研發中心'], ['〉', '宣佈', '成立軟體研發中心'], ['鴻海董事長劉揚偉', '表示', '就是'], ['鴻海蛻變開始', '就是', '爲核心'], ['下一步', '是', '軟體平臺完善'], ['劉揚偉', '指出', '電動化是所趨'], ['電動化', '是', '所趨'], ['智能化', '是', '決勝關鍵'], ['汽車競爭', '在', '軟體'], ['硬體', '都是', '競爭優勢'], ['鴻海', '發表', '實車']]"
0,20211018_1554,聯合再生今年底將有30MW太陽能案場掛表貢獻營收根據教育部統計資料，目前全國有 1261 所學校無室內運動場地，聯合再生能源 () 積極參與地方基礎建設，已完成全台最大太陽能風雨球場，規模約 2MW，預計月底掛表，截至今年底，將有約 30MW 的太陽能案場掛表，並貢獻營收。展望 2022 年，聯合再生表示，將以開發太陽能系統並長期持有維運為方向，再開發約 300MW 的台灣案場，未來將為公司貢獻穩定的電費收入。另外，聯合再生將在台南建置約 4.6MWh 的儲能設備，投資金額約 1.2 億元，預計 2022 年第一季動工。聯合再生指出，開展第二階段任務至今已有顯著成績，台灣政府標案部分得標率約 6 成，並已取得 230MW 左右的標案，其中包括台灣自來水公司、台南停車場及高雄旗津生命紀念館等約 30MW 標案，將在今年底掛表併網，其他如全台各地方公有房舍標案等約 100MW，將在明年陸續併網，預計每年可帶進約 7.2 億元的售電收入。總統蔡英文在雙十國慶上宣示 2050 年淨零排放目標，台灣將持續進行能源轉型政策，聯合再生積極響應政府政策，預計 2022 年開發 100MW 的漁電共生太陽能案場，並於地層下陷地區及不利耕作農地開發約 200MW 左右的太陽能案場，全年總計應可開發 300MW 的太陽能案場，對台灣綠能做出貢獻。隨著淨零排放及碳中和成為趨勢，間歇性再生能源對能源供給的占比也越來越大，儲能系統在調節電力平滑輸出及減少對電網衝擊有極為重要的角色，台電規劃 2025 年電池儲能系統參與輔助服務的容量目標將達 1000MW。聯合再生表示，有鑑於綠色能源的使用最佳化，致力於建構儲存能源的完整方案部分，今年一舉拿下台電最大的儲能系統裝置標案。目前，聯合再生將於台南自建大型儲能設備，規劃儲能設備規模為 4.6MWh，預計投入 1.2 億元。此系統將配合配合台電電網，參與日前輔助服務市場，將在 2022 年第一季開始建置，預計第二季完工。,"[['聯合再生', '有', '太陽能案場掛錶貢獻營收'], ['全國', '有', '所學校無室內運動場地'], ['所學校', '無', '室內運動場地'], ['再生能源)', '參與', '基礎建設'], ['將', '有約', '30MW'], ['開展第二階段任務', '已有', '顯著成績'], ['其他', '包括', '約30MW標案'], ['的', '售', '電'], ['總統蔡英文', '宣示', '排放目標'], ['臺灣', '進行', '能源轉型政策'], ['儲能系統', '參與', '輔助服務'], ['儲能系統', '參與', '輔助服務'], ['儲能系統參與輔助服務容量目標', '達', '1000MW'], ['聯合再生', '表示', '鑑於'], ['聯合', '再生於', '儲能設備'], ['規劃設備規模', '爲', '4.6MWh'], ['此係統', '配合', '臺電電網']]"
0,20211018_1555,安集9月獲利年減7成 EPS 0.13元太陽能模組廠安集 () 今 (18) 日公布 9 月自結，稅後純益 1440 萬元，年減 70%，每股稅後純益 0.13 元。安集 9 月營收 1.38 億元，月增 25.99%，年減 61.78%，第三季營收 3.26 億元，季增 6.42%，年減 65.7%，累計前三季營收 8.26 億元，年減 52.7%。安集上半年受疫情與原物料上漲影響，併網速度緩慢並遞延，由於併網期限將至，第三季出貨已逐漸回溫，營收季增約 6%，第四季太陽能模組出貨可望加速。此外，中國發生限電風波，推升太陽能模組報價持續向上，而美國近來展開太陽能反規避調查，多家台廠證實迎來轉單，市場看好安集單月營收可望重回 2 億元以上的水準。,"[['，', '累計', '前三季營收'], ['中國', '發生', '限電風波'], ['美國', '展開', '反'], ['太陽能', '反', '規避調查'], ['多家臺廠證', '實', '迎來轉單'], ['市場', '看好', '水準']]"
0,20211018_1556,搶跨境電商大餅 聯邦快遞攜手7-11推國際取貨服務國際快遞業者聯邦快遞 () 今 (18) 日宣布，與超商龍頭統一超 ()7-ELEVEN 合作，將 FedEx Delivery Manager(FDM) 取貨服務擴展至 7-ELEVEN 門市全台逾 6200 家門市，搶攻跨境電商商機，也是聯邦快遞在台灣的重要布局里程碑。聯邦快遞說明，過去與 7-ELEVEN 的合作範圍僅個人與個人間的國際快遞業務，此次是將國外電商業者納入，讓消費者和中小電商可藉此更便利進行跨境電商交易。7-ELEVEN 表示，此次與聯邦快遞結盟，新增國際快遞電商包裹 7-ELEVEN 店取服務，主要著眼於快速成長的跨境電商市場商機，有助進一步推升店鋪的包裹收取量。聯邦快遞台灣區總經理朱興榮表示，亞洲 B2C 電商業務去年大幅成長，估計線上銷售額占全球總銷售額超過 50%，在亞洲電商強勁的成長趨勢下，攜手 7-ELEVEN 在國內廣大的零售網絡，可讓零售商較以往更容易為客戶提供靈活性和便利性。FedEx Delivery Manager 是互動式電子商務遞送解決方案，零售業者可為其宅配客戶提供額外的彈性、客製化的遞送時間和地點選項，且不需額外收費，透過 FDM 服務，B2C 客戶還可以收到貨件追蹤通知，並檢查進貨和出貨的狀態。,"[['搶電商商機', '也是', '重要佈局里程碑'], ['此次', '是', '納入'], ['7ELEVEN', '表示', '與聯邦快遞結盟新增包裹店取服務'], ['與聯邦快遞結盟', '新增', '包裹店取服務'], ['臺灣區總經理朱興榮', '表示', '估計總銷售額超過50%'], ['總銷售額', '超過', '50%'], ['FedExDelivery Manager', '是', '互動式電子商務遞送解決方案'], ['零售業者', '提供', '額外彈性']]"
0,20211018_1557,瑞軒10月電視出貨維持高檔 全年可望優於去年電視組裝及品牌大廠瑞軒 () 越南二廠產能逐步開出，加上成本受面板價格壓力降低，第三季電視及電競顯示器出貨量衝上 125 萬台，季增 25%，展望第四季，瑞軒表示，傳統旺季需求將延至本月，預期電視出貨仍將維持高檔，全年出貨也可望優於去年 430 萬台。瑞軒今年前三季電視及電競顯示器出貨量分別達 95 萬台、100 萬台、125 萬台，其中，第三季起受惠越南二廠新產能開出激勵，出貨量逐月成長，瑞軒指出，8、9、10 月為傳統拉貨高峰，今年變化不大。展望全年，瑞軒表示，原預期今年整體電視、顯示器出貨量將上看 500 萬台，但受限供應鏈缺料、貨運遞延影響，下修全年出貨預期，但仍可望超過去年全年的 430 萬台水準，滑鼠、Webcam 等電腦周邊產品全年出貨則維持原先 1000 萬個目標。另一方面，瑞軒 2019 年投資日本 GROOVE X 跨入機器人市場，出貨也穩定成長，瑞軒統計今年前三季出貨已達 7000 萬台，超越去年全年的 6000 萬台，預期今年全年出貨將突破萬台，年增幅上看六成，但目前仍以日本為主要市場。瑞軒 9 月在越南二廠產能開出下，單月營收攀上 24.64 億元，月增 12.3%、年增 31.4%，第三季營收 65.85 億元，季增 35.8%、年增 43.8%，單月、單季雙雙改寫 2017 年以來新高紀錄，累計前三季營收則達 159.42 億元、年增 37.8%。,"[['第三季電視出貨量', '衝', '125萬臺'], ['傳統旺季需求', '延至', '本月'], ['前三季電視出貨量', '達', '95萬臺'], ['新產能', '開出', '激勵'], ['瑞軒', '指出', '8爲拉貨高峯'], ['8', '爲', '拉貨高峯'], ['傳統', '拉', '貨'], ['瑞軒', '表示', '維持萬個目標'], ['整體電視', '看', '500萬臺'], ['缺料', '修', '出貨預期'], ['2019 年', '投資', '日本'], ['投資日本GROOVEX', '跨入', '機器人市場'], ['出貨', '達', '6000萬臺'], ['前三季營收', '達', '159.42億元']]"
0,20211018_1558,〈光寶科法說〉缺料訂單遞延 Q4不淡營收可望季增1成光寶科 () 今 (18) 日召開法說，總經理邱森彬看好，第四季營收可望季增 1 成，毛利率也將成長，明年雖挑戰多但仍樂觀看；他並認為，中國限電將成常態，若情況趨嚴重，會加速海外擴充計畫。邱森彬表示，受缺料影響，部分車用電子、PC、消費性電子產品訂單遞延至第四季，車電與雲端維持強勁成長動能，加上產品組合優化，預期第四季營收將較上季、去年同期成長，增幅估將達 1 成，毛利率也可望優於第三季，營運不淡，明年挑戰還蠻多，但對展望仍樂觀看待。對於缺料影響，邱森彬指出，雖然晶片缺料情況不太樂觀，但今年初已啟動部分產品變更設計，避開材料短缺困境，加上東南亞、台灣與泰國等地都陸續開出新產能，產能調配更彈性，更改設計的速度、生產製造的彈性，成為缺料關頭的重要競爭優勢。談及中國限電政策，邱森彬認為，雖然目前未受限電影響，但預期會是日後的常態，幾年前光寶科就已規劃全球布局，在越南、泰國與墨西哥等地分散製造，若中國限電日趨嚴重，將加速海外擴充，目前已計畫在泰國光電廠擴產。邱森彬也說，目前材料供給仍然很緊張，將維持一貫做法，若材料漲價，也會與客戶溝通調整價格。光寶科今年主要成長動能來自光電事業，光寶科設下 2021-2024 年光耦營收 CAGR 達 10-15%，光電感測營收 CAGR 25-30%，及 LED 光源 CAGR 10-15% 的目標。對於車充、5G 小基站等新事業，邱森彬指出，隨著電動車蓬勃發展，明年車充產品將成為營運主要成長動能之一，營收將有雙位數成長；5G 小基站已有第一筆訂單到手，年底前將部分出貨，樂觀看待未來 2-3 年小基站的爆發性成長空間。\,"[['〉', '缺', '料'], ['他', '認爲', '限電成常態'], ['限電', '成', '常態'], ['邱森彬', '表示', '影響'], ['車電', '維持', '成長動能'], ['毛利率', '可望優於', '第三季'], ['邱森彬', '指出', '啓動部分產品變更設計'], ['晶片', '缺', '料'], ['邱森彬', '認爲', '預期是日後常態'], ['預期', '是', '日後常態'], ['光寶科', '規劃', '全球佈局'], ['邱森彬', '說', '維持一貫做法'], ['動能', '來自', '光電事業'], ['光寶科', '設', '30%營收'], ['邱森彬', '指出', '車充產品成爲成長動能之一'], ['車充產品', '成爲', '成長動能之一'], ['營收', '有', '雙位數成長'], ['小基站', '已有', '第一筆訂單到手']]"
0,20211018_1559,今日如預期調整上周的量價背離 漢磊準備挑戰歷史高點美股周五明明都大漲，台股為何又漲不動? 其實就是筆者所說: 在周線的角度出現了小瑕疵，上週價漲量縮，行被量價背離，本周要修正，而以周 K 線的角度來看，若要修正，當然上半周跌，下半周漲，這樣周 L 線才回出現下影線，才漂亮！指數從 18034 點修正至今 16162 點，跌了近 10%，融資修正近 17.8%，短線籌碼回歸安定，而昨日指數雖壓回但持續升值，所以短多並未被破壞！外資買超 32.81 億元，投信賣超 6.34 億元，自營商買超 2.54 億元，行情該不會又要再壓回吧？永誠投顧徐照興分析師表示，美股、NASDAQ 、日線持續交叉，其中周 KD 也轉為交叉！有望再過歷史高喔！所以美股沒有問題，而加權也再上周三出現龍捲風操盤術: 中階版本的反轉訊號，目前反彈並未改變！所有文章都可搜尋「徐照興鉅亨網」新聞，而動態影音檔，可當連續劇看 (日更)  貨櫃航運：長榮 ()、陽明 () 、萬海 ()，今天三檔股票持續下跌，其中台驊投 () 更為弱勢，各位還在船上的水手辛苦了！這族群急跌後會反彈，但反彈，還是要先出一趟，上面套牢籌碼太多！有搶短多的人，今天低點設防守！今日雖然指數回檔，上週跟大家分享該避開的風力發電: 上緯投 ()、世紀鋼 () 續跌越峰() 乙盛() 英濟() 博智() 廣宇() 大跌，而過去一再強調的第三代半導體：漢磊 ()、嘉晶 () 拉尾盤、鋁漲價概念股的廷鑫 ()一早差點漲停，代表是，行情即便回檔，選對股還是能逆勢抗跌！這種盤中觀察重點，全在免費的 TG:Telegram：https://t.me/imoney168我們一直追蹤的 IP 矽智財：力旺 ()拉尾盤、智原 () 震盪壓回、創意 () 相對有守，世芯 () 拉尾盤，金麗科 () 震盪、晶心科 () 震盪，這族群今天表現較不整齊！有衝高不能追，震盪壓回才能站在買方！而「農糧概念股」龍燈 () 跌停、台肥 () 震盪，「鹼報價」+「散裝航運」概念股的東鹼 (1708-TW )相對有守，目前類股內部再調整基期，漲多的不能追，還沒漲到的才可留意！再來就是觀察車用零組件概念股：大同 ()、鴻海 ()、貿聯 ()、康普 ()現增 90 元震盪壓回、裕隆 ()出量下跌、朋程 ()相對有守、漢磊 ()拉尾盤、嘉晶 ()逆勢抗跌、太極 ()、強茂 () 相對有守、凌陽 () 相對有守、美琪碼()、同致() 這族群今日隨大盤壓回，表現分岐，但很明顯的會員持股就是表現較強！今天如預期回檔，本周【真空量●真空價】個股，已蓄勢待發！跟上穿雲箭企劃，帶你反敗為勝：像這類型文章您喜歡嗎？操作就是持續追蹤，不用每天變來變去的！如果您也認同的話，歡迎加入「龍捲風操盤戰隊」。FB 社團：本公司所推薦分析之個別有價證券無不當之財務利益關係 以往之績效不保證未來獲利投資人應獨立判斷 審慎評估並自負投資風險,"[['漢磊', '準備', '挑戰高點美股'], ['融資', '修正', '17.8%'], ['短線籌碼', '迴歸', '安定'], ['徐照興分析師', '表示', '美股交叉'], ['周KD', '轉爲', '交叉'], ['加權', '上', '週三'], ['所有文章', '搜尋', '徐照興巨亨網新聞'], ['動態影音檔', '看', '貨櫃航運'], ['觀察重點', '在', ' TG'], ['(康普', '增', '凌陽)抗回'], ['您', '喜歡', '這類型文章'], ['操作', '就是', '追蹤'], ['本公司推薦分析個別有價證券', '無', '財務利益關係'], ['以往績效', '保證', '獲利投資人']]"
0,20211018_1560,"台股開高走低 電動車高檔回落 短線留意獲利了結賣壓台股早盤開高過 16800，最高來到 16862.03，盤中在航運以及電動車的賣壓下，指數由紅翻黑，終場收 16,705.46，成交量 2,693.8 億元；三大法人合計買超 29.01 億，其中外資買超 32.84 億元，而投信則是連 2 賣，賣超 6.34 億，在期貨未平倉方面，外資再加空 1,352 口空單，本週三為期貨結算日，外資此舉我會偏空看待。就技術面來看，如上週五所說，不到 3000 億的成交量，是無法支持接近 400 點的漲幅的，因此台股今日遭月線壓回，也是早有預料，10/8 的黑 k 將是大盤的最近一道防線。今日為為鴻海科技日，旗下 3 款電動車正式亮相，聚焦 4 大主題分別為「感受、技術、軟體、體驗」，但今天可明顯發現，上週火熱的電動車類股，在 10 點 18 分鴻海科技日開始後，早上強漲的電動車相關個股，明顯有回檔的趨勢，不排除短線上電動車有利多出盡情形發生，但電動車長線仍然看好。更多盤中即時資訊請點擊以下連結【理財大亨 YT 頻道】 【Google 表單】:【社群網站連結】  本公司所推薦分析之個別有價證券無不當之財務利益關係 以往之績效不保證未來獲利投資人應獨立判斷 審慎評估並自負投資風險","[['臺股', '開', '高'], ['結賣壓臺股早盤', '開', ' 16800'], ['其中外資買', '超', '億元32.84'], ['，', '不到', '3000'], ['不到3000成交量', '是', '支持接近漲幅的'], ['無法', '支持', '接近漲幅'], ['10/8黑k', '是', '最近一道防線'], ['今日', '爲', '爲'], ['大主題', '爲', '感受'], ['相關個股', '有', '回檔趨勢'], ['短線上電動車', '出', '盡情形發生'], ['本公司推薦分析個別有價證券', '無', '財務利益關係'], ['以往績效', '保證', '獲利投資人']]"
0,20211018_1561,歐盟推碳關稅 環保署將修法推碳費徵收因應歐盟日前頒布「碳邊境調整機制」(CBAM) 擬針對未遵守歐盟碳排放規定課稅，立委關切台灣是否對歐盟出口的商品課稅因應？對此，環保署表示，將修法課徵碳費，財政部長蘇建榮則說，已和環保署取得共識，將以課徵碳費為主。立法院財委會今 (18) 日邀請金管會、財政部、環保署、經濟部與國發會等部會就「綠色金融行動方案與碳權交易所」進行專題報告。國民黨立委曾銘宗質詢時問，歐盟的「碳邊境調整機制」(CBAM) 將對高排碳量的進口產品課徵關稅，台灣是否也會跟進？環保署署長張子敬答詢時說，因應歐盟的「碳邊境調整機制」，本月已經預告修正溫室氣體管理辦法，如果子法有機會在下半年完成，可望在 2023 年推動，屆時歐盟對我課稅，我們就有法源可向對方徵收碳費。蘇建榮則說，為避免重複課稅，已和環保署達成共識，未來將以課徵碳費為主，而非課徵碳稅。至於立委關切的是否設置碳權交易所？金管會主委黃天牧則說，目前已請相關單位研議建立碳權交易所的可行性，但配合國家的氣候變遷政策，因此建置碳權交易所並非目前優先推動政策。,"[['碳邊境調整機制CBAM', '擬針對', '遵守規定課稅'], ['關切臺灣', '對', '歐盟出口商品課稅因應'], ['環保署', '表示', '財政部長蘇建榮說取得共識'], ['財政部長蘇建榮', '說', '取得共識'], ['碳邊境調整機制CBAM', '徵', '關稅'], ['本月', '預告', '修正溫室氣體管理辦法'], ['我們', '有', '法源'], ['蘇建榮', '說', '環保署'], ['關切的', '設置', '碳權交易所'], ['會主委黃天牧', '說', '建置碳權交易所並非推動政策'], ['建置碳權交易所', '並非', '推動政策']]"
0,20211018_1562,〈鴻海科技日〉劉揚偉：限電不衝擊電動車發展 反而有好的影響鴻海 () 董事長劉揚偉今 (18) 日表示，資通訊產業發展電動車，會比傳統車企有優勢，現在鴻海正在證明這一點，預期明年就有營收，2023 年則有明顯貢獻，5 年後估將達兆元規模；至於限電並不影響電動車發展，反倒可望帶來正面效益。劉揚偉指出，傳統車廠開發電動車，會面臨軟體以及半導體的挑戰，傳統車廠機構上不是問題，但在電動化上，需要面臨如何整合軟體、半導體的問題；資通訊產業缺點是不會造車，鴻海現在要證明資通訊進入汽車產業，會比汽車進入電動車產業容易，以 Model T 電動巴士為例，目前零組件自製率已達 50%。而鴻海攜手裕隆合資的鴻華先進以及自家的 MIH 聯盟，劉揚偉認為，是定位在平台、設計以及 IDM，鴻海提供出海口，MIH 的成員可以透過出海口或是設計平台走出去。外界也關注鴻海電動車客戶如 Fisker 等，採用底盤平台或原型車的情況，劉揚偉表示，Fisker 有自己的設計，但若能提供更有競爭力的方案，「客戶不會不採用」。不過，中國、歐洲各國相繼傳出能源不足導致限電危機，市場關注對電動車的影響，對此，劉揚偉表示，限電不影響電動車發展，甚至可帶來正面效益，反而可能有好的影響。劉揚偉認為，突然限電和國家政策有關，另一個原因就是極端氣候，這也是現在全球都在擔心的事，電動車正是極端氣候問題的解決方案之一，因此不認為會有影響，限電衝擊比較大的，應該是用電量大、高汙染的產業。,"[['反而', '有', '影響'], [' 董事長劉揚偉', '表示', '通訊產業發展電動車有優勢'], ['通訊產業', '發展', '電動車'], ['通訊產業發展電動車', '有', '優勢'], ['鴻海', '證明', '這一點'], ['劉揚偉', '指出', '需要面臨整合軟體問題'], ['傳統車廠', '開發', '電動車'], ['傳統車廠開發電動車', '面臨', '軟體挑戰'], ['傳統車廠機構上', '不是', '問題'], ['如何', '整合', '軟體'], ['資通訊產業缺點', '是', '造車'], ['鴻海', '證明', '資通訊進入汽車產業'], ['資通訊', '進入', '汽車產業'], ['先進鴻華', '認爲', '是定位成員'], ['鴻海', '提供', 'MIH'], ['外界', '關注', '等Fisker'], ['劉揚偉', '表示', '提供更有競爭力方案'], ['Fisker', '有', '自己設計'], ['中國各國', '傳出', '不足導致限電危機'], ['不足', '導致', '限電'], ['不足', '導致', '限電'], ['市場', '關注', '對影響'], ['劉揚偉', '表示', '有好影響'], ['限電', '影響', '電動車發展'], ['劉揚偉', '認爲', '限電有關'], ['另一個原因', '就是', '極端氣候'], ['這', '也是', '氣候解決方案之一'], ['極端', '氣候', '問題'], ['的', '是', '大產業']]"
0,20211018_1563,〈光寶科法說〉Q3純益季減24% 前三季賺近半股本 已超越去年全年光寶科 () 今 (18) 日召開法說，公布第三季財報，受提列預期信用損失、業外評價損失等因素影響，單季獲利季減 24%，每股純益 1.33 元，不過，前三季稅後純益達 113.8 億元，年增 42%，每股純益 4.9 元，已賺贏去年全年。光寶科第三季營收 418.64 億元，季增 3%，年增 1%，毛利率 19.3%，季減 0.4 個百分點，年增 0.3 個百分點，營益率 8.4%，季減 0.9 個百分點，年減 1.2 個百分點；稅後純益 30.8 億元，季減 24%，年增 1.2%，純益 1.33 元。光寶科前三季營收 1202.6 億元，年增 4%，毛利率 19%，年增 1.1 個百分點，營益率 7.8%，年增 0.6 個百分點；稅後純益 113.8 億元，年增 42%，每股純益 4.9 元。光寶科指出，第三季營業費用先行提列 3.96 億元預期信用損失，主要是路燈標案應收帳款逾期所致，同時啟動債權保全程序，若不含此筆損失，營益率將來到 9.2%；業外也認列北美智慧電視品牌 Vizio 持股評價損失約 6 億元。光寶科前三季光電部門占整體營收 21%，受惠 LED 光耦合器與感測模組需求穩定成長，及電動車充電產品出貨放量，營收年增近 2 成；雲端及物聯網部門前三季營收占比 27%，主要受惠雲端運算高階伺服器及網通設備電源管理系統、AI 智慧居家設備電源產品等出貨成長帶動，累計營收年增 1 成；資訊及消費性電子部門營收佔比達 52%。,"[['光寶科法', '說', '召開法'], ['毛利率', '減', ' 個百分點'], ['營益率', '減', '個百分點'], ['光寶科', '指出', '營業費用先行提列'], ['營益率', '到', '9.2%'], ['光電部門', '佔', '整體營收'], ['營收年', '近', '成']]"
0,20211018_1564,"雄獅超前布局鐵道旅遊 拚打造觀光列車國家隊旅行社龍頭雄獅 () 今 (18) 日指出，全新修復後的藍皮解憂號觀光列車重新啟航，由雄獅獨家經營販售紀念套並包裝團體行程，將串連屏東、台東等旅遊資源，全力拓展鐵道國旅市場，並為疫情後的國際客來台觀光提前布局。雄獅董事總經理黃信川說明，藍皮解憂號觀光列車不是賣一張車票，而是生活與文化的探索，以及一連串故事體驗，未來雄獅將進一步落實樞紐 Hub 概念，於枋寮打造藍皮意象館，作為旅遊資訊服務站、展演場所和伴手禮商店。黃信川進一步表示，台灣擁有世界唯一的環島鐵道，全長 1,065 公里、行經 241 個大小車站，串連起各鄉鎮的交通運輸和文化發展，是相當有特色的觀光賣點，將與各界攜手打造出台灣的觀光列車國家隊，與世界各大知名列車接軌。台鐵局以不同定位的觀光車輛來推動國內鐵道觀光旅遊，其中，鳴日號美學觀光列車今年初跨年開始營運，廣受好評，此次推出的藍皮解憂號觀光列車，定位在懷舊、解憂平價輕行，而預計明年推出的山嵐號和海風號觀光列車，則定位為下午茶服務平價奢華輕旅行。此外，雄獅表示，為擴大宣傳台灣鐵道觀光，藍皮解憂號觀光列車將透過豐趣科技串連橫跨 10 個國家、超過 20 個海外旅遊電商網站，於海外進行列車票券的分銷與推廣。受到日前爆發本土疫情衝擊，雄獅前三季合併營收 11.81 億元，年減 79%。","[['拚', '打造', '雄獅超前佈局鐵道旅遊'], ['雄獅董事總經理黃信川', '說明', '觀光列車賣一張車票'], ['觀光列車', '賣', '一張車票'], ['雄獅', '落實', '樞紐Hub概念'], ['黃信川', '表示', '臺灣擁有環島鐵道'], ['臺灣', '擁有', '環島鐵道'], ['串連起各鄉鎮交通運輸', '是', '觀光賣點'], ['臺鐵局', '推動', '觀光旅遊'], ['觀光列車', '開始', '受好評'], ['推出藍皮解憂號觀光列車', '定位', '懷舊平價輕行'], ['雄獅', '表示', '觀光列車透過個國家'], ['觀光列車', '透過', '個國家'], ['、', '超過', '20']]"
0,20211018_1565,緯創砸百億元進駐前鎮科技園區攻車載 五年內年產值上看550億元經濟部加工出口區管理處今 (18) 日表示，代工大廠緯創 () 通過取得前鎮科技園區約 1.04 公頃建廠用地，預期初期將投入逾百億元自建地下 2 層、地上 9 層廠房，作為集團全球車載及工控面板製造燈塔工廠，也預期未來五年內年產值將達 550 億元，創造 7000 個就業機會。經濟部加工處處長楊伯耕表示，近期持續加速園區更新，除執行前瞻計畫 24 億元特別預算更新前鎮科技園區 4.17 公頃老舊廠房外，更騰出拆除老舊廠房約 1.04 公頃建廠用地，並由緯創取得投資進駐資格，預期將深化園區車載與關鍵零組件產業群聚，並帶動相關供應鏈 1000 億元週邊效益。緯創近年也響應政府擴大投資台灣政策，計畫將高雄作為集團發展車載及工控面板重鎮，繼日前取得日本顯示器 JDI 台灣子公司高雄晶傑達 100％股權後，再取得前鎮科技園區 1.04 公頃建廠用地，緯創表示，未來將運用集團內外部資源，拓展顯示模組附加價值 (LCM+) 產品商機。因應高科技產業聚落發展，經濟部指出，前鎮科技產業園區已啟動第二階段更新計畫，目前規劃將拆掉五棟老舊廠房，由加工區作業基金投資約 120 億元，計畫期程從 2022 至 2036 年共 15 年，計畫自償率達 100%，預期完成後，總樓地板面積由原先 4 萬 4360 平方公尺增加為 24 萬 4570 平方公尺，開放更多新廠商進駐投資。,"[['緯創', '砸', '攻車載'], [' 日', '表示', '通過'], ['年產值', '達', '億元'], ['加工處處長楊伯耕', '表示', '騰出拆除建廠用地'], ['特別預算', '更新', '老舊廠房'], ['特別預算', '更新', '老舊廠房'], ['緯創', '響應', '政府擴大投資政策'], ['政府', '擴大', '投資政策'], ['緯創', '表示', '運用外部資源'], ['經濟部', '指出', '科技產業園區啓動更新計劃'], ['科技產業園區', '啓動', '更新計劃']]"
0,20211018_1566,中華開發旗下行動基因公司與國際接軌 成立亞洲區跨國實驗室中華開發資本旗下生醫基金投資的行動基因公司宣布，與歐洲其中一家最大的 CRO 實驗室 Cerba Research 合資成立服務亞洲區客戶的分子實驗室，這項合作模式代表亞洲的生技及管理團隊有能力成功與國際接軌，此跨國合作也顯示亞洲的生技及管理團隊技術深受國際肯定。中華開發生醫團隊積極建構生醫產業投資鏈，以提供「跨國、跨業」服務、資金募集、培育人才、資訊交流平台為重點項目，今 (18) 日除了宣布旗下的行動基金公司成立跨國實驗室，也表態將持續導引資金進入國內外具有國際發展潛力的生醫公司，扮演更關鍵的角色。中華開發生醫團隊表示，2015 年時美國總統歐巴馬在國情咨文演講曾提出「精準醫學計畫」，即顯示藉由檢測病患的基因後，精準對症下藥。談到中華開發生醫基金 2016 年投資行動基因的契機，主要是看好精準醫療的未來性。行動基因 2014 年剛創業成立的，當時在台灣開始紮根成長，就是在這股產業大潮流，中華開發掌握了極佳的投資機會；行動基因經過多年努力，以國際最高標準的技術、品質及服務，發展成爲亞洲其中一家最佳的癌症基因驗測公司，業務遍及台灣、香港、日本、東南亞及英國。中華開發進一步表示，行動基因有別於其他業者僅提供單純基因定序服務，而是以基因定序與資料分析為核心，提供癌症精準 (個人化) 醫療檢測服務，透過檢測解讀病患基因資訊，協助進行癌症預防、診斷、治療及監控，因此成為市場上重要的癌症精準醫療資訊服務提供商。本次與 Cerba Research 合資成立服務亞洲區客戶的分子實驗室，更是一項重要進展，進一步邁向全球化及國際化。中華開發資本大健康事業群總負責人暨生醫基金董事長何俊輝表示，中華開發旗下目前有一檔生醫基金及兩檔生醫基金，長期以來支持生醫產業相關投資，整體管理規模已近百億元。何俊輝近一步指出，該公司所投資的生醫公司已將近 30 家，其中一半擔任董監事，投資涵蓋範圍包括 CDMO（委託開發與生產）、新藥開發、先進的基因檢測、基因療法、次世代細胞治療，未來將更進一步鎖定健康精準治療。何俊輝強調，生醫基金的投資策略著重於具高技術門檻、產業發展趨勢性，希望扶持台灣生技產業；而積極建構生醫產業投資鏈，重點則是串接台灣生醫產業、推向國際市場。,"[['成立分子實驗室', '服務', '亞洲區客戶'], ['合作模式', '代表', '有能力'], ['此合作', '顯示', '亞洲生技技術深受國際肯定'], ['亞洲生技技術', '深受', '國際肯定'], ['開發團隊', '建構', '生醫產業投資鏈'], ['開發團隊', '建構以', '提供跨國服務'], ['、', '培育', '人才'], ['行動基金公司', '成立', '跨國實驗室'], ['國內外', '具有', '發展潛力'], ['開發生醫團隊', '表示', '即'], ['美國總統歐巴馬', '提出', '醫學計劃'], ['由', '檢測', '病患'], ['投資行動基因契機', '看好', '精準醫療未來性'], ['創業的', '開始', '成長'], ['中華開發', '掌握', '投資機會'], ['業務', '遍及', '臺灣'], ['開發', '表示', '成爲醫療資訊服務提供商'], ['行動基因', '提供', '單純基因定序服務'], ['成立分子實驗室', '服務', '亞洲區客戶'], ['合資', '更是', '重要進展'], ['總負責人何俊輝', '表示', '中華開發旗下目前有一檔生醫基金'], ['中華開發旗下', '目前有', '一檔生醫基金'], ['管理規模', '近', '百億元'], ['何俊輝', '指出', '30家'], ['其中一半', '擔任', '董監事'], ['投資涵蓋範圍', '包括', '委託CDMO'], ['（', '委託', '開發'], ['何俊輝', '強調', '投資策略重於具高技術門檻'], ['投資策略', '重於具', '高技術門檻'], ['重點', '是', '串接生醫產業']]"
0,20211018_1567,〈金管會備詢〉證交所獲利佳推上市讓獲利共享？黃天牧一理由否決台股今 (2021) 年上半年強強滾，證交所獲利也賺近一個股本，對此，立委羅明才今 (18) 日再提議讓證交所等周邊單位上市，金管會主委黃天牧表示，證交所具監理角色，與其他國家性質不同，無法比照。證交所董事長許璋瑤表示，累計今年以來至今，證交所稅後純益 72 億元、每股稅後純益 (EPS) 已達 9.63 元，已經超過去年全年的近 58 億元、EPS 7.72 元。羅明才也關切，證交所獲利好，員工的年終獎金以及股東股利分配狀況，許璋瑤指出，獲利高與年終獎金沒有關係，證交所是依公務人員制度，員工績效獎金最高仍是二個月；不過，因為獲利好，分配給股東的股利則相對較高，每股現金股利配發 3.6 元、股票股利 1.2 元，即股東可享受獲利的成果，但也有保留 3-5% 的公益支出預算。金管會主委黃天牧進一步表示，證交所等證券周邊單位具公共性，金管會已明文要求這些周邊單位的獲利，一部分要用來強化資本結構，一部分要保留公益支出，不是把獲利全數分配掉。羅明才表示，證交所是金飯碗、獲利好，是否推動上市，讓所有投資人都能共享獲利？黃天牧回應，證交所有協助金管會進行相關監理工作，例如對證券商、上市櫃公司等扮演「準監理」角色，與其他國家的證交所性質不完全相同，無法比照上市。,"[['金管會主委黃天牧', '表示', '證交所具'], ['證交所董事長許璋瑤', '表示', '純益72億元'], ['許璋瑤', '指出', '獲利高沒有關係'], ['員工績效獎金', '仍是', '二個月'], ['股利配', '發', '3.6元'], ['股利配發3.6元', '即', '股東享受獲利成果'], ['股東', '享受', '獲利'], ['可', '享受', '獲利'], ['也有支出預算', '保留', '3'], ['會主委黃天牧', '表示', '證券周邊單位具公共性'], ['證券周邊單位', '具', '公共性'], ['一部分', '要求', '用來強化資本結構'], ['羅明才', '表示', '證交所是金飯碗'], ['證交所', '是', '金飯碗'], ['黃天牧', '回應', '進行監理工作會'], ['會', '進行', '監理工作']]"
0,20211018_1568,〈台股盤後〉傳產領軍電子雙雄軟腳拖累 月線得而復失受美股上周五四大指數齊揚帶動，台股今 (18) 日早盤一度衝上 16862 點，雖然塑化、紡織等傳產族群領軍走強，但貨櫃三雄持續破底，加上電子雙雄台積電、鴻海開高走低，大盤獲利了結賣壓出籠，開高震盪走低，終場下跌 75.73 點，收 16705.46 點，月線得而復失，成交量增至 2693.8 億元。觀察電子權值股表現，台積電法說會釋出樂觀展望後，上周五股價大漲，今日則開高走低，收盤前再遭賣壓摜殺至今日最低點 590 元作收，下跌 1.67%，晶圓代工廠聯電也同步下挫逾 1%，矽力 - KY、日月光投控等半導體權值股同步收黑。聯發科漲逾 1%，台達電則大漲近 4%。鴻海今日舉辦科技日，發表電動車產品及旗下鴻華先進與工研院合作的自駕開放平台，不過，市場並不買單，鴻海股價開高走低，下跌 1.82%，收 107.5 元，回測五日線，合作夥伴裕隆表現弱勢，大跌近半根停板。化工族群表現強勢，中華化、三晃、東聯、中纖亮燈漲停，台橡、和桐、中石化、泰豐漲幅都超過 4%，申豐、亞聚、聯成、華豐、台聚、長興漲幅也都超過 2%。紡織族群也強漲表態，弘裕叩關漲停價，南紡、集盛飆漲超過 8%，東和、宏遠、如興、聯發、聚陽也都有逾 4% 的漲幅。最新報價來到 6.2 萬美元，可望挑戰歷史高點，多檔挖礦概念股勁揚，映泰、青雲、華擎 、撼訊也狂飆 9%。法人指出，若美股科技股釋出優異財報，股價轉強後，台股電子股有機會帶動大盤走高；近期大盤估維持震盪整理，反彈不追高，後續若震盪拉回都可逢低布局。,"[['臺股', '衝', '16862點'], ['貨櫃三雄', '破', '底'], ['成交量', '增至', '2693.8億元'], ['臺積電法', '釋出', '樂觀展望'], ['，', '下跌', '元作收'], ['半導體權值股', '收', '黑'], ['鴻海', '舉辦', '科技日'], ['鴻海股價', '開', '高'], ['臺橡漲幅', '超過', '4%'], ['南紡飆漲', '超過', '8%'], ['東和', '有', '逾漲幅'], ['最新報價', '來到', '6.2萬美元'], ['法人', '指出', '若美股科技股釋出優異財報'], ['若美股科技股', '釋出', '優異財報'], ['股價', '轉', '臺股電子股有機會'], ['大盤', '走', '高'], ['大盤估', '維持', '震盪整理']]"
0,20211018_1569,台股走軟退守16700點 三大法人買超29.01億元 外資連3買台股今 (18) 日由塑化、紡織等傳產股領軍上攻，一度收復月線，金融族群同步扮演撐盤要角，但航運股湧現賣壓，電子股也軟腳，晶圓雙雄聯袂下挫，終場指數翻黑下跌 75 點，收在 16705 點，三大法人則買超 29.01 億元，外資連 3 買。觀察法人籌碼變動，外資上周五大舉買超 278 億元後，今天再加碼 32.84 億元，為連 3 買；投信持續賣超 6.34 億元；自營商買超 2.55 億元，三大法人合計買超 29.01 億元。權王台積電上周強彈一天後，今天反轉下跌 1.6%，收 590 元全場最低；聯電、國巨、大立光、日月光投控、瑞昱、矽力 - KY 等下跌 1-2%；台達電、聯發科則分別上漲 3%、1%，表現較強。金融族群獲買盤青睞，台新金、元大金、兆豐金等上漲 1-2%，國泰金、華南金等均收漲。鴻海科技日正式發表最新研發的電動車主力產品，以及旗下鴻華先進與工研院合作的自駕開放平台，不過，鴻海今天股價開高走低，終場下挫近 2%，收 107.5 元，鴻家軍中僅正達、建漢、位速、天鈺等零星個股力守盤上；合作夥伴裕隆同步翻黑，重挫近半根停板。PVC、EVA、PE 等石化產品報價續攀新高，帶動台聚、台達化、華夏股價上漲 1-2%，聯成、中石化、台苯等都表現不俗，此外，化工股東聯、中纖、三晃、中華化、元禎等，均亮燈漲停。紡織族群同樣吸引資金進駐，其中，成衣大廠聚陽越南廠擺脫疫情陰霾，訂單回溫，第三季獲利改寫單季次高，激勵股價勁揚逾 4%，收在 217.5 元，紡織股王儒鴻也有近 2% 的漲幅。外傳美國證券交易委員會 (SEC) 將在本周允許首個期貨 ETF 進行交易後，推升飆漲，最新報價來到 6.2 萬美元之上，可望挑戰年初創下的歷史高點，今天多檔挖礦概念股也在報價激勵下勁揚，華擎、映泰、青雲等均亮燈攻上漲停，撼訊、麗臺、微星、承啟漲勢也相當凌厲。上海出口集裝箱運價指數 (SCFI) 及主要航線運價全面翻黑，也大跌，貨櫃三雄前景再度蒙塵，今天賣壓湧現，一度逼近跌停，長榮、萬海尾盤跌幅收斂至 1% 左右，陽明終場收跌逾 3%，散裝族群同步遭調節，裕民、中航大跌逾半根停板，四維航則逆勢收漲。,"[['三大法人', '買', '超29.01億元'], ['三大法人', '買', '超29.01億元'], ['買臺股', '領', '攻'], ['金融族羣', '扮演', '撐盤要角'], ['電子股', '湧現', '賣壓'], ['臺達電', '上漲', '3%'], ['金融族羣', '獲', '買盤青睞'], ['今天股價', '開', '高'], ['紡織族羣', '吸引', '資金'], ['紡織股王儒鴻', '也有', '2% 漲幅'], ['首個期貨ETF', '進行', '交易'], ['最新報價', '來到', '6.2萬美元之上'], ['萬海尾盤', '收斂至', '終場收跌逾1%'], ['裕民大跌', '遭', '逾半根停板'], ['四維航', '收', '漲']]"
0,20211018_1570,【龍哥講股教室】第三代半導體資金簇擁特用化學 比特幣風雲再起台股遇到月線反壓，這邊震盪整理很正常而且很好，台股站上 16771 點完成底部型態，簡單計算等幅空間會到 17214 點，大家可以好好觀察；不過大家要記得搶反彈的操作策略，不清楚的話可以鎖定龍哥 YouTube 節目，這幾天資金簇擁第三代半導體的特用化學和相關個股，這兩個族群題材性偏向短線，操作上建議不要追高，拉回佈局，設好停損，有獲利就分批賣出，短線操作控制風險。盤勢震盪，股票真的不好操作，這時候可以利用期貨和選擇權增加績效，台股回測，期貨空單簡單獲利 + 13 萬多，然後開始波段多單的旅程，又是簡單的獲利，完全不需要自己判斷，現在是大數據的時代，讓電腦來執行策略，去除人性更能穩定獲利，歡迎大家一起來追求長期穩定獲利。塑化和化學材料：塑化族群內資金輪動，從 EVA 和 PVC 轉到 EG 和油價概念股，但是操作塑化一定不能追高，都以拉回佈局為主，塑化報價和油價還是看漲，所以台塑 ()，台聚 () 和亞聚 () 以及華夏 () 都能受惠。 第三代半導體是未來趨勢，化學材料資金追捧，還是強勢股，持續看永光 ()，中華化 ()，光洋科 ()，不過化學材料屬於題材性，實質上的獲利沒那麼快，操作上要偏短線一點，簡單講就是拉回急跌買，有獲利要分批賣出放口袋。航運：航運基本面沒有問題，現在問題在於技術面與籌碼面，貨櫃三雄長榮 ()，萬海 ()，陽明 ()，今天又破低點，技術面持續為空方趨勢，要重新等待止跌，想要了解更詳細的操作，建議看龍哥節目會更了解 ()。電子：新唐 ()，MCU 產業面還是供不應求，股價過頸線壓力 139 元的話，才會有波段空間，大家每天可以鎖定龍哥的節目 ()。，會有詳細的分析。龍哥 5 次操作新唐，領先市場提早佈局，簡單享受獲利，累積獲利 + 200%，這是賺兩倍的概念，100 萬就變成 300 萬，夠漂亮吧。下半年看半導體概念，手機以及車用，例如，iphone 發表新機，其他廠商也會發表新機，會帶動換機潮，手機相關個股可以注意，例如，宏捷科 ()，是手機 PA 功率放大器，另外還切入第三代半導體碳化矽和氮化鎵材料，開始出貨，兩大成長引擎會帶動營收和獲利。聯電 ()9 月營收創下歷史次高，未來展望佳，產能滿載，訂單看到明年底，但是近期供應鏈被影響，導致消費端不順暢，不過今天止跌，先看月線；概念股漢磊 ()，第三代半導體未來趨勢向上，投信籌碼穩定，多方趨勢不變。晶圓代工訂單滿，誰下單給晶圓代工？答案就是 IC 設計，基本上到年底的需求還是很滿，主流股地位不變，很多 IC 設計股都被錯殺，注意高速傳輸 IC 和矽智財 IP。晶焱 ()，龍哥從 160 元左右開始推薦，直接大公開要搶錢，後面大漲到 220 元以上，跟著操作簡單就可以大獲利；晶焱 9 月營收年增 17%，第三季營收歷史新高，結果利多被出貨，但是反而提供了再次佈局的機會，跟著龍哥走，避開風險，簡單獲利。接下來多注意高速傳輸 IC 和矽智財 IP，未來什麼東西都要高速，像手機網路速度從 3G 到 4G 再到 5G，傳輸速度要從 USB2.0 到 USB3.0 再到 USB4.0，今年就是高速元年，一定要關注，像創惟 ()，威鋒電子 ()，譜瑞 ()。矽智財 IP 的部分，後面很多公司的授權金都會越收越多，毛利率又高，獲利成長空間大，看看龍哥的矽智財之王－世芯 ()，大盤在整理，但是世芯股價創高，股價從 550 元漲到 958 元，大漲 74%，跟著龍哥領先市場佈局，就可以簡單享受獲利；其餘像創意 ()，力旺 ()，M31()，智原 () 連續漲停，愛普 ()，都可以持續關注。ABF 載板，今年的需求甚至到明年的訂單都沒什麼問題，最近供應鏈被影響，下游無法正常出貨，導致上游也被影響，觀察到南電 () 股價竟然開始偏向空方趨勢，景碩 () 比較強勢，籌碼穩定，守穩月線，多方格局。 車用：電動車是未來的趨勢，商機非常大，所以車用相關都要長期關注，例如，電動車的心臟－電池，電動車沒有電池還叫電動車嗎？電動車銷量成長，趨勢向上的話，電池的銷量一定往上走，獲利就會很好。電池就是未來的主流，正極材料美琪瑪 () 的 9 月營收年增 162%，說明電池真的供不應求，股價站回月線，還可以注意正極材料康普 () 和電解液大廠聚和 ()。其餘像導線架，連接線，CIS 感測相關都可以關注，例如，順德 ()，健和興 ()，同欣電 ()。#搶錢計畫持續搶錢，錯過前面的世芯，智原，晶焱就算了，龍哥開始佈局沈默的羔羊，股價已經腰斬，但是第三季營收獲利會跟台積電一樣讓市場嚇死，股價就不會再沈默，不要再錯過搶錢的機會。《獲得更多「獨家」盤中資訊》【FB 粉專】【Line ID：@lung1688】【Telegram】【Instagram】留言跟龍哥互動：TG：LINE：FB：【龍哥 Youtube】本公司所推薦分析之個別有價證券無不當之財務利益關係 以往之績效不保證未來獲利投資人應獨立判斷 審慎評估並自負投資風險,"[['龍哥', '講', '股'], ['龍哥', '講', '股'], ['比特幣風雲再起臺股', '遇到', '反壓'], ['幅空間', '到', '17214點'], ['大家', '記得', '操作策略'], ['大家', '追求', '獲利'], ['第三代半導體', '是', '未來趨勢'], ['化學材料', '屬於', '題材性'], ['現在問題', '在於', '()'], ['技術面', '爲', '空方趨勢'], ['大家', '鎖定', '龍哥節目'], ['這', '是', '兩倍概念'], [' 萬', '變成', '300 萬'], ['其他廠商', '發表', '新機'], [')(', '是', '手機PA功率放大器'], ['長引擎', '帶動', '營收'], ['訂單', '看到', '明年底'], ['近期供應鏈影響', '導致', '順暢'], ['答案', '就是', 'IC設計'], ['龍哥', '開始', '推薦'], ['傳輸速度', '到', '4.0USB'], ['今年', '就是', '高速元年'], ['其餘', '像', '創意'], ['今年需求', '沒', '什麼問題'], ['南電)股價', '偏向', '空方趨勢'], ['電動車', '是', '未來趨勢'], ['電動車心臟', '叫', '電動車'], ['電池', '就是', '未來主流'], ['營收年增', '說明', '電池供不應求'], ['龍哥', '開始', '沉默羔羊'], ['本公司推薦分析個別有價證券', '無', '財務利益關係'], ['以往績效', '保證', '獲利投資人']]"
0,20211018_1571,電子股無力 台股翻黑跌75點收16705點 月線得而復失台股今 (18) 日早盤持續反彈，由塑化、紡織等傳產股領軍，金融族群同步扮演撐盤要角，但指數碰到月線反壓，買盤追價意願不高，航運股湧現賣壓，電子股也後繼無力，終場指數翻黑下跌 75.73 點，收在 16705.46 點，月線得而復失，成交值 2693.8 億元。觀察主要權值股表現，台積電上周強彈一天後，今天反轉下跌 1.6%，收 590 元全場最低；聯電、國巨、大立光、日月光投控、瑞昱、矽力 - KY 等下跌 1-2%；台達電、聯發科則分別上漲 3%、1%。金融族群表現有撐，台新金、元大金、兆豐金等上漲 1-2%，國泰金、華南金等均收漲。鴻海科技日正式發表最新研發的電動車主力產品，以及旗下鴻華先進與工研院合作的自駕開放平台，不過，鴻海今天開高走低，終場下挫近 2%，收 107.5 元，鴻家軍中僅正達、建漢、位速、天鈺等零星個股力守盤上；合作夥伴裕隆同步翻黑，重挫近半根停板。紡織族群吸引資金進駐、表現抗跌，其中，成衣大廠聚陽越南廠擺脫疫情陰霾，訂單回溫，第三季獲利改寫單季次高，激勵股價勁揚逾 4%，收在 217.5 元，紡織股王儒鴻也有近 2% 的漲幅，新昕纖、弘裕同步獲買盤點火，均亮燈漲停。國際油價持續飆高，期貨衝上 85 美元，油燃股今天表現有撐，台塑化領漲逾 1%，欣天然、台汽電均在盤上表現。其他三寶方面，台塑一路在平盤附近震盪，終場強勢翻鴻，南亞、台化股價有壓，終場連袂收黑。市場經濟活動持續復甦，帶動 PVC、EVA、PE 等石化產品報價改寫新高紀錄，法人看好相關族群第四季營運表現，台聚、台達化、華夏今天在買盤追捧下，股價上漲 1-2%，聯成、中石化、台苯等都表現不俗，此外，化工股東聯、中纖、三晃、中華化、元禎等，均亮燈漲停。上海出口集裝箱運價指數 (SCFI) 及主要航線運價全面翻黑，也大跌，貨櫃三雄前景再度蒙塵，今天賣壓湧現，一度逼近跌停，長榮、萬海尾盤跌幅收斂至 1% 左右，陽明終場收跌逾 3%，散裝族群同步遭調節，裕民、中航大跌逾半根停板，四維航則逆勢收漲。,"[['臺股', '收', '16705點'], ['翻黑跌75點', '收', '16705點'], ['金融族羣', '扮演', '撐盤要角'], ['指數', '碰到', '月線'], ['買盤', '追', '價'], ['收', '在', '16705.46點'], ['主要權值股', '表現', '下跌'], ['表現', '有', '撐'], ['鴻海', '開', '高'], ['紡織族羣', '吸引', '資金進駐'], ['表現', '抗', '跌'], ['成衣大廠聚陽越南廠', '擺脫', '陰霾'], ['收', '勁揚逾', '4%'], ['紡織股王儒鴻', '也有', ' 2%漲幅'], ['新昕纖', '獲', '盤點'], ['期貨', '衝', '85美元'], ['表現', '有', '撐'], ['法人', '看好', '營運表現'], ['萬海尾盤', '收斂至', '終場收跌逾1%'], ['裕民大跌', '遭', '逾半根停板'], ['四維航', '收', '漲']]"
0,20211018_1572,友霖降血脂新藥完成三期試驗 將申請台灣藥證友華 () 集團子公司友霖 (4166-TE) 開發的降血脂新藥，繼與中國浙江京新藥業授權技轉後，近期也完成臨床三期試驗，後續將向台灣衛福部 (TFDA) 申請藥證。友霖自行開發的降血脂複方新藥 1PC111，適應症為原發性高膽固醇血症或混合血脂異常，三期人體臨床試驗在台灣、澳洲、紐西蘭執行，其試驗主要試驗結果顯示，達到主要療效指標，1PC111 優於對照藥品於第 12 週時，低密度脂蛋白 (LDL-C) 濃度。友霖將向台灣 TFDA 申請治療慢性病的新藥查驗登記審查，取得藥證後，將能在台灣上市銷售。據統計，15 歲以上國人高血糖、高膽固醇、高三酸甘油酯、高血壓的盛行率，隨著年齡上升而遞增。友霖除了向台灣申請藥證外，中國則已將該藥品技轉給浙江京新藥業生產銷售，後續將獲得簽約金、產品開發里程金以及銷售里程金，總金額上看 2800 萬元，約 1.2 億元。友霖指出，血脂異常為心血管疾病中盛行率最高的疾病，全球病患人數 3.66 億人，年複合成長率約 1%，疾病盛行率超過 40%，其中德國盛行率最高達 66%、美國也有 52%，而降血脂新藥是新一代降血脂藥物，療效佳、安全性高，成為病患用藥新選擇。,"[['友霖', '完成', '三期試驗'], ['優於CLDL低密度脂蛋白濃度', '對照', '藥品'], ['友霖', '申請', '治療慢性病新藥查驗審查'], ['臺灣', '申請', '藥證'], ['中國', '轉給', '銷售'], ['後續', '獲得', '簽約金'], ['友霖', '指出', '血脂爲最高疾病'], ['血脂', '爲', '最高疾病'], ['疾病盛行率', '超過', '40%'], ['降血脂新藥', '是', '降血脂藥物']]"
0,20211018_1573,〈焦點股〉擺脫越南疫情陰霾衝刺出貨 聚陽領漲紡織股台股今 (18) 日午盤湧現賣壓，指數翻黑下挫，但紡織族群吸引資金進駐、表現抗跌，其中，成衣大廠聚陽 () 越南廠擺脫疫情陰霾，訂單回溫，第三季獲利改寫單季次高，激勵股價勁揚逾 5%，站上 220 元，紡織股王儒鴻 () 也有近 3% 的漲幅，新昕纖 ()、弘裕 () 同步獲買盤點火，盤中亮燈漲停。上市紡織類股指數今天強勢走揚，站穩 600 點關卡，最高來到 616.32 點，漲幅達 1.8%，盤中漲勢居各類股之冠，相較大盤表現抗跌。聚陽公告第三季自結稅前盈餘 10.17 億元，季增 42.4%、較去年同期略減 0.8%，創單季次高，每股稅前盈餘 4.2 元，主要受到越南疫情影響，營益率略為下滑，不過，聚陽 10 月除了將認列 9 月遞延的出貨外，隨著稼動率持續回升，旺季效應遞延，預估營收將呈現反彈，看好第四季可望淡季不淡。聚陽近來股價跌不停，15 日回測 200 元關卡，今天股價觸底反彈，盤中勁揚逾 5%，衝上 220.5 元；儒鴻同步獲得買盤青睞，上漲逾 2%，最高來到 569 元。其他紡織股普遍表現不俗，新昕纖、弘裕盤中攻上漲停板，東和、南紡、宏遠、集盛、如興、宏洲、聯發等，今天約上漲 2-4% 不等。越南大胡志明地區先前疫情爆發，政府除要求企業停工外，並嚴格實施「三就地政策」，勞工被限制留在工廠宿舍內，不過，目前政策已鬆綁，勞工可改居家通勤上班，可望帶動台紡織廠稼動率回升，在遞延出貨影響下，第四季營收彈升可期。,"[[' )', '擺脫', ' 漲幅'], ['表現', '抗', '跌'], [')', '獲', '盤點火'], ['盤中漲勢', '居', '各類股冠'], ['較大盤表現', '抗', '跌'], ['將', '認列', '遞延出貨'], ['預估營收', '呈現', '反彈'], ['除', '要求', '企業停工'], ['政府', '實施', '三就地政策'], ['勞工', '改', '居家']]"
0,20211018_1574,比特幣再衝6.2萬美元逼近歷史高點 多檔挖礦概念股攻漲停外傳美國證券交易委員會 (SEC) 將在本周允許首個期貨 ETF 進行交易後，推升飆漲，最新報價來到 6.2 萬美元之上，可望挑戰年初創下的歷史高點，今 (18) 日多檔挖礦概念股也在報價激勵下勁揚，華擎 ()、撼訊 ()、青雲 () 等均亮燈攻上漲停。根據 CoinGecko 截至今日中午 12 點報價顯示，近一周漲幅達 13.9%，報價站上 6.2 萬美元大關，創下近半年來新高，也可望進一步挑戰歷史高點 64804.72 美元價位，市值第二大的乙太幣近一周漲幅也達 12.7%，最新報價來到 3800 美元之上。在強彈下，午盤前不只華擎、撼訊、青雲亮燈漲停外，其他板卡概念股表現也不俗，麗臺 ()、映泰 () 漲幅超過 7%，微星 ()、技嘉 ()、承啟 () 同樣較大盤強勢。近日漲勢再起，主要是各國監管利空淡化，加上美國釋出無意禁止等數位資產，且有意允許開放期貨 ETF 交易，此外，近期市場通膨疑慮，也再度讓部分市場資金湧進市場中。根據外媒報導，美國證券交易委員會 (SEC) 本周可望通過由資產管理公司 ProShares Trust 推出的首檔期貨 ETF，將使幣圈邁向下一個重要里程碑。展望未來，台主板業者認為，挖礦商機與價格高度連動，依目前各國監管利空淡化、各地算力仍持續提升觀察，預期本季價格仍有高點可期，加上既有電競基本盤仍無法滿足，預期在上游供給不足、需求強勁下，顯卡供不應求狀況將一路延續到明年上半年。,"[['比特幣', '衝', '6.2萬美元'], ['最新報價', '來到', '6.2萬美元之上'], ['均亮燈', '攻', '今18 日多檔挖礦概念股'], ['報價', '顯示', '近一週漲幅達13.9%'], ['近一週漲幅', '達', '13.9%'], ['萬美元大關', '創下', '近半年來新高'], ['近一週漲幅', '達', '12.7%'], ['最新報價', '來到', '3800美元之上'], ['漲幅', '超過', '7%'], ['美國證券交易委員會SEC', '可望', '首檔期貨ETF將使'], ['臺主板業者', '認爲', '本季價格有高點可期'], ['本季價格', '有', '高點可期'], ['供不應求狀況', '延續到', '明年上半年']]"
0,20211018_1575,美國開放邊境未列入 高端：細節未揭露 不宜太早論斷美國白宮宣布，11 月 8 日起，外籍人士完整接種美國和世界衛生組織 (WHO) 認證的疫苗都可入境美國，不過美國 FDA 認證的疫苗不包含高端疫苗 ()，對此，高端回應，美國疾管署 (CDC) 規定細節尚未揭露，不宜太早論斷。高端表示，美國將實施新的入境疫苗接種規定，但正式的新規定細節尚未頒布，國內媒體對此項新規各自解讀，而外媒報導方向都是美國將放寛入境限制，而不是加強入境管制。高端指出，目前爭議焦點為，應接種完兩劑疫苗的要求，是針對目前禁止入境的 33 個國家，或是將擴及全世界所有的國家，而台灣目前入境美國並不受限，因此新規定的適用對象特別引起關注。高端引用英國 BBC 報導指出，美國將對來自 33 國完整接種疫苗旅客，重開邊境，包括歐盟 26 國、英國、愛爾蘭、中國、印度、南非、伊朗、巴西等國家。路透社則提到，白宮將從 11 月 8 日開始解除完整接種疫苗的國際旅客限制，結束長達 21 個月的歷史性禁令。此項禁令讓中國、加拿大、墨西哥、印度、巴西及許多歐洲國家的千百萬旅客無法進入美國。高端強調，路透社與 BBC 都沒有指出新的美國入境規定，是針對全世界所有國家，此外，美國疾管署 (CDC) 的規定細節尚未揭露，不宜太早論斷，將持續關注此議題，並與相關單位溝通以提供正確資訊。,"[['開放邊境', '列入', '高端'], ['認證疫苗', '入境', '美國'], ['FDA認證疫苗', '包含', ')疫苗'], ['美國疾管署CDC', '不宜', '論斷'], ['高端', '表示', '美國實施入境疫苗接種規定'], ['美國', '實施', '入境疫苗接種規定'], ['報導方向', '都是', '入境限制'], ['高端', '指出', '爭議爲接種兩劑疫苗要求'], ['爭議', '爲', '接種兩劑疫苗要求'], ['應', '接種', '兩劑疫苗'], ['目前', '禁止', '入境'], ['適用對象', '引起', '關注'], ['英國BBC報導', '指出', '對'], ['對', '來自', '接種疫苗'], ['路透社則', '提到', '白宮開始解除國際旅客限制'], ['白宮', '開始', '解除國際旅客限制'], ['結束歷史性禁令', '長達', '個21月'], ['高端', '強調', '路透社與指出美國入境規定'], ['路透社與', '指出', '美國入境規定']]"
0,20211018_1576,〈鴻海科技日〉裕隆LUXGEN、CMC將推自主品牌電動車款鴻海 () 科技日今 (18) 日登場，發表由我國自主研發的 3 款全新電動車，裕隆 () 集團執行長嚴陳莉蓮表示，裕隆將成為鴻華先進在國內的首發客戶，旗下 LUXGEN 和 CMC 兩個品牌未來都將推出自主品牌電動車款。嚴陳莉蓮說明，為迎接未來汽車市場變革，裕隆支持鴻華先進持續投入開放平台自主研發，並持續耕耘自主品牌電動車領域， LUXGEN 將成為鴻華先進在台灣第一個客戶，Model C 休旅車、Model E 轎車可望成為 LUXGEN 下一個世代產品。鴻海科技日今日首度發表 3 款電動車款 running Prototype，包括 Model C 休旅車、Model E 轎車和 Model T 電動巴士。據 Model C 的產品技術規格，4.64 公尺的車長擁有 2.86 公尺的軸距，提供 5+2 人座的寬敞舒適空間和豐富的置物空間配置，性能版本 0 到 100 公里加速度僅需 3.8 秒，並擁有 700km 的長續航力。而 Model E 車款是以電動車開放平台模組化、彈性化和可客製化等特點為基礎延伸的旗艦電動乘用車，由鴻華先進與國際知名汽車設計公司賓尼法利納 (Pininfarina) 共同開發，呈現義式時尚設計，並具備科技未來感的外型，產品設定為高端商務、舒適第三生活空間和典雅訴求的創新商務豪華 Sedan。,"[['鴻海科技日裕隆LUXGEN', '推', ' 科技登場'], ['集團執行長嚴陳莉蓮', '表示', '裕隆成爲首發客戶'], ['裕隆', '成爲', '首發客戶'], ['兩個品牌', '推出', '自主品牌電動車款'], ['嚴陳莉蓮', '說明', '裕隆支持鴻華先進投入開放平臺'], ['裕隆', '支持', '鴻華先進投入開放平臺'], ['鴻華先進', '投入', '開放平臺'], ['LUXGEN', '成爲', '第一個客戶'], ['、', 'Model', 'E'], ['Model轎車', '成爲', '世代產品'], ['鴻海科技日', '發表', '3款電動車款runningPrototype'], ['4.64公尺車長', '擁有', '公尺軸距'], ['0版本公里加速度', '需', '3.8秒'], ['E車款', '是', '電動乘用車'], ['等模組化特點', '爲', '延伸']]"
0,20211018_1577,〈鴻海科技日〉兩款乘用車款2023年相繼上市 裕隆將成首發客戶裕隆 () 執行長嚴陳莉蓮今 (18) 日致詞時表示，集團自有品牌納智捷 (Luxgen) 及中華 (CMC)，將會是鴻華先進產品平台首發客戶；鴻海表示，Model C 車款預計 2023 年在台上市，Model E 也將跟進登場。嚴陳莉蓮今日出席鴻海 () 科技日時，乘坐 Model C 車款進場，他表示，今天看到的產品更是充滿科技感與先進性，令人驚豔。嚴陳莉蓮近一步指出，裕隆跟鴻海合資成立的鴻華先進，短短一年時間就端出成果，這是台灣車輛產業數十年自主研發能量展現，並讓人充分見識「鴻海速度」。最後，嚴陳莉蓮強調，相信未來在汽車產業電動化轉型的過程中，有鴻海集團創辦人郭台銘以及董事長劉揚偉決心支持下，一定可以大展身手，並帶動台灣汽車產業鏈的轉型升級。,"[['2023年上市裕隆', '表示', '自有'], ['集團', '自有', '品牌納智捷'], ['鴻海', '表示', 'ModelE跟進'], ['今日', '出席', '科技日'], ['嚴陳莉蓮', '乘坐', 'Model車款'], ['他', '表示', '看到產品充滿科技感'], ['看到產品', '充滿', '科技感'], ['嚴陳莉蓮', '指出', '先進端成果'], ['先進', '端', '成果'], ['這', '是', '研發能量展現'], ['嚴陳莉蓮', '強調', '相信有大展身手']]"
0,20211018_1578,敦吉前三季三率三升 每股賺4.17元創同期新高電子零組件及通路業者敦吉 () 今 (18) 日公布第三季自結，受惠客戶拉貨動能強勁，稅後純益達 2.07 億元，季增 36.47%，年增 16.36%，每股稅後純益 1.68 元；累計前三季稅後純益 5.01 億元，年增 34%，每股稅後純益 4.17 元，持續繳出三率三升的亮眼成績，第三季與前三季獲利均創歷年同期新高。敦吉第三季營收 18.42 億元，季增 2.5%，年減 1%，毛利率衝上 24.18%，季增 4.93 個百分點，年增 2.86 個百分點，營益率 13.76%，季增 3.9 個百分點，年增 1.21 個百分點，稅後純益 2.07 億元，季增 36.47%，年增 16.36%，每股稅後純益 1.68 元。敦吉前三季營收 51.56 億元，年增 11.79%，毛利率 21.66%，年增 2.25 個百分點，營益率 11.42%，年增 1.57 個百分點，稅後純益 5.01 億元，年增 34%，稅後淨利率 9.72%，年增 1.61 個百分點，每股稅後純益 4.17 元。敦吉指出，三大事業群前三季表現亮眼，其中，製造事業群受惠客戶強勁拉貨動能，音圈馬達載體繞線部件第三季毛利衝刺賺贏上半年，營收及獲利較去年同期大幅成長。敦吉進一步指出，雖然中國車況市場略為轉弱，但倒車輔助系統 EP6 (超音波感測驅動變壓器) 產能持續維持正向發展，年成長約 20%。在各項產品推升獲利之下，製造事業群營收及獲利較去年同期分別成長 17% 及 27%。驗證事業群方面，敦吉表示，高毛利的電磁相容 (EMC) 測試認證業務升溫及電波暗室工程收入挹注下，使得驗證事業群獲利年增 37%。而通路事業群的部分，營收已站穩腳步，維持上半年緩步成長，營收年成長 6%，獲利更是激增 51%。敦吉指出，今年是收成年，驗證事業群旗下信華科技 (深圳) 7 月獲得中國信息技術設備 (ITE)CCC 認證檢測實驗室資格，進入中國 3C 檢測市場，驗證事業群也著手下半年導入及建購 Wi-Fi 6E 測試能力，三大事業群皆有布局，以因應未來 5G 市場成長需求，力拚持續提升集團營收與獲利能力。,"[['創同期新高電子零組件', '公佈', '第三季自結'], ['客戶', '拉', '貨'], ['獲利', '創', '同期新高'], ['年', '增', '個百分點'], ['年', '增', ' 16.36%'], ['毛利率', '增', '11.79%'], ['年', '增', '1.57個百分點'], ['敦吉', '指出', '亮眼'], ['製造事業羣', '受惠', '客戶拉貨動能'], ['客戶', '拉', '貨'], ['強勁', '拉', '貨'], ['敦吉', '指出', 'EP6超音波感測驅動變壓器產能維持正向發展'], ['中國車況市場', '轉', '弱'], ['EP6超音波感測驅動變壓器產能', '維持', '正向發展'], ['敦吉', '表示', '下升溫使得'], ['年', '增', '37%'], ['通路事業羣部分營收', '站穩', '腳步'], ['敦吉', '指出', '今年是收成年'], ['今年', '是', '收成年'], ['7月', '獲得', 'ITECCC認證實驗室資格']]"
0,20211018_1579,〈金管會備詢〉設碳權交易所看3大前提 目前無規劃期貨金管會主委黃天牧今 (18) 日赴立法院財委會就「綠色金融與碳權交易所」進行專案報告，他指出，若要設碳權交易所須建立在 3 大前提下；立委曾銘宗質詢，碳權交易在美國、歐洲都有期貨，台灣是否也會推出碳權期貨？黃天牧表示，目前沒有規劃。黃天牧表示，設立碳權交易，首先政府要先設溫室氣體總量管制；其次，再分配碳權給排碳的業者；最後再考量商業化的可行性。至於碳權期貨，黃天牧表示，國際間有四家主要碳權期貨，但沒有現貨就沒有期貨需求，照環保署現在規劃的碳權交易所，是監理性的交易平台，非金融商品形式，因此期交所不會規劃碳權期貨。曾銘宗關切，5 年內是否會將碳權轉換成金融商品讓交易所來買賣？環保署長張子敬表示，依照客觀現實，我國不是 UNFCCC(聯合國氣候變化綱要公約) 的簽約國，有關國際上的碳權對台灣減碳並沒有幫助，除非在此方面能有突破，否則不會將碳權轉換成金融商品交易。曾銘宗最後表示，歐盟將於 2023 年起實施碳關稅，我國是否研議依進口商品碳排放量加徵碳關稅？財政部長蘇建榮表示，歐盟所謂的 CBAM，是碳邊際調整機制，但不一定是碳關稅，財政部與環保署取得共識，環保署將以加徵碳費為主，財政部則以碳稅為主，如果有重覆課徵，將費抵稅、或稅抵費。,"[['〉', '設', '碳權交易所看3'], ['碳權交易所', '看', '3'], ['目前', '無', '規劃期貨'], ['黃天牧', '赴', '立法院財委會'], ['碳權交易', '有', '期貨'], ['臺灣', '推出', '碳權期貨'], ['黃天牧', '表示', '沒有規劃'], ['黃天牧', '表示', '政府設溫室氣體總量管制'], ['政府', '設', '溫室氣體總量管制'], ['黃天牧', '表示', '沒有期貨需求'], ['國際間', '有', '碳權期貨'], ['曾銘宗', '關切轉換成', '將'], ['環保署長張子敬', '表示', '我國不是簽約國'], ['我國', '不是', '簽約國'], ['臺灣', '減', '碳'], ['國際上碳權', '並沒有', '幫助'], ['曾銘宗', '表示', '我國研議徵碳關稅'], ['歐盟', '實施', '碳關稅'], ['我國', '研議', '徵碳關稅'], ['財政部長蘇建榮', '表示', '是碳關稅'], ['歐盟所謂CBAM', '是', '碳邊際調整機制'], ['財政部', '取得', '共識'], ['費', '抵', '抵費']]"
0,20211018_1580,〈鴻海科技日〉Model C售價百萬內 Model E性能比照頂級跑車鴻海 () 此次在科技日展示 3 款電動車，2 款乘用車方面，董事長劉揚偉表示，Model C 售價百萬元內，CP 值特別高；Model E 最高則可達 750 匹馬力、0-100 秒加速只要 2.8 秒，關鍵續航力更達 750 公里，是在頂級房車、跑車才有的規格。劉揚偉表示，Model C 是 CP 值高的休旅車 SUV，且得益於平台共享優勢，消費者能夠以距離燃油車不遠的合理價格購得；Model E 則是旗艦轎車；Model T 則是電動巴士，且都已經有品牌洽詢，客戶涵蓋國內、東南亞、歐美等地區。以個別車型規格來看，Model C 僅 4.64 公尺的車長卻擁有 2.86 公尺的軸距，提供 5+2 人座空間及置物空間配置；搭配 0.27 低風阻造型設計，在性能版本 0-100 公里加速度僅需 3.8 秒，並提供 700km 的長續航力。Model E 則是鴻海集團與義大利設計公司 Pininfarina 共同開發，針對中、高端消費客群、商務人士需求，後座空間可成為專屬行動辦公室，提供臉部識別車門開啟、智能車窗以及車輛與環境互動等一系列智能應用。性能端方面，Model E 藉由「高性能電驅」與「先進動態控制技術」，讓動力性能輸出達到約 750 匹馬力，0-100 公里加速僅需 2.8 秒，優於市面同級車款，甚至逼近一級方程式賽車的水準，並具備 750km 超長續航力。以智能運輸作為定位的 Model T 電動巴士，高剛性車體防護設計，符合美國聯邦運輸管理局 (FTA) 法規標準，並在車輛研究測試中心 (ARTC) 測試期間，完成 20 萬公里加速耐久測試和 1000 小時以上的剛性強度測試。能耗與續航力部分，Model T 最高可搭載 400 度的電池，續航里程超過 400 公里，滿載條件下，最大爬坡能力可達 25%、最高車速每小時可達 120 公里。,"[['科技日', '展示', '款電動車'], ['董事長劉揚偉', '表示', '高'], ['最高則', '可達', '750'], ['最高則', '可達', '750'], ['關鍵續航力', '更達', '公里'], ['劉揚偉', '表示', '消費者購'], ['高休旅車SUV', '得益於', '平臺共享優勢'], ['以', '距離', '燃油車'], ['ModelE', '是', '旗艦轎車'], ['ModelT', '是', '電動巴士'], ['客戶', '涵蓋', '等國內地區'], ['公尺車長', '擁有', '2.86公尺軸距'], ['在加速度', '需', '3.8秒'], ['ModelE', '是', '義大利設計公司Pininfarina開發'], ['後座空間', '成爲', '行動辦公室'], ['0-100公里加速', '需', '2.8秒'], ['智能運輸', '作爲', '定位'], ['電動巴士', '完成', '加速耐久測試'], ['續航里程', '超過', '400公里'], ['最高車速', '可達', '120公里']]"
0,20211018_1581,致伸Q4缺料有望緩解 營收拚200億元站兩年新高電聲元件廠致伸 () 前三季受缺料影響，部分訂單遞延至第四季，不過聲學產品拉貨強勁，隨著缺料狀況獲得緩解，本季營收挑戰 200 億元，優於第三季與去年同期，可望寫下兩年來單季新高。致伸下半年主要出貨智慧音箱等聲學產品，但面臨半導體缺料最大瓶頸，第三季部分訂單遞延至第四季交貨，預期在主要客戶持續追料下，第四季零組件供給緊縮狀況有機會緩解，單季營收有望季增雙位數，將寫今年新高。獲利方面，由於消費性電子出貨比重高，加上原物料成本墊高，第四季毛利率將小幅下跌，不過營利率有望維持 4% 以上水準，另外，去年第四季業外認列轉投資汽車電子廠 Belfast 評價減損 2.8 億元，今年評價減損初估約 1.4 億元，整體第四季獲利仍會優於去年。致伸指出，由於調整視覺影像產品線，毛利率大幅改善，看好下半年毛利率與營利率較上半年提升，獲利有望超越上半年的每股純益 2.5 元，全年維持超越 2019 年 4.8 元新高目標。展望明年，致伸表示，居家辦公帶動電腦周邊和電競相關產品，需求已不如過去，將呈現下降趨勢，因此積極往車用、IOT、智慧家庭等新事業布局，尤其車用除了既有美系動車訂單持續擴增外，近期汽車 ADAS 感測相機模組，也與卡車業者洽談合作。致伸 9 月營收 63.14 億元，月增 6.35%、年減 12.68%；第三季營收 176.69 億元，季增 7.42%、年減 6.54%；累計前 9 月營收 512.76 億元，寫歷史第二高，年增 5.33%。,"[['新高', '致伸', '缺'], ['元件廠', '伸', '受缺料影響'], ['營收挑戰', '拉', '遞延至第四季'], ['營利率', '維持', ' 以上水準'], ['第四季業外', '認列', '汽車'], ['獲利', '有望', '超越2.5元'], ['需求', '不如', '過去'], ['除了', '既有', '美系動車訂單擴增']]"
0,20211018_1582,〈金管會備詢〉高端一年飆四倍也涉內線交易？金管會證實已5次移送檢調調查局近日大動作調查東洋公司 () 內線交易案，立法院立委曾銘宗、賴士葆等今 (18) 日質詢高端 () 交易量「異常」，股價一年飆漲四倍，外界質疑金管會只查東洋不查高端，金管會則證實，今年已 5 次將高端相關資料移送給檢調處理。曾銘宗表示，總統蔡英文於 5/13 召開記者會表示高端 7 月底可以開始供應第一波國產疫苗，5/10、5/11 高端股票成交量只有 2118、7278 張，但是 5/12 到 5/17 連續爆出萬張成交量。此外，政府 5/30 宣布採購當時二期臨床試驗尚未解盲的高端疫苗，引發投資人疑慮，高端股價連吞 6 根跌停，6 月 8 日由黑翻紅後連飆 2 根漲停，6 月 11 日高端疫苗完成二期解盲拉第 3 根漲停。張振山表示，今年 3-9 月已經將高端相關交易資料交由檢方來處理。陳永誠則表示，從最早去年 11 月開始，已有五次送件給檢調，但在立委質詢下透露出是在檢調的要求下配合移送，而不是主動移送。談到高端股價是否異常，陳永誠表示，「是比較特殊，有沒有異常要由檢調來判定」，不願認定是異常，最後在曾銘宗與主席多次詢問，才鬆口同意屬於「異常」。賴士葆更表示，調查局查出東洋有內線交易，但東洋股價異常只有一個月，去年 10 月開始漲、11 月就跌回原點；但是高端股價的異常是從去年到今年，一年漲四倍，府院高層堪稱是「國家級高端啦啦隊」，此外，外傳金管會前副主委許永欽因為積極主動調查高端，所以是「被請辭」，質疑許永欽的真正離職原因？黃天牧多次強調，許永欽離職是個人生涯規畫，沒有政治壓力。,"[['移送檢調調查局', '調查', ')內線交易案'], ['金管', '查', '東洋'], ['曾銘宗', '表示', '召開記者會表示開始供應國產疫苗'], ['召開記者會', '表示', '開始供應國產疫苗'], ['高端股票成交量', '只有', '2118張'], ['\xa05/30政府', '宣佈', '引發疑慮'], ['高端疫苗', '完成', '二期解'], ['張振山', '表示', '交'], ['陳永誠', '表示', '透露是配合'], ['五次送件', '給', '檢調'], ['透露', '是', '配合'], ['陳永誠', '表示', '特殊'], ['鬆口同意', '屬於', '異常'], ['賴士葆', '表示', '東洋股價只有一個月'], ['調查局', '查出', '東洋有內線交易'], ['東洋', '有', '內線交易'], ['東洋股價', '只有', '一個月'], ['高端股價異常', '是', '漲'], ['副主委許永欽', '是', '請辭'], ['黃天牧', '強調', '許永欽離職是生涯規畫'], ['許永欽離職', '是', '生涯規畫']]"
0,20211018_1583,〈鴻海科技日〉郭台銘親駕Model E車款進場 「這輩子最有意義的生日禮物」鴻海 () 創辦人郭台銘今 (18) 日出席鴻海科技日並親自駕駛 Model E 車款進場，今日也是郭台銘生日，他表示，「是這輩子 71 年以來收到最棒的生日禮物」。郭台銘致詞時指出，新世代、環保節能電動車對台灣而言，展現了整體工業實力，從產品構思、外型設計到電池設計、機構工程、三電系統、操控系統的整合工程，整整只花了一年的時間，這部車是對他最有意義、最棒的生日禮物，所以堅持要親自開車登場。郭台銘表示，電動車是世界潮流趨勢，也是全世界體積最大、價格最昂貴、裝上四個輪子的智慧電子產品，在製造電子產品上，台灣在半導體、模具、精密機械、操作介面等方面都很強，可以在電動車上扮演關鍵的角色。最後，郭台銘表示，「太棒了」這三個字不足以形容現在的心情，因此也將這份喜悅分享給全台民眾，以及鴻海、裕隆跟鴻華先進、的合作夥伴，參與 MIH 的工作夥伴，也祝台灣環保新世代電動車生日快樂。,"[['親', '駕', 'E車款進場'], ['18今', '日出席', '鴻海科技日'], ['今日', '也是', '郭臺銘生日'], ['他', '表示', '「是棒生日禮物'], ['「', '是', '棒生日禮物'], ['郭臺銘', '指出', '新世代展現工業實力'], ['新世代', '展現', '工業實力'], ['這部車', '是', '有意義生日禮物'], ['郭臺銘', '表示', '電動車是潮流趨勢'], ['電動車', '是', '潮流趨勢'], ['在', '製造', '電子產品'], ['郭臺銘', '表示', '分享'], ['這三個字', '形容', '現在心情'], ['臺灣', '環保', '新世代電動車生日快樂']]"
0,20211018_1584,三大遠程航線聯袂跌 外資看運價反彈可期 Q4不淡亞系外資今 (18) 日出具最新報告指出，上海和寧波港雖見到塞港緩解態勢，但珠江三角洲運輸仍受到颱風因素影響內陸運輸，同時，中國出口港緩解壅塞加快出貨，反而會使美國西岸塞港狀況加劇，因此，在艙位仍供不應求之際，預期在中國十一周後，貨櫃海運運價有望再度反彈，第四季需求仍旺。上周五上海航交公布最新 SCFI 綜合指數，是近期首度看到歐洲線、美西線和美東線運價同步走跌，美東線更呈現連 3 跌，每 FEU(標準 40 呎櫃) 運價來到 10700 美元，跌幅較上周擴大至 3.73%。儘管市場對海運後市抱持憂心，並引發一波波對貨櫃三雄的賣壓，不過，亞系外資認為，中國港口緩解壅塞反而可能會加劇美國港口的擁堵，原因在於，拜登政府指示洛杉磯和長灘港全天候工作，但美國內陸物流運力短缺，包括鐵路、卡車運輸和倉儲仍嚴重不足，難緩解美國塞港狀況。另一方面，從需求面來看，亞系外資認為，中國周後生產逐漸恢復，而據美國全國零售聯盟 (NRF) 預測，即便去年同期具高比較基期，第四季銷售仍增可達 0.6%，顯示美國進口和消費需求仍強勁，因此，艙位供不應求仍可望使海運運費續創新高。亞系外資也重申長榮 () 買進評等，目標價 185 元。,"[['最新報告', '指出', '珠江三角洲運輸受到颱風因素影響內陸運輸'], ['上海', '見到', '緩解態勢'], ['珠江三角洲運輸', '受到', '颱風因素影響內陸運輸'], ['颱風因素', '影響', '內陸運輸'], ['中國出口港', '緩解', '壅塞'], ['海運運價', '有望', '反彈'], ['最新SCFI 綜合指數', '是', '看到運價走'], ['運價', '來到', '10700\xa0美元'], ['跌幅', '擴大至', '3.73%'], ['市場', '抱', '持憂心'], ['一波波', '對', '貨櫃三雄'], ['亞系外資', '認爲', '加劇美國港口擁堵'], ['中國港口', '緩解', '壅塞'], ['亞系外資', '認爲', '中國周後生產恢復'], ['亞系外資', '重申', '買進']]"
0,20211018_1585,〈鴻海科技日〉今年大秀硬體成果 劉揚偉：明後年展現軟體、半導體實力2021 鴻海 () 科技日 (HHTD21) 今 (18) 日登場，董事長劉揚偉開幕致詞時表示，在電動車發展上，鴻海已經準備好，本次展出三款車展現鴻海在電動車硬體的成果，預計明後年，將接力秀出電動車軟體和半導體實力。劉揚偉致詞時表示，先前發表的電動車影片，有人說是用動畫畫的，因此決定要對外展示，鴻海也正在打造兼具性能、智能、效能，且是通用、好用、也實用的電動車。劉揚偉進一步指出，去年鴻海科技日，對外宣示了發展電動車的策略，今年以平均每個月，公布一個合作案的速度，建立鴻海電動車供應鏈和出海口，陸續展現集團在電動車硬體方面成果，「半年過去了，鴻海不再是 New kid in town。」延續「3+3=∞」的轉型發展理念，2021 鴻海科技日主打「感受、技術、軟體、體驗」四大主軸，並由劉揚偉親自開場介紹三款自產電動車，揭開序幕。,"[['是用的', '用', '動畫畫'], ['鴻海', '打造', '兼具性能電動車'], ['劉揚偉', '指出', '去年鴻海科技日宣示發展電動車策略公佈一個合作案速度'], ['去年鴻海科技日', '宣示', '發展電動車策略公佈一個合作案速度'], ['了', '發展', '電動車'], ['發展電動車策略', '公佈', '一個合作案速度'], ['鴻海', '是', 'New kid in town']]"
0,20211018_1586,〈金管會備詢〉台版TISA祭租稅優惠？黃天牧：當沖、權證降稅應先行為挹注台股動能，投信投顧公會力促台版的個人投資儲蓄帳戶機制 (TISA)，希望投資亦可比照儲蓄及保險的做法，祭出稅負優惠誘因，以增加國人自行累積退休金的意願，對此，金管會主委黃天牧今 (18) 日表示，國人已有一定金額定期定額買台股，建議當沖減稅延後與權證降稅應該先行。投信投顧公會建議，可以仿效日本、泰國等國家個人投資儲蓄免稅帳戶機制，建立台版 TISA 機制，不僅能夠協助國人脫貧養老，還可以活絡台灣資本市場。因此，期盼政府能進行所得稅法修正，於現行列舉扣除額之下，新增「投資列舉扣除」，以 2.4 萬元為扣除限額，透過稅負優惠鼓勵國人養成中長期投資的習慣，並可降低政府支付退休金的財政壓力。黃天牧表示，每個業別都希望稅負有優惠，要思考現在是不是時機，財政部因為有整個國家財政稅收的考量，不能一下子提太多租稅優惠措施，目前當沖減稅延後與權證降稅也在爭取過程中，要符合大家的期待，這二個減稅先過了再說。談到台股動能，黃天牧表示，從各項數據來看，包括：上市公司營收、本益比、殖利率及經濟成長率等，台股基本面良好，因此樂觀看待台股。黃天牧強調，台股基本面良好，今年前 9 月上市營收比去年同期成長了 18.37%；台股本益比 15 倍多，現金殖利率 2.67%，若加上股票殖利率則有 2.75%，今年 GDP 成長率預測為 5.8%；此外，國人對於定期定額比例攀升，整體而言，台股資金動能也沒太大問題。,"[['權證降稅', '爲', '臺股動能'], ['帳戶機制TISA', '力促', '臺版投資'], ['投資', '祭出', '稅負優惠誘因'], ['國人', '累積', '退休金'], ['自行', '累積', '退休金'], ['國人', '已有', '定額'], ['衝', '減', '稅'], ['政府', '進行', '所得稅法修正'], ['現行列舉', '扣除', '額'], ['政府', '支付', '退休金'], ['政府', '支付', '退休金'], ['黃天牧', '表示', '每個業別希望稅負有優惠'], ['每個業別', '希望', '稅負有優惠'], ['稅負', '有', '優惠'], ['現在', '是不是', '時機'], ['財政部', '提', '優惠措施'], ['黃天牧', '強調', '良好'], ['比', '成長', '18.37%'], ['臺股資金動能', '沒', '大問題']]"
0,20211018_1587,〈台股盤中〉鴻海科技日登場、金融族群撐盤 拚站穩月線台股今 (18) 日早盤以小漲 35.75 點開出，最高站上 16862 點，但開盤不到半小時，獲利了結賣壓出籠，權王台積電回測 600 元整數大關，拖累大盤一度翻黑，金融類股則相對撐盤，盤面也聚焦鴻海科技日登場，今大盤力拚站穩月線、16800 點關卡，預估成交量則維持約 2700 億元。電子權值股方面，台積電看旺第四季營運，加上蘋果 19 日即將發表新品，今最高衝上 604 元，但盤中賣壓出籠，一度由紅翻黑，午盤力守 600 元整數大關，鴻海則在科技日題材助攻下，力穩平盤之上，聯發科、台達電表現則相對強勢，漲幅均在 2% 上下。金融族群則成為今撐盤要角，新光金、台新金漲幅超過 2%，開發金、國票金、國泰金、永豐金漲幅也都超過 1%。盤面上強勢族群，受惠熱潮再起，價格在周末衝上 62000 美元大關，直逼歷史高點，帶動主板廠今強勢表態，華擎強攻漲停價位，撼訊、青雲、麗臺、映泰漲幅均超過半根停板，精英、技嘉、微星、華碩、承啟表現也不俗。盤面上貨櫃航運族群人氣潰散，受海岬型航運價走弱， (BDI) 跌破 5000 點，貨櫃航運三雄長榮、萬海、陽明今同步重挫半根停板以上，散裝航運股裕民、中航、新興、台航跌幅也都超過 4% 以上。盤面資金比重方面，電子族群占比約 5 成，航運則占約 2 成，但受運價壓抑，航運類股指數重挫近 5%，跌破 200 點大關，創下近五個月低點。展望未來，法人認為，受美通膨疑慮、上升等國際因素干擾，大盤短線恐維持橫向區間震盪，上檔壓力為月線、萬七關卡，此外，鴻海今也將舉辦科技日，預期將釋出 E 級車、C 級車與電動巴士設計藍圖，並進一步說明電動車布局進度。,"[['金融類股', '維持', '億元2700'], ['19 日蘋果', '發表', '新品'], ['鴻海', '力守', '整數大關'], ['漲幅', '在', '2%上下'], ['金融族羣', '成爲', '要角'], ['新光金漲幅', '超過', '2%'], ['開發金', '超過', '1%'], ['價格', '衝', '美元大關'], ['撼訊漲幅', '超過', '半根停板'], ['散裝航運股裕民', '超過', '4% 以上'], ['航運', '佔', '2成'], ['法人', '認爲', '干擾'], ['短線恐', '維持', '橫向區間震盪'], ['上檔壓力', '爲', '月線'], ['鴻海今', '舉辦', '科技日']]"
0,20211018_1588,〈觀察〉台積電赴日設廠 可能面臨的機會與挑戰晶圓代工龍頭台積電 () 赴日設廠可能採合資模式，屆時可望就近取得 SONY 感測器訂單，日本擁有半導體設備與材料供應鏈優勢，台積電新廠營運效率可望迅速提升，不過，日本政府大動作補助恐招來紛擾，加上日本客戶營收占比低，能否確保新廠需求，將成為挑戰。台積電將到日本蓋新廠，明確表示不與政府合資，但與關鍵客戶間的合資計畫，視個案情況評估；先前傳出，台積電要與 SONY 等客戶合資建廠，可望成為台積電近十年來首度在海外合資蓋新廠。SONY 的影像訊號處理器 (ISP) 一直以來均由台積電代工，但其最具市場領導地位的 CMOS 影像感測器 (CIS)，始終維持自產，業界認為，台積電赴日設廠，其中一個因素，可能是可望藉此取得 SONY 感測器訂單，並學習其將感測器、ISP、記憶體透過晶圓級製程堆疊封裝的獨家技術。從供應鏈角度來看，日本已逐漸從晶片大國轉型為半導體設備、材料供應大國，在全球半導體設備市占率近 4 成，材料市場市占率則高達 6 成，且台積電將在日本筑波建立的 3DIC 研發中心，包括 Ibiden、旭化成、信越化學等 20 多家日廠都將投入參與。在取得日本當地半導體設備與材料供應鏈就近供應下，加上擁有先進 3D 封裝研發中心從旁協助，有助台積電提升日本新廠營運效率，在降低成本上也能有所助益，進一步提高競爭優勢。不過，在日本當地設廠成本高昂，當地政府補貼、合資設廠都將有助降低成本。雖然傳出日本政府將編列千億預算，作為台積電設廠補助，但用稅金鉅額補貼國外企業，恐招致國內企業反對聲浪，且也可能違反 WTO 補貼協定疑慮，競爭對手南韓可能因此提告。從市場占比來看，有別於美國市場營收占比高達 6 成，台積電日本客戶營收僅占約 4-5%，且當地以 IDM 廠為主，IC 設計公司少，日本也不再是家電、桌電等市場的主導者，產業主要以電源、車用、影像感測器等應用為主。除 Sony、Denso 與三菱電機 3 家可能與其合資的客戶外，台積電如何確保新廠產能利用率維持，也是挑戰之一。,"[['觀察臺積電', '赴', '設廠'], [')機會', '採', '合資模式'], ['營運效率', '擁有', '半導體設備優勢'], ['臺積電將', '表示', '合資'], ['其', '最具', '市場領導地位'], ['其', '最具', '市場領導地位'], ['影像感測器CIS', '維持', '自產'], ['業界', '認爲', '設廠'], ['積電', '赴', '日'], ['一個因素', '是', '獨家技術'], ['藉此', '取得', 'SONY感測器訂單'], ['記憶體', '透過', '堆疊封裝'], ['在', '取得', '半導體設備供應'], ['助臺', '提升', '營運效率'], ['在', '降低', '成本'], ['當地', '設', '廠'], ['政府補貼', '有助', '降低成本'], ['日本政府', '編列', '千億預算'], ['補貼', '恐', '招致國內企業反對聲浪'], ['國內企業', '反對', '聲浪'], ['臺積電', '佔', '5%'], ['日本', '是', '等家電市場主導者'], ['臺積電', '確保', '新廠產能利用率維持'], ['臺積電確保新廠產能利用率維持', '也是', '挑戰之一']]"
0,20211018_1589,花旗消金搶親者眾 黃天牧透露買家無其他外銀花旗 (台灣) 銀行出售台灣消金業務，外傳富邦金、國泰金控、台新金、渣打銀、星展銀想搶親，聘金最高 600 億元，金管會主委黃天牧今 (18) 日表示，買家是誰就看花旗最後的決定，但買家沒聽說有其他外銀，而是現在有在台灣經營的這些銀行，沒有聽說有「賣執照」的情況。近期外商銀行花旗、壽險公司康健人壽紛紛撤出台灣市場，黃天牧表示，外商不論銀行、壽險會做出任何決定都基於全球策略，從 2008 年金融危機就看的出來，我國金融市場成熟也具有競爭力，平常心看待國外金融機構所做的判斷，金管會重視的是客戶、員工的權益。,"[['透露買家', '無', '臺灣'], ['銀行', '出售', '臺灣消金業務'], ['買家', '是', '誰'], ['買家', '聽說', '有其他外銀'], ['「', '賣', '執照'], ['外商銀行花旗', '撤出', '臺灣市場'], ['銀行', '做出', '任何決定'], ['成熟', '具有', '競爭力'], ['會重視的', '是', '客戶權益']]"
0,20211018_1590,"權證投資人一定要了解的權證投資人看多標的TOP5受到台積電 () 法說會與美股走揚激勵，15 日台股強漲 393.91 點，終場收在最高點 16781.19 點。觀察投資人現股看多金額排行，鴻海 () 以及集團旗下機構件大廠－乙盛 - KY ()、連接線束廠－廣宇 () 依序入榜。受惠於 iPhone 13 上市，鴻海 9 月合併營收達 5,857.3 億元，月增 46.4%，年增 25.6%，營收成績優於預期。此外，鴻海科技日也將於 18 日登場，預計發表三款電動車，外界普遍看好電動車商機，也讓鴻海、乙盛 - KY、廣宇 15 日股價皆上漲，分別收在 109.5 元、69.5 元、43.5 元。了解更多權證資訊","[['TOP5', '受到', '法說會走揚'], ['強', '漲', '393.91點'], ['鴻海)', '入', '榜'], ['營收成績', '優於', '預期'], ['外界', '看好', '電動車商機']]"
0,20211018_1591,台積電美國新廠執行長受訪 憶及當年與創辦人張忠謀會面談話據外媒報導，晶圓代工龍頭台積電 () 亞利桑那州子公司執行長暨總經理 Rick Cassidy 受訪時，透露當年與創辦人張忠謀會面時的小故事，及張忠謀當時對他說了一段讓他記憶猶新的話，也談論台積電在美國的建廠計畫。美國媒體 CNBC 到台積電亞利桑那州新廠採訪，台積電主管介紹晶圓廠設計，及說明台積電赴美設廠的原因。張忠謀於 1980 年代提出純晶圓代工概念時，投資者都抱持懷疑態度。Rick Cassidy 受訪時表示，自己 23 年前加入台積電，與張忠謀曾有長達數小時的會面，他並形容這場會議很有趣 (fascinating)，張忠謀當時對他說，「當你一心一意專注在一件事，就會把那件事做好」。當時，張忠謀押注在還不存在的晶圓代工需求，其 1987 年創立台積電時，英特爾和德州儀器等晶片大廠都以自行設計與製造晶片自豪。Rick Cassidy 說，當時產業甚至有個說法，「真男人都擁有晶圓廠 (Real men have fabs.)」。Rick Cassidy 也透露，張忠謀在籌資時，曾找上許多知名企業，這些公司卻告訴他，「Morris，你的構想不會成功，即使實現了，營運規模也不會擴大。」對於台積電亞利桑那州 5 奈米新廠建廠計畫，Rick Cassidy 表示，若想要更多產能，就得建造更多新廠，這也是台積電赴美設廠的原因之一，「客戶與美國政府都希望我們到美國」。台積電技術處長陳鏘澤也向 CNBC 導覽其中一座 5 奈米晶圓廠，並透露這座新廠是由台灣晶圓廠複製而來。,"[['執行長', '受', '訪'], ['Cassidy', '受', '訪'], ['會面時小故事', '說', '讓的話'], ['美國媒體CNBC', '到', '新廠'], ['說明臺', '赴', '美設廠'], ['積電', '赴', '美設廠'], ['張忠謀', '提出', '晶圓代工概念'], ['1980年代', '提出', '晶圓代工概念'], ['投資者', '抱', '懷疑態度'], ['RickCassidy', '受', '訪'], ['自己', '加入', '臺積電'], ['他', '形容', '有趣'], ['張忠謀', '說', '做好'], ['當你', '專注在', '一件事'], ['張忠謀', '押注在', '代工需求'], ['1987年', '創立', '積電'], ['RickCassidy', '說', '產業有個說法'], ['產業', '有', '個說法'], ['真男人', '擁有', '晶圓廠'], ['RickCassidy', '透露', '張忠謀找知名企業'], ['張忠謀', '找', '知名企業'], ['RickCassidy', '表示', '建造新廠'], ['這', '也是', '臺積電赴原因之一'], ['客戶', '希望', '我們到美國'], ['我們', '到', '美國'], ['電技術處長陳鏘澤', '導覽', '5奈米晶圓廠']]"
0,20211018_1592,"能耗雙控下的航運股俗話說「福無雙至，禍不單行」跌跌不休的航運股，久盤後遇大盤整理隨盤勢開始出現修正，加上原本熱絡的運價因中國限電出現雜音，雙重打擊下股價紛紛再度跳水破底，「能耗雙控」減少自家製造業產能的政策，除了衝擊各項電子產品的生產以外，也間接造成國家出口貨物減少、對貨櫃航運的需求降低等等影響，由於影響範圍比一般投資人預期要大，也讓全球股市增添不確定性。9 月 30 號上海出口集裝箱運價指數 (SCFI)，從去年起連漲 20 週後首次出現跌幅，最終收 4,614.1 點，較前一週 4,643.79 點下跌 29.69，跌幅 0.63%。這個消息在投資圈迴響很大，但其實真的衝擊航運股獲利的情況很小，因為航運公司在運貨時，還會額外收取一筆 GRI 附加費用，且這個費用沒有因此而降低，所以能夠吸收航運公司短期的獲利衝擊。股神巴菲特有句名言「別人恐懼我貪婪」，當恐懼到了一定程度時，所有的利多都無用，而些微的利空就會被放大解讀，航運股今年獲利大好己當不了護身符，9 月營收小跌則引起驚濤巨浪，此波運費下跌，除了因限電影響外，還有每年固定的「中國十一長假」間因假期間造成的生產減少，一般來說航運股 7～8 月最旺，9～10 月為小旺，依照過往十一長假前一週的 SCFI 指數皆為下跌，幅度約 - 1.5～-2.7%，此次則為 - 0.64%，以長假加上限電雙重影響下，實則影響己比往年小，換句話說運費下跌為「正常現象」，只是太多籌碼陷於其中，一有風吹草動就引起波動漣漣。航運利空消息不斷，沒有影響到基本面，但卻重擊了股價，長榮 () 跌破百元大關，但從獲利表現來看，第一季 EPS 7.04 元、第二季 EPS 7.98 元，上半年表現超過 15 元，第一季營收 901 億、第二季 998 億、第三季 1449 億，第三季還是大勝前二季，以此數字來看，即使接下來在運費方面出現動盪，百元價位以下明顯超跌。【本文未完，全文詳情及圖表 請見完整內容萬寶週刊 1459 期】更多精彩文章延伸閱讀：◎社長論劍：全球通膨炒翻天◎封面故事：全球發展新能源 誰長線有機會？◎投資總舖師：台積電投片車用，誰受惠？◎台股照明燈：走貶 誰將受惠？◎五福臨門：能耗雙控下的航運股","[['跌航運股', '久盤後遇', '大盤'], ['限電', '出現', '雜音'], ['除了', '衝擊', '各項電子產品生產'], ['原本熱絡運價', '造成', '出口貨物等等減少影響'], ['航運公司', '收取', '附加費用'], ['恐懼', '到', '一定程度'], ['恐懼', '到', '一定程度'], ['大好己', '當', '護身符'], ['因', '限', '電影'], ['依照', '過往', '十一長假'], ['長假', '加上', '限電'], ['太多籌碼', '陷於', '驚濤巨浪'], ['超過 15 元，第一季營收 901 億、第二季 998 億、第三季 1449 億第三季', '出現', '動盪'], ['全文詳情', '延伸', '閱讀']]"
0,20211018_1593,"全球發展新能源 這類股長線有機會？大陸能耗雙控攪動市場尚未停歇，雙十連假期間又傳出大陸山西暴雨，導致 60 座煤礦停產，A 股煤炭板塊因此整體重創收跌 4.24%，大陸官方雖然緊急下令蒙古 72 處煤礦大量增產，但中國動力煤現貨價格還是直接飆破 1,850 元的歷史新高，而全球指標澳洲新堡 (Newcastle) 燃煤價格也來到每公噸 202 美元，幾乎是 2019 年底價格的 3 倍。除了煤礦價格，全球原油、天然氣也持續創高，加上 OPEC + 決議不增產，如果今年冬季反聖嬰現象讓天氣更寒冷，原油天然氣需求將再進一步擴大，推升價格，相關的塑化族群股包括台塑 ()、台塑化()、台聚()、亞聚()、華夏() 第四季股價將有望跟著水漲船高。而這一波全球能源危機，與全球正在力推的碳中和政策其實是互相箝制拉扯，要突破僵局勢必要發展新能源，配合企業 ESG 永續經營的發展方向，包括風力發電、太陽能、電力管理、LED 等綠電能源概念股都將是明日之星，像是上緯投控 ()、永冠 - KY()、世紀鋼 ()、元晶 ()、碩禾 ()、聯合再生 ()、國碩 ()、太極 ()、永崴投控 ()。受到國際原油價格拉抬的還包括棕櫚油，十月期貨價格也升至歷史新高，相關的糧食價格包括小麥、糖、乳製品也都節節走升，影響所及農糧概念股也都可望受惠，像是台肥 ()，受惠國際尿素價格創十年新高，預估第四季尿素價格繼續走揚，台肥今年轉投資獲益估達 28.5 億元，明年預估有 33 億元。10/1 為大家推薦台肥後股價漲幅逾 11%，股價創新高後近日拉回，但法人持續敲進，9/23 以來已買超近 19,000 張，在通膨效應持續下，加上台肥租賃收益，股價有望再登高。其他包括龍燈 - KY()、東聯 ()、興農()、味全() 股價也都有表現機會。【本文未完，全文詳情及圖表 請見完整內容萬寶週刊 1459 期】更多精彩文章延伸閱讀：◎社長論劍：全球通膨炒翻天◎封面故事：全球發展新能源 誰長線有機會？◎投資總舖師：台積電投片車用，誰受惠？◎台股照明燈：走貶 誰將受惠？◎五福臨門：能耗雙控下的航運股","[['全球', '發展', '新能源'], ['現貨價格', '破', '歷史新高'], ['燃煤價格', '來到', '每公噸202美元'], ['冬季', '反', '聖嬰'], ['相關塑化族羣股', '包括', '()臺塑股價'], ['全球推碳中', '是', '拉扯'], ['33億元', '受到', '原油價格拉抬'], ['受到原油價格拉抬的', '包括', '棕櫚油'], ['十月期貨價格', '升至', '歷史新高'], ['糧食價格', '包括', '小麥走'], ['影響', '可望', '受惠'], ['今年轉投資獲益', '估達', '億元'], ['後股價漲幅', '逾', '11%'], ['股價', '有望', '登高'], ['KY龍燈股價', '有', '表現機會'], ['全文詳情', '延伸', '閱讀']]"
0,20211018_1594,〈台股盤前〉橫向區間震盪格局 上檔壓力看月線、萬七台股上周五 (15 日) 在台積電強勢貢獻指數超過 200 點下，大漲 393.91 點，以最高點 16781.19 點作收。法人指出，台積電法說報喜雖帶動台股大漲，但受美通膨疑慮及上升等因素影響，大盤恐維持橫向區間震盪，下檔支撐看年線，上檔壓力為月線及萬七關卡。根據公開資訊，上周石化原料中，五大泛用樹脂、中間石化原料、PVC 上游中間原料的報價均暴漲，幅度至少一到兩成，法人指出，以台塑為首的國內石化供應鏈將迎 10 月，漲價潮恐蔓延到年底。台股方面，市場專家認為，台股本周在上市櫃公司陸續發放現金股息、及準備執行庫藏股等資金挹注，加上政府委外代操，合計共千億元資金活水蓄勢待發，將助推行情一舉站回月線，並伺機挑戰萬七大關。 台積電高階製程需求旺，在蘋果持續擴大自行研發的 M 系列晶片投片量，及 AI 晶片多元應用挹注下，明年首季營收可望突破傳統淡季束縛，繳出單季營收季增個位數百分比的成績，朝連續七季創新高邁進。美系外資最新報告指出，後疫情時代雲端支出大降，全球電信服務業者資本支出放緩，雲端伺服器基本面開始生變，一口氣翻空族群後市觀點，降評股后信驊、指標股緯穎與台燿。法人指出，台積電法說報喜，帶動台股止跌站回五日線，周線也連續收紅，但受美通膨疑慮及上升等因素影響，大盤恐維持橫向區間震盪，下檔支撐看年線，上檔壓力為月線及萬七關卡。,"[['臺積電強勢貢獻指數', '超過', '200'], ['臺積電強勢貢獻指數', '超過', '200'], ['上週五月線', '大漲', '393.91點'], ['法人', '指出', '受等疑慮因素影響'], ['報喜', '帶動', '臺股'], ['大盤恐', '維持', '橫向區間震盪'], ['上檔壓力', '爲', '月線'], ['幅度', '一到', '兩成'], ['法人', '指出', '潮恐蔓延'], ['市場專家', '認爲', '發放資金挹注'], ['營收', '突破', '傳統淡季束縛'], ['季', '增', '個位數百分比'], ['最新報告', '指出', '雲端支出降'], ['雲端伺服器基本面', '開始', '生變'], ['法人', '指出', '臺積電法說報喜'], ['臺積電法', '說', '報喜'], ['大盤恐', '維持', '橫向區間震盪'], ['上檔壓力', '爲', '月線']]"
0,20211018_1595,九局下半兩人出局 台開尋求逆轉勝契機 邱于芸：我要直球對決！提到台開 ()，社會大眾首先會想到老字號土地資產開發公司，甚至還蒙有一層神秘面紗，但隨著新任董事長邱于芸接棒上任，活潑彈性化的洋風作派，並快速引進全新專業經理人團隊，為台開注入過往罕見的新活水，對於展望，邱于芸自信侃談已擬定短期財務重整規畫、中長期營運轉型目標，甚至透露，正與知名零售業者洽談共同土地開發，可以預見，台開真的不一樣了。邱于芸甫上任，短期先著重於重整財務工程，因而展現魄力積極延攬各界人才，力邀曾任民進黨 5 屆中常委的信保基金前董事長蔡憲浩擔任集團旗下台創公司副董事長、前京華山一投資銀行部副總黃茂基擔任台創公司財務長，並將借重獨立董事洪榮一的生物科技專長，協助開發與建立花蓮洄瀾灣園區養生村。黃茂基早期曾任職日本聯電 (聯日半導體) 財務長，具跨產業的投資和管理實務豐富經驗，對於外界關注的台開財務議題，儘管黃茂基甫上任不到 1 個月，但在快速梳理財務後，有信心表示「今年資金的展延都沒有問題」。「事實上，台開的資產狀況相當良好，只是未能好好活用，甚至停滯一段很長的時間，現階段就是將過去造成的問題，一個一個解開」，黃茂基說。因此，黃茂基開始擬定處理順序，接下來會活用操作手上資產，來積極尋找異業合作機會、疏通目前的財務問題，未來，每一項資產採類似專案方式執行，藉此迅速產生現金流，以最快解決過去財務槓桿操作失衡問題。另一方面，黃茂基不諱言「投資人對台開的信心不夠」，為了提高台開在資本市場的能見度，規劃在 3-6 個月內財務重整工程初步階段完成後，主動找尋投資圈法人加強溝通，這是過去台開並未積極著墨的重要一步。儘管目前台開可說是處在高空中的亂流，「稍微緊張一下，不會影響大局」，黃茂基有信心表示。在短期財務面已有了因應對策後，邱于芸逐步釐清台開擁有多少資源和發展機會，同時擬定了中長期的發展計劃。邱于芸不諱言，過去的台開籌資較偏向與政府合作，在進行工業區開發並未將供應鏈納入運籌，然而，未來的台開必須轉型成「大平台」，亦即未來的台開，將不再完全仰賴大型標案的開發，而是在開發工業區和商用不動產豐富經驗的前提下，扮演土地開發、工業區建築規劃的供應鏈領導角色。事實上，台開過去幾十年完成開發工業區、科學園區和商辦多達 30 處，專業經驗堪稱國內首屈一指，邱于芸看好，隨著台商回流或供應鏈轉移，可善用台開品牌，協助業者在國內外設廠。另一方面，邱于芸透露，近日已有知名連鎖便利商店與國際知名快速時尚服飾零售業者洽談土地開發共同合作，未來透過台開聯名，在既有的土地資源上與品牌強強聯手，也是一項全新的發展契機。「每一筆土地都像一個人，有其時空背景、特色以及適合處理的方式，希望將地方精靈特色發揚光大」，談到台開的軟實力，邱于芸展現不同於以往台開給外界的硬底印象，感性地說。而在軟實力方面，邱于芸首先透露對花蓮的發展願景，由於台開在花蓮擁有多筆土地和商場，「想將花蓮打造成台灣的柏林」，導入滑板、運動、音樂節和自行車等主題，將花蓮成為國內另一個擁有地方慶典的特色地區，強化國內地景與地景間的區隔。不僅如此，除了透過文創將活力的元素融入地方，邱于芸規劃，養生村、物流園區均為可拓展的方向，期許未來台開的開發區將更加活化生活周邊機能，成為全新生活場域。除了對花蓮的長遠願景已有初步輪廓，邱于芸談到金門，則著眼於新商機─跨境電商。金門物流經貿園區定位為跨境物流轉運中心，擴大發揮台開金門保稅倉的優勢，全力搶攻兩岸跨境電商包裹快速成長的商機。「當然，轉型非常非常的困難」，過去長達 10 餘年在英國攻讀碩博士的邱于芸不諱言，台開擁有長年傳統保守規律的制度，卻因此不靈活，如何這個龐大體系下融合彈性的文化，需要一點時間。所幸，獨董洪榮一同樣是留英背景，擁有英國牛津大學分子生物物理學研究所博士學位，學成歸國後也取得國防大學高階戰略與國際事務碩士學位，專長為國際談判、國際開發合作、政策設計與戰略規劃等，勢必可為台開的轉型增添一股新氣象與活力。邱于芸堅定表態，台灣是個創新島，創新的團隊不應受限，因此，在全新的經營團隊到位後，未來的台開會成為後援充足的航空母艦，旗下每一筆土地的專案開發則像一架架的小飛機可各自運作，在穩定之下靈活發揮創造能力；同時，隨著全球供應鏈重組，台開將進化成台開 2.0 版，肩負協助台商在國內擴張或前往海外設廠的任務。,"[['下半兩人', '出局', '臺'], ['我', '要', '直球對決'], ['臺', '開', '('], ['社會大衆', '想到', '土地資產開發公司'], ['曾任', '民進黨', '信保基金'], ['黃茂基', '任職', '聯日半導體聯電'], ['有信心', '表示', '今年資金展延沒有問題'], ['現階段', '就是', '造成問題'], ['黃茂基', '說', '良好'], ['黃茂基', '開始', '擬定'], ['黃茂', '言', '找尋法人'], ['提高臺', '開在', '資本市場'], ['這', '是', '重要一步'], ['臺開', '處在', '高空中亂流'], ['短期財務面', '已有', '因應對策'], ['邱於芸', '諱言', '過去臺開籌資合作'], ['過去臺', '開', '籌資'], ['臺開', '仰賴', '大型標案開發'], ['在', '開發', '豐富經驗'], ['和', '商辦多達', '30'], ['專業經驗', '堪稱', '國內首屈一指'], ['邱於芸', '透露', '已有便利商店洽談共同合作'], ['便利商店', '洽談', '共同合作'], ['每一筆土地', '像', '一個人'], ['以及', '適合', '處理'], ['邱於芸展現', '於', '硬底印象'], ['以往臺', '開給', '外界'], ['邱於芸', '透露', '發展願景'], ['花蓮', '擁有', '筆土地'], ['另一個', '擁有', '地方慶典'], ['除了', '透過', '將'], ['透過元素', '融入', '地方'], ['養生村', '均爲', '拓展方向'], ['開開發區', '活化', '生活周邊機能'], ['長遠願景', '已有', '初步輪廓'], ['邱於芸', '談到', '金門'], ['發揮臺', '開', '保稅倉'], ['邱於芸', '諱言', '靈活'], ['臺開', '擁有', '制度'], ['彈性文化', '需要', '一點時間'], ['獨董洪榮', '是', '留英背景'], ['專長', '增添', '一股新氣象'], ['臺灣', '是', '創新島'], ['未來臺', '成爲', '充足航空母艦'], ['協助臺商', '擴張', '任務']]"
0,20211018_1596,操盤手看台股：漲勢有節奏，把握剛站上十日線的進場時機之前提到隨著大盤低檔盤旋，目前 10 日均線即將扣抵低值，只要指數不再破低，站上 10 日均線且讓 10 日均線順利翻揚的機會就會拉高，多方就有機會進行反攻。果然原先受制於 10 日均線的台股，10/15 日在台積電、聯電領漲下，多方順勢表態上攻，指數站上 10 日均線，單日大漲近 400 點，日 K 線收長紅。隨著台股十日線本週起將翻揚，可望展現助漲力道，為多方迎來更多可操作的時間；後續只要 10 日均線能站穩，則一個短波攻勢的時間有機會超過 3~5 天，不再只是反彈 2~3 天就掉下來，要把握進場的機會。短線上，由於指數站上 10/8 日高點 16771 點，行情短底初步成型；後續觀察先前提過的頸線位置 16838 點能否站上，若能迅速站上，則今年 11~12 月還有行情可期，而中線仍要觀察季線能否站上，目前位置約在 17100 點附近。日前台積電法說釋出正面利多給予市場信心，當中第 3 季單季 EPS 達 6.03 元，營運優於預期，並且預估全年毛利率將高於 50% 水準是重點，顯示漲價效應正在營運上逐漸反應。先前談到晶圓代工漲價，IC 設計跟著調漲晶片報價，終端業者也跟進調漲電子裝置售價；但因市場需求不足，漲價幅度恐不易完全反應的結果，相關供應鏈只能部分吸收成本，進而造成 IC 設計業者因為無法全數轉嫁而毛利率下滑。這個現象對於毛利率不夠高及過去重複下單卡產能的部分 IC 設計業者不利，而對如電源管理 IC、高速傳輸 IC 等這類能見度較高，以及用晶圓價格計算權利金收入的 IP 矽智財業者有利，如力旺、智原、創意、晶心科、M31 等後續要追蹤。另外，隨著全球晶片短缺，台積電持續擴大資本支出，繼中國大陸、美國後，日前已宣布將赴日設廠，此舉讓部分台積電設備商可望受惠，如帆宣、盟立等近日股價轉強表態，也可留意。近期談到隨著時序進入 10 月，明年能見度較高的產業重要性正在增加；市場正在出脫明年營運恐不如今年的公司，接著把資金轉進明年營運將優於今年的公司，而這當中由於大盤破底危機解除，轉換的速度會加快，對於盤面的強勢股要進一步關注，例如電動車供應鏈的廣宇、乙盛 - KY、鴻準、貿聯 - KY 等，電池材料的中華化、美琪瑪、康普、聚和等，第三代半導體如漢磊、永光、越峰等近日股價都維持強勢。至於伺服器在料源緩解，需求續旺下，供應鏈營運也將回溫，如博智、健策、技嘉、AES-KY、泰鼎 - KY 等，近期股價墊高，也值得列入追蹤。對於一個操盤手而言，由於洞悉市場的關鍵在「情緒」！不會因為單日的漲跌就患得患失。按照過往經驗，多方在攻擊時，通常是先以權值股穩住指數，恢復市場信心，接著才是對於成長型的中小型股進行拉抬，故真正的好戲將在本週登場，這裡對於選股要更加用心，更多盤面機會可鎖定 Line@粉絲團。======================================================歡迎大家轉貼本文，並加入《蔡正華金錢道》Line@頻道：（ID：@goldmoney168）Telegram 頻道：（ID：goldmoney168）Youtube 頻道：FB 臉書粉專：本公司所推薦分析之個別有價證券無不當之財務利益關係 以往之績效不保證未來獲利投資人應獨立判斷 審慎評估並自負投資風險,"[['漲勢', '有', '節奏'], ['10日均線', '扣抵', '低值'], ['有機會', '超過', '3天'], ['位置', '在', '17100點附近'], ['日前臺積電法', '說', '給予市場信心'], ['季單季EPS', '達', '6.03元'], ['營運', '優於', '預期'], ['全年毛利率', '高於', '50%'], ['水準', '是', '重點'], [' IC', '設計', '調漲晶片報價'], ['終端業者', '跟進', '電子裝置售價'], ['相關供應鏈', '吸收', '成本'], ['過去', '重複', '卡產能'], ['這個現象', '設計', '業者'], ['臺積電', '擴大', '資本支出'], ['股價', '轉', '表態'], ['近期', '談到', '進入10 月'], ['市場', '出脫', '今年公司'], ['將', '優於', '今年'], ['大盤', '破', '底危機'], ['近日股價', '維持', '強勢'], ['由於關鍵', '在', '情緒'], ['接著', '纔是', '進行拉抬'], ['盤面機會', '鎖定', 'Line@粉絲團'], ['大家', '轉貼', '本文'], ['本公司推薦分析個別有價證券', '無', '財務利益關係'], ['以往績效', '保證', '獲利投資人']]"
0,20211018_1597,盤前財經大事搶先讀2021年10月18日中國第三季 GDP除權息：東哥遊艇、亞銳士經歷《華爾街日報》最近幾週一系列調查性報導、激烈的國會聽證會以及監管機構如何控管臉書的討論聲浪，臉書 () 一直承受著巨大壓力。歐洲央行 (ECB) 總裁拉加德 (Christine Lagarde) 表示，目前全球通膨持續上漲的局面不可能持久，同時承諾在新冠疫情持續影響的情況下，歐洲央行將繼續使用寬鬆政策來支持區經濟。台積電 () 拍板確定赴日設廠，相關設備供應鏈動起來搶攻新商機，其中檢測廠閎康 () 可望直接受惠，閎康已在日本名古屋設立據點，服務汽車及半導體設備兩大客戶，未來台積電委外第三方實驗室訂單可望顯著增加，閎康已規劃明年將在當地投資本支出擴充新產能，大啖台、日半導體擴產商機。上市櫃公司近期將陸續公布第三季財報，代工大廠緯創 ()、和碩 () 因各自持有中國立訊集團 () 股票，今年業外表現除受匯兌影響外，每季也會反映相關股價評價，觀察立訊第三季股價走勢，受新舊產品交替、智慧手錶生產不順等利空消息影響，單季回檔近 2 成，預期將拖累代工廠業外表現。東洋 () 昨 (17) 日宣布，與國際藥廠合作開發治療急性前骨髓細胞白血病學名藥 Arsenic Trioxide，取得美國 FDA 藥證並核准上市，後續將可依約收取里程碑授權金。全球疫情減緩，市場雖普遍看好，各國政策及民間投資，均將帶動基礎建設需求，進而支撐鋼鐵價量；不過由於部分發展中國家，受到疫情衝擊導致財政吃緊，對後續基建投資力道減少，進而影響鋼鐵用量；另一方面，美國基建政策，估到明年下旬才有實質效益，但期間建築成長放緩，多空力道拉扯牽動鋼市需求。全球新冠疫情蔓延，但並不阻擋科技產業前進，其中 5G、電動車的發展趨勢最明顯，包括鴻海 () 等 EMS 大廠都加速迎接商機；全球石英元件產業也加速整合、投資，台商搶先布局取得最佳地位，可望受惠未來商機。,"[['東哥遊艇', '經歷', '調查性報導'], ['監管機構', '控管', '臉書'], ['如何', '控管', '臉書'], [')臉書', '承受', '巨大壓力'], ['總裁拉加德Christine Lagarde', '表示', '持久'], ['歐洲央行', '使用', '寬鬆政策'], ['臺積電委外第三方實驗室訂單', '設立', '據點'], ['上市櫃公司', '公佈', '第三季財報'], ['各自', '因', ')中國立訊集團股票'], ['除', '受', '匯兌影響'], ['業外表現', '反映', '相關股價評價'], ['東洋', '宣佈', '合作'], ['各國政策', '帶動', '基礎建設需求'], ['受到疫情衝擊', '導致', '喫緊'], ['空力道拉扯', '牽動', '鋼市需求'], ['EMS大廠', '迎接', '商機'], ['石英元件產業', '加速', '整合']]"
0,20211018_1598,〈台股盤前要聞〉閎康啖台積新廠商機、組裝廠持股立訊受拖累 今日必看財經新聞關注盤前要聞重點，台積電確定赴日新建特殊製程晶圓廠，檢測廠閎康已在日本名古屋設立據點，可望直接受惠，大啖台日半導體擴產商機；中國立訊集團第三季股價回檔近 2 成，代工大廠緯創、和碩因持有股票，也會反映相關股價評價，業外表現因此受挫。以下是今 (18) 日必看重要財經新聞。台積電 () 拍板確定赴日設廠，相關設備供應鏈動起來搶攻新商機，其中檢測廠閎康 () 可望直接受惠，閎康已在日本名古屋設立據點，服務汽車及半導體設備兩大客戶，未來台積電委外第三方實驗室訂單可望顯著增加，閎康已規劃明年將在當地投資本支出擴充新產能，大啖台、日半導體擴產商機。上市櫃公司近期將陸續公布第三季財報，代工大廠緯創 ()、和碩 () 因各自持有中國立訊集團 () 股票，今年業外表現除受匯兌影響外，每季也會反映相關股價評價，觀察立訊第三季股價走勢，受新舊產品交替、智慧手錶生產不順等利空消息影響，單季回檔近 2 成，預期將拖累代工廠業外表現。東洋 () 昨 (17) 日宣布，與國際藥廠合作開發治療急性前骨髓細胞白血病學名藥 Arsenic Trioxide，取得美國 FDA 藥證並核准上市，後續將可依約收取里程碑授權金。全球疫情減緩，市場雖普遍看好，各國政策及民間投資，均將帶動基礎建設需求，進而支撐鋼鐵價量；不過由於部分發展中國家，受到疫情衝擊導致財政吃緊，對後續基建投資力道減少，進而影響鋼鐵用量；另一方面，美國基建政策，估到明年下旬才有實質效益，但期間建築成長放緩，多空力道拉扯牽動鋼市需求。全球新冠疫情蔓延，但並不阻擋科技產業前進，其中 5G、電動車的發展趨勢最明顯，包括鴻海 () 等 EMS 大廠都加速迎接商機；全球石英元件產業也加速整合、投資，台商搶先布局取得最佳地位，可望受惠未來商機。全球即將面臨通膨危機，不只原物料、貨櫃航運價格持續飆漲，各國為達成碳中和、能源永續目標，也開始研擬碳稅，未來恐進一步推升產業生產成本提高，多位產業大老紛紛憂心示警，如友達 () 董事長彭双浪直言，未來廉價享受將不再，宏碁 () 董座陳俊聖也指出，通膨正持續發生中。記憶體封測廠力成 () 近來營運擴大布局邏輯封測，效益陸續顯現，第三季營收連兩季寫新高；據公開資訊觀測站資料，執行長謝永達 9 月在集中市場買進 2111 張自家持股，也是今年第二度加碼，累計已斥資超過 4 億元。,"[['廠閎康', '設立', '據點'], ['代工大廠緯創', '反映', '相關股價評價'], ['以下', '是', '必看財經新聞'], ['臺積電委外第三方實驗室訂單', '設立', '據點'], ['上市櫃公司', '公佈', '第三季財報'], ['各自', '因', ')中國立訊集團股票'], ['除', '受', '匯兌影響'], ['業外表現', '反映', '相關股價評價'], ['東洋', '宣佈', '合作'], ['各國政策', '帶動', '基礎建設需求'], ['受到疫情衝擊', '導致', '喫緊'], ['空力道拉扯', '牽動', '鋼市需求'], ['EMS大廠', '迎接', '商機'], ['石英元件產業', '加速', '整合'], ['全球', '面臨', '通膨危機'], ['各國', '爲', '達成永續目標'], [' 董事長彭雙浪', '直言', '不再'], [' 董座陳俊聖', '指出', '發生中'], ['記憶體封測廠力', '成', '營運擴大布局邏輯封測'], ['營運', '擴大', '佈局邏輯封測'], ['謝永達', '買進', '2111張自家'], ['執行謝永達買進2111張自家', '也是', '第二度加碼']]"
0,20211017_1599,東洋治療急性骨髓白血病學名藥 獲美國藥證東洋 () 今 (17) 日宣布，與國際藥廠合作開發治療急性前骨髓細胞白血病學名藥 Arsenic Trioxide，取得美國 FDA 藥證並核准上市，後續將可依約收取里程碑授權金。東洋 2018 年與國際大廠合作開發學名藥「三氧化二砷」Arsenic Trioxide，由國際大廠負責歐美等海外市場的註冊與銷售，東洋則依藥品開發時程領取里程碑授權金，藥品上市後，另計供貨利潤。東洋開發的 Arsenic Trioxide 學名藥，2002 年獲食藥署許可領證，也是國內適用急性前骨髓細胞白血病的首張藥證。該藥品不僅有助國內罕病患者，也提供越南、菲律賓、馬來西亞、泰國等東南亞國家醫師團隊用藥選擇，期望未來在美國上市後，用藥人數擴大。東洋表示，Arsenic Trioxide 的原料具高毒性，因此藥品開發過程中，同步擬定對環境友善的製程方案，並與中央大學合作研發砷離子回收技術，將相關技術導入生產過程，讓汙水處理達到可排放標準。東洋指出，有別於歐美大廠致力常見癌別的藥品開發策略，公司 2000 年成立癌症科學發展事業群新部門時，則關注有醫療需求的罕病癌藥，除承擔藥廠的社會責任外，也邁向國際市場的發展策略。,"[['東洋', '治療', '急性骨髓白血病學名藥'], ['三氧化二砷學名藥Arsenic Trioxide', '負責', '海外市場註冊'], ['東洋', '領取', '里程碑授權金'], ['Arsenic Trioxide學名藥', '獲', '許可領證'], ['該藥品', '有助', '罕病患者'], ['東洋', '表示', '擬定製程方案'], ['Arsenic Trioxide原料', '具高', '毒性'], ['東洋', '指出', '藥品開發策略'], ['公司', '成立', '新部門'], ['2000 年', '成立', '新部門'], ['關注罕病癌藥', '有', '醫療需求'], ['除', '承擔', '社會責任']]"
